0	0
1	0
2	0
3	0
4	0
5	0
6	0
7	0
8	0
9	1
10	0
11	1
12	1
13	1
14	2
15	4
16	2
17	0
18	4
19	3
20	0
21	1
22	0
23	0
24	3
25	4
26	10
27	20
28	19
29	20
30	18
31	22
32	32
33	52
34	65
35	73
36	71
37	85
38	68
39	74
40	75
41	82
42	61
43	68
44	59
45	75
46	64
47	71
48	61
49	89
50	74
51	70
52	74
53	90
54	77
55	72
56	51
57	62
58	70
59	68
60	75
61	65
62	66
63	73
64	79
65	69
66	84
67	73
68	57
69	79
70	76
71	69
72	63
73	77
74	80
75	69
76	72
77	69
78	74
79	60
80	60
81	61
82	80
83	71
84	57
85	83
86	72
87	72
88	83
89	72
90	73
91	66
92	63
93	61
94	67
95	88
96	82
97	57
98	71
99	62
100	78
101	69
102	79
103	71
104	71
105	62
106	72
107	70
108	66
109	74
110	71
111	77
112	69
113	72
114	80
115	67
116	68
117	76
118	66
119	72
120	65
121	71
122	68
123	68
124	68
125	71
126	74
127	75
128	82
129	61
130	62
131	69
132	80
133	75
134	78
135	77
136	71
137	66
138	90
139	76
140	70
141	80
142	73
143	71
144	78
145	65
146	59
147	72
148	62
149	75
150	81
151	73
152	81
153	84
154	80
155	61
156	88
157	83
158	86
159	76
160	57
161	83
162	60
163	80
164	83
165	89
166	73
167	72
168	84
169	83
170	70
171	70
172	75
173	80
174	71
175	78
176	62
177	81
178	63
179	80
180	86
181	65
182	71
183	56
184	68
185	80
186	73
187	98
188	80
189	73
190	73
191	94
192	68
193	70
194	70
195	86
196	86
197	74
198	76
199	89
200	75
201	70
202	63
203	81
204	71
205	88
206	72
207	66
208	83
209	74
210	77
211	67
212	71
213	79
214	76
215	73
216	78
217	80
218	64
219	75
220	60
221	67
222	82
223	76
224	69
225	77
226	71
227	72
228	74
229	67
230	57
231	58
232	77
233	81
234	72
235	73
236	76
237	64
238	61
239	69
240	78
241	88
242	83
243	76
244	73
245	90
246	66
247	82
248	66
249	83
250	86
251	71
252	88
253	79
254	93
255	90
256	90
257	89
258	67
259	76
260	88
261	75
262	66
263	81
264	77
265	88
266	83
267	77
268	88
269	76
270	80
271	71
272	70
273	74
274	75
275	77
276	77
277	76
278	81
279	83
280	59
281	90
282	73
283	71
284	91
285	72
286	96
287	80
288	88
289	83
290	97
291	86
292	90
293	69
294	73
295	86
296	79
297	79
298	80
299	96
300	74
301	86
302	96
303	82
304	77
305	68
306	78
307	80
308	99
309	78
310	72
311	93
312	78
313	89
314	70
315	87
316	91
317	85
318	69
319	103
320	102
321	70
322	92
323	102
324	92
325	95
326	86
327	75
328	86
329	104
330	81
331	90
332	99
333	77
334	99
335	103
336	90
337	84
338	89
339	88
340	88
341	100
342	85
343	90
344	76
345	101
346	83
347	91
348	101
349	95
350	76
351	99
352	98
353	80
354	84
355	101
356	82
357	80
358	90
359	115
360	98
361	87
362	89
363	107
364	89
365	80
366	101
367	105
368	89
369	108
370	101
371	101
372	111
373	127
374	117
375	90
376	87
377	99
378	113
379	96
380	105
381	102
382	115
383	111
384	111
385	109
386	104
387	110
388	98
389	99
390	127
391	114
392	99
393	132
394	92
395	100
396	102
397	109
398	107
399	112
400	101
401	111
402	109
403	110
404	113
405	116
406	127
407	114
408	118
409	113
410	127
411	128
412	133
413	134
414	136
415	141
416	128
417	102
418	119
419	121
420	133
421	133
422	114
423	121
424	135
425	128
426	131
427	133
428	126
429	123
430	145
431	135
432	133
433	131
434	137
435	124
436	129
437	137
438	147
439	142
440	131
441	145
442	152
443	148
444	146
445	152
446	155
447	151
448	159
449	153
450	137
451	142
452	146
453	186
454	145
455	167
456	156
457	179
458	169
459	160
460	172
461	177
462	168
463	170
464	184
465	174
466	175
467	186
468	187
469	195
470	198
471	199
472	208
473	187
474	198
475	218
476	212
477	204
478	215
479	221
480	242
481	202
482	204
483	239
484	223
485	243
486	234
487	251
488	237
489	271
490	269
491	251
492	264
493	266
494	248
495	258
496	270
497	288
498	288
499	281
500	289
501	267
502	271
503	280
504	320
505	317
506	297
507	311
508	335
509	337
510	316
511	304
512	314
513	318
514	325
515	331
516	366
517	344
518	338
519	408
520	367
521	406
522	379
523	392
524	383
525	400
526	408
527	460
528	418
529	412
530	424
531	398
532	451
533	454
534	468
535	492
536	460
537	462
538	472
539	511
540	489
541	553
542	538
543	557
544	561
545	547
546	590
547	559
548	608
549	582
550	634
551	639
552	615
553	660
554	638
555	685
556	719
557	731
558	684
559	732
560	775
561	750
562	777
563	748
564	745
565	747
566	828
567	800
568	837
569	841
570	899
571	916
572	876
573	896
574	988
575	1009
576	930
577	989
578	1024
579	1050
580	1045
581	1049
582	1109
583	1141
584	1179
585	1157
586	1189
587	1185
588	1223
589	1271
590	1191
591	1276
592	1321
593	1382
594	1422
595	1389
596	1424
597	1459
598	1444
599	1490
600	1471
601	1577
602	1619
603	1615
604	1540
605	1627
606	1693
607	1715
608	1727
609	1756
610	1757
611	1895
612	1882
613	1813
614	2044
615	1886
616	1994
617	2035
618	2013
619	2028
620	2153
621	2202
622	2200
623	2301
624	2252
625	2357
626	2362
627	2372
628	2492
629	2455
630	2538
631	2542
632	2546
633	2577
634	2745
635	2768
636	2777
637	2838
638	2866
639	3001
640	3018
641	2992
642	3004
643	3124
644	3147
645	3198
646	3279
647	3356
648	3313
649	3465
650	3523
651	3530
652	3526
653	3522
654	3570
655	3700
656	3682
657	3689
658	3883
659	3935
660	3856
661	4063
662	3974
663	4056
664	4113
665	4285
666	4269
667	4376
668	4379
669	4389
670	4502
671	4589
672	4662
673	4750
674	4775
675	4785
676	4815
677	4846
678	5009
679	5056
680	5126
681	5050
682	5085
683	5324
684	5160
685	5413
686	5477
687	5505
688	5482
689	5711
690	5805
691	5675
692	5806
693	5734
694	5685
695	5810
696	5957
697	5969
698	6047
699	6207
700	6147
701	6198
702	6211
703	6316
704	6280
705	6438
706	6404
707	6432
708	6725
709	6554
710	6669
711	6771
712	6818
713	6832
714	7005
715	6834
716	7074
717	7073
718	6980
719	7010
720	7119
721	7165
722	7372
723	7360
724	7249
725	7259
726	7355
727	7448
728	7390
729	7515
730	7509
731	7651
732	7726
733	7630
734	7722
735	7836
736	7836
737	7870
738	8015
739	8103
740	7882
741	8060
742	8001
743	8068
744	8115
745	8192
746	8164
747	8296
748	8331
749	8298
750	8252
751	8386
752	8536
753	8402
754	8438
755	8472
756	8620
757	8566
758	8518
759	8790
760	8837
761	8719
762	8694
763	8724
764	8867
765	8926
766	8957
767	8736
768	8887
769	8971
770	9027
771	9056
772	9156
773	9185
774	9007
775	9181
776	9041
777	9318
778	8944
779	9121
780	9292
781	9322
782	9396
783	9297
784	9381
785	9468
786	9587
787	9378
788	9640
789	9439
790	9787
791	9390
792	9616
793	9582
794	9643
795	9622
796	9623
797	9517
798	9696
799	9683
800	9591
801	9719
802	9854
803	9785
804	9895
805	9834
806	9694
807	9954
808	9914
809	9964
810	9960
811	9945
812	9993
813	10024
814	9894
815	10050
816	10018
817	10079
818	9913
819	10090
820	10203
821	9912
822	10096
823	10143
824	9978
825	10351
826	10132
827	10080
828	10152
829	10278
830	10214
831	10302
832	10351
833	10475
834	10347
835	10462
836	10214
837	10164
838	10227
839	10371
840	10354
841	10360
842	10287
843	10290
844	10423
845	10315
846	10457
847	10425
848	10303
849	10497
850	10318
851	10341
852	10183
853	10385
854	10507
855	10457
856	10378
857	10360
858	10611
859	10496
860	10206
861	10495
862	10365
863	10509
864	10274
865	10587
866	10389
867	10445
868	10435
869	10737
870	10668
871	10269
872	10470
873	10502
874	10517
875	10408
876	10326
877	10448
878	10560
879	10627
880	10449
881	10610
882	10647
883	10395
884	10587
885	10371
886	10461
887	10556
888	10595
889	10561
890	10402
891	10458
892	10391
893	10331
894	10511
895	10346
896	10454
897	10427
898	10727
899	10607
900	10533
901	10273
902	10456
903	10507
904	10460
905	10278
906	10403
907	10317
908	10275
909	10435
910	10470
911	10400
912	10388
913	10309
914	10304
915	10271
916	10381
917	10284
918	10263
919	10180
920	10193
921	10294
922	10216
923	10203
924	10164
925	10199
926	10051
927	10141
928	10293
929	10137
930	10061
931	10224
932	10047
933	10069
934	10189
935	10100
936	10169
937	10134
938	10049
939	10003
940	10134
941	9836
942	9989
943	9926
944	10021
945	9905
946	9833
947	9941
948	10017
949	9997
950	10050
951	9747
952	9799
953	9837
954	9826
955	9944
956	9842
957	9694
958	9877
959	9834
960	9974
961	9663
962	9732
963	9842
964	9722
965	9658
966	9957
967	9885
968	9437
969	9764
970	9463
971	9643
972	9677
973	9560
974	9537
975	9524
976	9345
977	9650
978	9573
979	9596
980	9583
981	9371
982	9462
983	9325
984	9518
985	9451
986	9366
987	9373
988	9349
989	9347
990	9477
991	9166
992	9304
993	9222
994	9224
995	9274
996	9107
997	9039
998	9210
999	9133
1000	9090
1001	9105
1002	9102
1003	8955
1004	9038
1005	9057
1006	9087
1007	8975
1008	8951
1009	8930
1010	8943
1011	8810
1012	8935
1013	8898
1014	8778
1015	8896
1016	8751
1017	8877
1018	8638
1019	8867
1020	8754
1021	8835
1022	8462
1023	8787
1024	8719
1025	8736
1026	8497
1027	8521
1028	8601
1029	8528
1030	8533
1031	8382
1032	8471
1033	8376
1034	8366
1035	8432
1036	8337
1037	8258
1038	8190
1039	8264
1040	8295
1041	8392
1042	8440
1043	8326
1044	8031
1045	8016
1046	8207
1047	8098
1048	8091
1049	8093
1050	8153
1051	7958
1052	7937
1053	7917
1054	8059
1055	8031
1056	7906
1057	7822
1058	7917
1059	7828
1060	7910
1061	7861
1062	7653
1063	7974
1064	7837
1065	7860
1066	7834
1067	7664
1068	7727
1069	7519
1070	7679
1071	7465
1072	7513
1073	7674
1074	7598
1075	7546
1076	7501
1077	7463
1078	7446
1079	7439
1080	7236
1081	7315
1082	7535
1083	7446
1084	7336
1085	7420
1086	7408
1087	7235
1088	7221
1089	7153
1090	7156
1091	7184
1092	7084
1093	7140
1094	7053
1095	7060
1096	6977
1097	6895
1098	7077
1099	6916
1100	6880
1101	6972
1102	7030
1103	6936
1104	6773
1105	6866
1106	6752
1107	6743
1108	6739
1109	6704
1110	6719
1111	6873
1112	6738
1113	6778
1114	6676
1115	6652
1116	6724
1117	6463
1118	6524
1119	6617
1120	6594
1121	6507
1122	6496
1123	6380
1124	6383
1125	6517
1126	6323
1127	6473
1128	6344
1129	6279
1130	6342
1131	6190
1132	6154
1133	6258
1134	6391
1135	6031
1136	6127
1137	6176
1138	6151
1139	6112
1140	6018
1141	6017
1142	5956
1143	5983
1144	6007
1145	5999
1146	5937
1147	5963
1148	5927
1149	5901
1150	5819
1151	5858
1152	5864
1153	5857
1154	5695
1155	5568
1156	5683
1157	5726
1158	5618
1159	5650
1160	5647
1161	5589
1162	5643
1163	5595
1164	5506
1165	5589
1166	5451
1167	5414
1168	5429
1169	5483
1170	5332
1171	5419
1172	5427
1173	5263
1174	5349
1175	5381
1176	5236
1177	5319
1178	5284
1179	5357
1180	5170
1181	5169
1182	5182
1183	5109
1184	5238
1185	5191
1186	5055
1187	5149
1188	5102
1189	4933
1190	4959
1191	5018
1192	5064
1193	4881
1194	5029
1195	4895
1196	4850
1197	4800
1198	4722
1199	4820
1200	4810
1201	4841
1202	4893
1203	4813
1204	4818
1205	4734
1206	4725
1207	4727
1208	4675
1209	4607
1210	4714
1211	4618
1212	4566
1213	4453
1214	4475
1215	4490
1216	4387
1217	4587
1218	4469
1219	4454
1220	4503
1221	4598
1222	4355
1223	4254
1224	4344
1225	4440
1226	4303
1227	4280
1228	4290
1229	4276
1230	4204
1231	4310
1232	4136
1233	4092
1234	4158
1235	4231
1236	4105
1237	4167
1238	4153
1239	4018
1240	4072
1241	3982
1242	4025
1243	3999
1244	3939
1245	3974
1246	3948
1247	3808
1248	3947
1249	3853
1250	3925
1251	3881
1252	3800
1253	3786
1254	3762
1255	3796
1256	3671
1257	3745
1258	3680
1259	3759
1260	3770
1261	3714
1262	3700
1263	3670
1264	3601
1265	3578
1266	3549
1267	3654
1268	3488
1269	3635
1270	3508
1271	3629
1272	3485
1273	3488
1274	3546
1275	3503
1276	3499
1277	3356
1278	3338
1279	3433
1280	3405
1281	3294
1282	3354
1283	3197
1284	3290
1285	3303
1286	3295
1287	3195
1288	3235
1289	3188
1290	3183
1291	3120
1292	3224
1293	3240
1294	3129
1295	3231
1296	3035
1297	3092
1298	3156
1299	3041
1300	3010
1301	3035
1302	3134
1303	2969
1304	3020
1305	3046
1306	3107
1307	3031
1308	2946
1309	3019
1310	2922
1311	2931
1312	2919
1313	2929
1314	2851
1315	2899
1316	2742
1317	2823
1318	2828
1319	2761
1320	2813
1321	2762
1322	2747
1323	2711
1324	2723
1325	2775
1326	2741
1327	2603
1328	2719
1329	2621
1330	2675
1331	2732
1332	2547
1333	2721
1334	2551
1335	2564
1336	2559
1337	2659
1338	2590
1339	2564
1340	2599
1341	2525
1342	2566
1343	2570
1344	2479
1345	2505
1346	2453
1347	2453
1348	2482
1349	2333
1350	2438
1351	2300
1352	2322
1353	2370
1354	2330
1355	2342
1356	2352
1357	2269
1358	2308
1359	2268
1360	2308
1361	2379
1362	2301
1363	2296
1364	2253
1365	2298
1366	2155
1367	2217
1368	2261
1369	2153
1370	2201
1371	2168
1372	2115
1373	2114
1374	2117
1375	2019
1376	2102
1377	2119
1378	2143
1379	2077
1380	2042
1381	2011
1382	2095
1383	2058
1384	2014
1385	2017
1386	2056
1387	2077
1388	1894
1389	1949
1390	1918
1391	1952
1392	1967
1393	1860
1394	1943
1395	1869
1396	1923
1397	1883
1398	1792
1399	1906
1400	1852
1401	1843
1402	1831
1403	1918
1404	1850
1405	1822
1406	1851
1407	1844
1408	1812
1409	1834
1410	1846
1411	1739
1412	1703
1413	1781
1414	1709
1415	1739
1416	1781
1417	1661
1418	1690
1419	1618
1420	1708
1421	1669
1422	1739
1423	1647
1424	1658
1425	1597
1426	1628
1427	1572
1428	1647
1429	1538
1430	1601
1431	1602
1432	1598
1433	1527
1434	1577
1435	1556
1436	1516
1437	1548
1438	1427
1439	1462
1440	1474
1441	1549
1442	1436
1443	1518
1444	1511
1445	1451
1446	1519
1447	1419
1448	1431
1449	1469
1450	1451
1451	1473
1452	1473
1453	1477
1454	1443
1455	1421
1456	1441
1457	1431
1458	1317
1459	1417
1460	1339
1461	1350
1462	1383
1463	1364
1464	1359
1465	1320
1466	1318
1467	1347
1468	1362
1469	1243
1470	1332
1471	1243
1472	1320
1473	1271
1474	1299
1475	1260
1476	1250
1477	1242
1478	1304
1479	1243
1480	1212
1481	1291
1482	1228
1483	1248
1484	1211
1485	1191
1486	1223
1487	1154
1488	1200
1489	1179
1490	1153
1491	1166
1492	1168
1493	1172
1494	1140
1495	1152
1496	1149
1497	1174
1498	1127
1499	1175
1500	1185
1501	1050
1502	1047
1503	1096
1504	1112
1505	1039
1506	1123
1507	1153
1508	1109
1509	1059
1510	1034
1511	1064
1512	1030
1513	1076
1514	1098
1515	1069
1516	1056
1517	1042
1518	1041
1519	1026
1520	957
1521	1025
1522	1064
1523	971
1524	992
1525	984
1526	986
1527	961
1528	945
1529	1003
1530	965
1531	985
1532	953
1533	914
1534	939
1535	916
1536	983
1537	960
1538	920
1539	877
1540	914
1541	941
1542	893
1543	911
1544	893
1545	914
1546	875
1547	869
1548	963
1549	857
1550	872
1551	901
1552	900
1553	875
1554	826
1555	854
1556	838
1557	895
1558	856
1559	830
1560	845
1561	814
1562	822
1563	884
1564	820
1565	828
1566	825
1567	806
1568	807
1569	822
1570	865
1571	826
1572	796
1573	787
1574	749
1575	789
1576	775
1577	763
1578	756
1579	732
1580	755
1581	715
1582	744
1583	724
1584	711
1585	736
1586	712
1587	779
1588	701
1589	711
1590	714
1591	727
1592	720
1593	721
1594	662
1595	724
1596	722
1597	717
1598	699
1599	671
1600	677
1601	714
1602	681
1603	619
1604	651
1605	667
1606	691
1607	645
1608	667
1609	667
1610	645
1611	645
1612	614
1613	672
1614	652
1615	644
1616	647
1617	678
1618	645
1619	643
1620	633
1621	596
1622	617
1623	635
1624	609
1625	605
1626	586
1627	610
1628	554
1629	550
1630	619
1631	610
1632	590
1633	600
1634	568
1635	585
1636	583
1637	549
1638	533
1639	542
1640	536
1641	575
1642	539
1643	551
1644	553
1645	593
1646	525
1647	562
1648	536
1649	541
1650	523
1651	500
1652	507
1653	515
1654	501
1655	526
1656	511
1657	533
1658	529
1659	488
1660	505
1661	495
1662	490
1663	539
1664	540
1665	518
1666	487
1667	471
1668	525
1669	518
1670	480
1671	476
1672	533
1673	506
1674	486
1675	512
1676	497
1677	467
1678	467
1679	491
1680	462
1681	472
1682	469
1683	438
1684	463
1685	441
1686	506
1687	445
1688	452
1689	462
1690	465
1691	446
1692	447
1693	423
1694	444
1695	469
1696	461
1697	470
1698	459
1699	454
1700	451
1701	418
1702	423
1703	452
1704	398
1705	422
1706	428
1707	416
1708	392
1709	420
1710	400
1711	426
1712	438
1713	414
1714	404
1715	429
1716	430
1717	413
1718	406
1719	377
1720	393
1721	353
1722	385
1723	376
1724	382
1725	358
1726	353
1727	370
1728	396
1729	364
1730	381
1731	427
1732	393
1733	392
1734	384
1735	337
1736	362
1737	392
1738	329
1739	390
1740	355
1741	357
1742	339
1743	377
1744	359
1745	357
1746	376
1747	358
1748	373
1749	363
1750	364
1751	357
1752	314
1753	352
1754	367
1755	338
1756	345
1757	356
1758	329
1759	317
1760	336
1761	341
1762	342
1763	328
1764	278
1765	323
1766	323
1767	283
1768	329
1769	316
1770	321
1771	323
1772	293
1773	337
1774	320
1775	312
1776	308
1777	287
1778	332
1779	305
1780	319
1781	328
1782	323
1783	299
1784	310
1785	313
1786	314
1787	301
1788	292
1789	299
1790	311
1791	319
1792	285
1793	314
1794	269
1795	248
1796	288
1797	292
1798	278
1799	281
1800	250
1801	281
1802	292
1803	293
1804	293
1805	268
1806	281
1807	277
1808	253
1809	290
1810	266
1811	289
1812	258
1813	271
1814	282
1815	266
1816	259
1817	256
1818	287
1819	230
1820	253
1821	297
1822	219
1823	271
1824	255
1825	242
1826	266
1827	262
1828	261
1829	246
1830	266
1831	262
1832	265
1833	238
1834	266
1835	236
1836	249
1837	217
1838	232
1839	293
1840	240
1841	255
1842	246
1843	252
1844	252
1845	247
1846	229
1847	232
1848	238
1849	270
1850	238
1851	253
1852	219
1853	235
1854	228
1855	241
1856	229
1857	242
1858	200
1859	236
1860	209
1861	239
1862	230
1863	213
1864	224
1865	233
1866	202
1867	224
1868	236
1869	236
1870	197
1871	223
1872	218
1873	223
1874	229
1875	237
1876	202
1877	199
1878	202
1879	189
1880	186
1881	214
1882	188
1883	211
1884	212
1885	204
1886	178
1887	221
1888	210
1889	211
1890	189
1891	218
1892	172
1893	190
1894	221
1895	212
1896	202
1897	213
1898	190
1899	177
1900	189
1901	187
1902	196
1903	199
1904	170
1905	174
1906	200
1907	184
1908	186
1909	189
1910	196
1911	171
1912	186
1913	153
1914	189
1915	210
1916	194
1917	197
1918	178
1919	188
1920	160
1921	184
1922	202
1923	171
1924	173
1925	197
1926	190
1927	168
1928	192
1929	187
1930	170
1931	180
1932	178
1933	173
1934	158
1935	179
1936	174
1937	177
1938	201
1939	156
1940	159
1941	183
1942	154
1943	182
1944	165
1945	168
1946	169
1947	172
1948	171
1949	162
1950	135
1951	169
1952	151
1953	171
1954	176
1955	166
1956	168
1957	148
1958	145
1959	166
1960	172
1961	162
1962	163
1963	159
1964	151
1965	183
1966	194
1967	144
1968	149
1969	160
1970	147
1971	171
1972	151
1973	172
1974	167
1975	159
1976	146
1977	136
1978	159
1979	160
1980	137
1981	155
1982	130
1983	140
1984	149
1985	134
1986	147
1987	142
1988	152
1989	161
1990	138
1991	136
1992	150
1993	162
1994	140
1995	156
1996	139
1997	147
1998	166
1999	143
2000	131
2001	151
2002	134
2003	128
2004	139
2005	128
2006	150
2007	145
2008	130
2009	120
2010	140
2011	144
2012	148
2013	140
2014	138
2015	124
2016	134
2017	129
2018	110
2019	137
2020	120
2021	127
2022	136
2023	137
2024	130
2025	114
2026	130
2027	136
2028	121
2029	148
2030	130
2031	131
2032	129
2033	127
2034	120
2035	110
2036	118
2037	128
2038	123
2039	118
2040	139
2041	106
2042	111
2043	128
2044	121
2045	112
2046	119
2047	118
2048	122
2049	109
2050	145
2051	114
2052	127
2053	120
2054	125
2055	119
2056	124
2057	117
2058	132
2059	108
2060	119
2061	111
2062	114
2063	127
2064	113
2065	143
2066	113
2067	127
2068	126
2069	134
2070	136
2071	128
2072	114
2073	102
2074	106
2075	120
2076	112
2077	113
2078	115
2079	108
2080	76
2081	103
2082	113
2083	101
2084	103
2085	111
2086	105
2087	123
2088	101
2089	99
2090	111
2091	87
2092	100
2093	113
2094	106
2095	110
2096	80
2097	107
2098	107
2099	147
2100	102
2101	98
2102	77
2103	100
2104	112
2105	107
2106	110
2107	113
2108	113
2109	131
2110	90
2111	125
2112	92
2113	94
2114	89
2115	100
2116	100
2117	87
2118	121
2119	95
2120	102
2121	106
2122	98
2123	87
2124	102
2125	115
2126	94
2127	85
2128	108
2129	107
2130	97
2131	101
2132	98
2133	102
2134	102
2135	98
2136	100
2137	82
2138	110
2139	95
2140	88
2141	112
2142	104
2143	92
2144	119
2145	93
2146	98
2147	97
2148	98
2149	89
2150	86
2151	90
2152	99
2153	84
2154	91
2155	89
2156	91
2157	97
2158	109
2159	92
2160	100
2161	103
2162	108
2163	106
2164	109
2165	80
2166	105
2167	81
2168	97
2169	91
2170	92
2171	88
2172	86
2173	91
2174	95
2175	74
2176	81
2177	72
2178	69
2179	98
2180	91
2181	103
2182	103
2183	86
2184	89
2185	94
2186	92
2187	81
2188	93
2189	85
2190	88
2191	76
2192	89
2193	84
2194	82
2195	71
2196	88
2197	70
2198	80
2199	82
2200	73
2201	84
2202	83
2203	79
2204	80
2205	88
2206	82
2207	93
2208	83
2209	90
2210	78
2211	73
2212	91
2213	93
2214	71
2215	70
2216	71
2217	82
2218	72
2219	79
2220	67
2221	62
2222	76
2223	74
2224	64
2225	90
2226	78
2227	69
2228	81
2229	61
2230	77
2231	86
2232	77
2233	73
2234	76
2235	63
2236	68
2237	95
2238	84
2239	63
2240	83
2241	66
2242	82
2243	65
2244	79
2245	77
2246	74
2247	77
2248	86
2249	66
2250	79
2251	68
2252	70
2253	75
2254	79
2255	80
2256	72
2257	69
2258	66
2259	65
2260	58
2261	74
2262	66
2263	70
2264	82
2265	68
2266	72
2267	76
2268	65
2269	62
2270	82
2271	75
2272	59
2273	74
2274	78
2275	77
2276	66
2277	74
2278	74
2279	72
2280	72
2281	82
2282	83
2283	71
2284	91
2285	52
2286	74
2287	76
2288	69
2289	80
2290	62
2291	70
2292	79
2293	64
2294	82
2295	73
2296	72
2297	76
2298	69
2299	66
2300	70
2301	59
2302	69
2303	61
2304	69
2305	75
2306	76
2307	75
2308	53
2309	78
2310	64
2311	61
2312	73
2313	73
2314	72
2315	67
2316	62
2317	67
2318	67
2319	58
2320	59
2321	62
2322	70
2323	69
2324	71
2325	62
2326	58
2327	54
2328	85
2329	62
2330	69
2331	55
2332	70
2333	75
2334	62
2335	71
2336	63
2337	76
2338	73
2339	64
2340	63
2341	57
2342	61
2343	51
2344	62
2345	46
2346	48
2347	64
2348	56
2349	58
2350	53
2351	59
2352	58
2353	63
2354	58
2355	47
2356	61
2357	63
2358	61
2359	56
2360	40
2361	56
2362	51
2363	74
2364	50
2365	57
2366	49
2367	53
2368	49
2369	56
2370	65
2371	57
2372	61
2373	52
2374	56
2375	66
2376	70
2377	48
2378	53
2379	70
2380	49
2381	50
2382	60
2383	47
2384	59
2385	57
2386	47
2387	55
2388	46
2389	65
2390	57
2391	35
2392	45
2393	59
2394	57
2395	56
2396	52
2397	50
2398	51
2399	56
2400	57
2401	49
2402	51
2403	68
2404	61
2405	50
2406	60
2407	56
2408	48
2409	58
2410	62
2411	53
2412	48
2413	47
2414	46
2415	41
2416	45
2417	52
2418	50
2419	61
2420	56
2421	56
2422	55
2423	52
2424	51
2425	50
2426	55
2427	45
2428	46
2429	40
2430	61
2431	51
2432	57
2433	49
2434	75
2435	42
2436	58
2437	66
2438	72
2439	61
2440	53
2441	44
2442	63
2443	49
2444	51
2445	51
2446	45
2447	36
2448	48
2449	42
2450	43
2451	51
2452	49
2453	41
2454	54
2455	55
2456	55
2457	67
2458	45
2459	41
2460	54
2461	48
2462	42
2463	58
2464	42
2465	45
2466	42
2467	50
2468	47
2469	39
2470	40
2471	60
2472	51
2473	44
2474	42
2475	58
2476	41
2477	44
2478	53
2479	40
2480	49
2481	44
2482	41
2483	54
2484	40
2485	40
2486	38
2487	53
2488	49
2489	53
2490	38
2491	55
2492	30
2493	39
2494	57
2495	43
2496	53
2497	45
2498	45
2499	50
2500	35
2501	47
2502	56
2503	34
2504	43
2505	48
2506	60
2507	50
2508	42
2509	60
2510	33
2511	45
2512	46
2513	35
2514	49
2515	45
2516	42
2517	37
2518	44
2519	53
2520	50
2521	45
2522	46
2523	50
2524	50
2525	32
2526	44
2527	47
2528	46
2529	43
2530	34
2531	46
2532	47
2533	36
2534	31
2535	37
2536	41
2537	29
2538	26
2539	40
2540	49
2541	40
2542	39
2543	43
2544	41
2545	49
2546	40
2547	50
2548	40
2549	44
2550	51
2551	34
2552	46
2553	39
2554	46
2555	38
2556	46
2557	50
2558	45
2559	42
2560	43
2561	44
2562	40
2563	34
2564	55
2565	38
2566	35
2567	39
2568	43
2569	32
2570	31
2571	39
2572	35
2573	36
2574	36
2575	46
2576	31
2577	38
2578	28
2579	38
2580	53
2581	34
2582	42
2583	34
2584	32
2585	44
2586	39
2587	28
2588	40
2589	39
2590	37
2591	32
2592	49
2593	39
2594	29
2595	25
2596	47
2597	47
2598	42
2599	41
2600	40
2601	37
2602	33
2603	37
2604	36
2605	40
2606	26
2607	37
2608	29
2609	37
2610	36
2611	37
2612	37
2613	44
2614	45
2615	33
2616	39
2617	32
2618	42
2619	30
2620	40
2621	39
2622	30
2623	38
2624	45
2625	29
2626	37
2627	28
2628	38
2629	29
2630	49
2631	40
2632	40
2633	33
2634	45
2635	32
2636	32
2637	39
2638	36
2639	37
2640	36
2641	30
2642	35
2643	34
2644	33
2645	40
2646	29
2647	30
2648	30
2649	33
2650	33
2651	31
2652	38
2653	39
2654	35
2655	47
2656	38
2657	43
2658	31
2659	37
2660	28
2661	32
2662	34
2663	33
2664	32
2665	36
2666	38
2667	29
2668	33
2669	36
2670	51
2671	33
2672	26
2673	38
2674	31
2675	44
2676	25
2677	34
2678	26
2679	35
2680	30
2681	40
2682	34
2683	36
2684	28
2685	30
2686	27
2687	32
2688	35
2689	35
2690	30
2691	34
2692	33
2693	36
2694	37
2695	37
2696	26
2697	27
2698	35
2699	50
2700	35
2701	40
2702	38
2703	24
2704	39
2705	31
2706	24
2707	30
2708	34
2709	33
2710	29
2711	27
2712	36
2713	32
2714	47
2715	39
2716	33
2717	28
2718	40
2719	30
2720	31
2721	36
2722	35
2723	26
2724	29
2725	33
2726	25
2727	29
2728	35
2729	40
2730	29
2731	26
2732	28
2733	22
2734	40
2735	32
2736	37
2737	31
2738	20
2739	32
2740	19
2741	34
2742	40
2743	30
2744	33
2745	26
2746	35
2747	30
2748	31
2749	22
2750	25
2751	33
2752	27
2753	36
2754	30
2755	32
2756	28
2757	24
2758	35
2759	37
2760	18
2761	31
2762	24
2763	40
2764	38
2765	31
2766	27
2767	35
2768	25
2769	31
2770	28
2771	23
2772	34
2773	33
2774	37
2775	30
2776	27
2777	33
2778	27
2779	30
2780	35
2781	29
2782	34
2783	26
2784	24
2785	38
2786	31
2787	27
2788	30
2789	26
2790	35
2791	43
2792	30
2793	25
2794	18
2795	31
2796	31
2797	21
2798	28
2799	19
2800	34
2801	18
2802	25
2803	35
2804	32
2805	20
2806	29
2807	37
2808	28
2809	24
2810	35
2811	29
2812	28
2813	22
2814	24
2815	22
2816	29
2817	31
2818	42
2819	26
2820	25
2821	22
2822	28
2823	32
2824	26
2825	27
2826	24
2827	27
2828	27
2829	25
2830	28
2831	27
2832	30
2833	26
2834	22
2835	34
2836	26
2837	24
2838	30
2839	31
2840	25
2841	28
2842	12
2843	30
2844	27
2845	23
2846	33
2847	31
2848	25
2849	24
2850	25
2851	35
2852	23
2853	23
2854	22
2855	36
2856	28
2857	38
2858	27
2859	27
2860	20
2861	29
2862	28
2863	26
2864	28
2865	29
2866	25
2867	23
2868	29
2869	39
2870	22
2871	31
2872	33
2873	27
2874	24
2875	19
2876	28
2877	26
2878	31
2879	26
2880	25
2881	19
2882	22
2883	25
2884	32
2885	28
2886	23
2887	26
2888	29
2889	31
2890	22
2891	23
2892	21
2893	27
2894	24
2895	31
2896	27
2897	23
2898	27
2899	27
2900	24
2901	23
2902	26
2903	21
2904	20
2905	20
2906	18
2907	17
2908	28
2909	24
2910	23
2911	17
2912	26
2913	24
2914	33
2915	26
2916	22
2917	21
2918	25
2919	24
2920	21
2921	27
2922	23
2923	28
2924	23
2925	29
2926	28
2927	25
2928	20
2929	25
2930	28
2931	19
2932	26
2933	28
2934	29
2935	41
2936	22
2937	19
2938	24
2939	19
2940	32
2941	19
2942	23
2943	22
2944	22
2945	20
2946	26
2947	21
2948	21
2949	24
2950	20
2951	21
2952	20
2953	26
2954	22
2955	26
2956	23
2957	21
2958	14
2959	25
2960	26
2961	24
2962	18
2963	29
2964	21
2965	20
2966	29
2967	23
2968	25
2969	24
2970	29
2971	18
2972	20
2973	33
2974	27
2975	21
2976	21
2977	19
2978	29
2979	21
2980	19
2981	14
2982	26
2983	28
2984	23
2985	23
2986	23
2987	22
2988	25
2989	31
2990	13
2991	26
2992	21
2993	29
2994	21
2995	21
2996	36
2997	29
2998	28
2999	19
3000	19
3001	20
3002	23
3003	18
3004	32
3005	33
3006	24
3007	22
3008	23
3009	24
3010	18
3011	21
3012	21
3013	34
3014	20
3015	21
3016	23
3017	27
3018	21
3019	24
3020	16
3021	17
3022	18
3023	24
3024	25
3025	26
3026	20
3027	19
3028	25
3029	22
3030	28
3031	18
3032	14
3033	23
3034	15
3035	17
3036	19
3037	19
3038	25
3039	31
3040	24
3041	19
3042	22
3043	23
3044	16
3045	18
3046	20
3047	23
3048	19
3049	29
3050	18
3051	15
3052	29
3053	20
3054	16
3055	17
3056	31
3057	18
3058	24
3059	25
3060	24
3061	25
3062	19
3063	26
3064	21
3065	15
3066	27
3067	23
3068	25
3069	23
3070	25
3071	21
3072	20
3073	23
3074	23
3075	27
3076	22
3077	12
3078	21
3079	17
3080	27
3081	15
3082	20
3083	21
3084	21
3085	20
3086	22
3087	22
3088	23
3089	23
3090	24
3091	22
3092	15
3093	22
3094	18
3095	30
3096	19
3097	10
3098	20
3099	22
3100	18
3101	13
3102	13
3103	18
3104	21
3105	31
3106	20
3107	22
3108	20
3109	13
3110	18
3111	14
3112	25
3113	23
3114	25
3115	16
3116	20
3117	18
3118	25
3119	16
3120	16
3121	19
3122	24
3123	16
3124	20
3125	25
3126	22
3127	16
3128	27
3129	18
3130	20
3131	12
3132	19
3133	23
3134	19
3135	23
3136	16
3137	17
3138	21
3139	27
3140	21
3141	26
3142	17
3143	25
3144	16
3145	23
3146	27
3147	23
3148	22
3149	16
3150	16
3151	24
3152	19
3153	23
3154	23
3155	17
3156	23
3157	22
3158	23
3159	30
3160	30
3161	20
3162	8
3163	19
3164	10
3165	12
3166	21
3167	19
3168	31
3169	20
3170	20
3171	15
3172	19
3173	20
3174	18
3175	21
3176	28
3177	28
3178	21
3179	24
3180	25
3181	30
3182	28
3183	12
3184	25
3185	24
3186	20
3187	18
3188	11
3189	23
3190	21
3191	14
3192	18
3193	20
3194	21
3195	26
3196	16
3197	23
3198	22
3199	22
3200	15
3201	21
3202	16
3203	24
3204	15
3205	23
3206	10
3207	16
3208	28
3209	18
3210	23
3211	16
3212	17
3213	15
3214	23
3215	19
3216	23
3217	25
3218	12
3219	30
3220	16
3221	18
3222	14
3223	20
3224	11
3225	24
3226	25
3227	19
3228	15
3229	11
3230	22
3231	26
3232	23
3233	19
3234	15
3235	19
3236	20
3237	14
3238	20
3239	16
3240	20
3241	16
3242	21
3243	19
3244	15
3245	21
3246	31
3247	16
3248	16
3249	20
3250	21
3251	22
3252	14
3253	18
3254	18
3255	17
3256	13
3257	11
3258	17
3259	13
3260	18
3261	27
3262	19
3263	18
3264	22
3265	17
3266	19
3267	17
3268	15
3269	23
3270	18
3271	14
3272	22
3273	17
3274	21
3275	20
3276	23
3277	21
3278	29
3279	15
3280	14
3281	29
3282	18
3283	25
3284	11
3285	20
3286	18
3287	22
3288	23
3289	16
3290	23
3291	25
3292	16
3293	15
3294	16
3295	20
3296	23
3297	14
3298	18
3299	26
3300	17
3301	21
3302	27
3303	21
3304	18
3305	15
3306	19
3307	20
3308	17
3309	21
3310	12
3311	21
3312	13
3313	25
3314	18
3315	25
3316	24
3317	16
3318	19
3319	14
3320	17
3321	23
3322	23
3323	7
3324	14
3325	15
3326	13
3327	22
3328	18
3329	13
3330	11
3331	16
3332	14
3333	18
3334	15
3335	24
3336	13
3337	16
3338	17
3339	16
3340	11
3341	21
3342	25
3343	16
3344	10
3345	15
3346	16
3347	16
3348	19
3349	15
3350	23
3351	11
3352	22
3353	21
3354	19
3355	16
3356	16
3357	15
3358	18
3359	18
3360	20
3361	25
3362	20
3363	4
3364	16
3365	20
3366	12
3367	18
3368	14
3369	15
3370	19
3371	17
3372	11
3373	11
3374	21
3375	23
3376	26
3377	15
3378	19
3379	15
3380	13
3381	14
3382	21
3383	17
3384	20
3385	18
3386	9
3387	16
3388	21
3389	22
3390	9
3391	14
3392	19
3393	9
3394	22
3395	10
3396	17
3397	25
3398	20
3399	22
3400	15
3401	19
3402	17
3403	18
3404	12
3405	18
3406	11
3407	18
3408	25
3409	9
3410	12
3411	22
3412	22
3413	18
3414	23
3415	20
3416	25
3417	11
3418	17
3419	21
3420	25
3421	21
3422	14
3423	11
3424	11
3425	10
3426	21
3427	24
3428	11
3429	21
3430	18
3431	13
3432	15
3433	20
3434	15
3435	17
3436	13
3437	16
3438	25
3439	16
3440	22
3441	21
3442	22
3443	16
3444	19
3445	19
3446	18
3447	16
3448	18
3449	18
3450	15
3451	17
3452	11
3453	11
3454	25
3455	13
3456	19
3457	20
3458	17
3459	19
3460	8
3461	16
3462	15
3463	14
3464	10
3465	15
3466	14
3467	18
3468	13
3469	15
3470	14
3471	16
3472	16
3473	9
3474	12
3475	6
3476	14
3477	16
3478	16
3479	13
3480	6
3481	16
3482	14
3483	19
3484	14
3485	13
3486	19
3487	19
3488	19
3489	14
3490	10
3491	19
3492	20
3493	16
3494	20
3495	16
3496	22
3497	19
3498	9
3499	15
3500	14
3501	14
3502	15
3503	16
3504	25
3505	17
3506	13
3507	19
3508	10
3509	26
3510	22
3511	11
3512	18
3513	16
3514	16
3515	20
3516	15
3517	19
3518	20
3519	15
3520	10
3521	7
3522	14
3523	19
3524	19
3525	13
3526	16
3527	19
3528	12
3529	18
3530	17
3531	12
3532	15
3533	18
3534	11
3535	11
3536	16
3537	15
3538	13
3539	17
3540	9
3541	15
3542	14
3543	19
3544	17
3545	20
3546	25
3547	14
3548	15
3549	16
3550	13
3551	17
3552	17
3553	22
3554	10
3555	21
3556	17
3557	25
3558	17
3559	15
3560	19
3561	13
3562	10
3563	15
3564	5
3565	13
3566	18
3567	18
3568	15
3569	18
3570	12
3571	20
3572	15
3573	15
3574	17
3575	21
3576	21
3577	14
3578	23
3579	17
3580	12
3581	16
3582	19
3583	16
3584	13
3585	17
3586	20
3587	24
3588	18
3589	11
3590	11
3591	14
3592	12
3593	18
3594	27
3595	18
3596	20
3597	19
3598	20
3599	20
3600	16
3601	19
3602	11
3603	22
3604	18
3605	12
3606	14
3607	14
3608	18
3609	23
3610	13
3611	18
3612	11
3613	14
3614	18
3615	16
3616	14
3617	15
3618	23
3619	12
3620	14
3621	13
3622	12
3623	12
3624	15
3625	12
3626	16
3627	18
3628	15
3629	15
3630	23
3631	13
3632	21
3633	19
3634	15
3635	22
3636	17
3637	13
3638	8
3639	12
3640	20
3641	20
3642	18
3643	19
3644	13
3645	14
3646	17
3647	11
3648	15
3649	14
3650	16
3651	14
3652	16
3653	15
3654	14
3655	16
3656	18
3657	11
3658	17
3659	14
3660	21
3661	20
3662	13
3663	12
3664	14
3665	17
3666	17
3667	19
3668	16
3669	19
3670	18
3671	19
3672	13
3673	10
3674	16
3675	16
3676	15
3677	15
3678	17
3679	16
3680	17
3681	16
3682	13
3683	14
3684	14
3685	12
3686	13
3687	17
3688	19
3689	18
3690	20
3691	22
3692	23
3693	10
3694	14
3695	23
3696	14
3697	13
3698	11
3699	14
3700	10
3701	14
3702	14
3703	14
3704	26
3705	15
3706	18
3707	11
3708	15
3709	13
3710	14
3711	12
3712	19
3713	11
3714	13
3715	23
3716	14
3717	16
3718	12
3719	24
3720	18
3721	13
3722	13
3723	18
3724	18
3725	17
3726	18
3727	16
3728	9
3729	17
3730	19
3731	22
3732	17
3733	11
3734	17
3735	14
3736	12
3737	13
3738	20
3739	18
3740	9
3741	19
3742	14
3743	10
3744	20
3745	18
3746	18
3747	18
3748	15
3749	20
3750	18
3751	14
3752	17
3753	12
3754	11
3755	15
3756	14
3757	13
3758	11
3759	11
3760	14
3761	9
3762	9
3763	10
3764	12
3765	12
3766	19
3767	13
3768	20
3769	13
3770	14
3771	9
3772	16
3773	18
3774	16
3775	9
3776	12
3777	14
3778	13
3779	23
3780	14
3781	14
3782	20
3783	9
3784	11
3785	15
3786	12
3787	18
3788	19
3789	13
3790	14
3791	16
3792	14
3793	17
3794	17
3795	19
3796	17
3797	9
3798	10
3799	13
3800	16
3801	14
3802	12
3803	17
3804	15
3805	18
3806	19
3807	17
3808	21
3809	11
3810	12
3811	9
3812	19
3813	17
3814	8
3815	11
3816	12
3817	17
3818	18
3819	12
3820	16
3821	17
3822	15
3823	10
3824	17
3825	17
3826	25
3827	16
3828	25
3829	22
3830	11
3831	14
3832	23
3833	12
3834	12
3835	17
3836	7
3837	22
3838	15
3839	17
3840	12
3841	31
3842	11
3843	15
3844	19
3845	14
3846	12
3847	14
3848	9
3849	21
3850	23
3851	15
3852	13
3853	13
3854	9
3855	17
3856	17
3857	20
3858	18
3859	12
3860	15
3861	12
3862	18
3863	17
3864	16
3865	15
3866	16
3867	13
3868	14
3869	15
3870	12
3871	11
3872	11
3873	14
3874	9
3875	19
3876	13
3877	13
3878	7
3879	12
3880	14
3881	13
3882	21
3883	17
3884	16
3885	18
3886	9
3887	15
3888	12
3889	12
3890	17
3891	19
3892	18
3893	19
3894	18
3895	17
3896	9
3897	13
3898	9
3899	19
3900	9
3901	9
3902	22
3903	10
3904	18
3905	14
3906	8
3907	14
3908	17
3909	13
3910	15
3911	12
3912	17
3913	11
3914	15
3915	15
3916	10
3917	12
3918	7
3919	19
3920	16
3921	16
3922	21
3923	18
3924	9
3925	15
3926	12
3927	14
3928	11
3929	14
3930	11
3931	21
3932	14
3933	13
3934	10
3935	20
3936	11
3937	14
3938	13
3939	12
3940	15
3941	19
3942	19
3943	19
3944	13
3945	20
3946	12
3947	19
3948	14
3949	15
3950	18
3951	17
3952	18
3953	18
3954	17
3955	6
3956	10
3957	18
3958	11
3959	13
3960	19
3961	17
3962	15
3963	21
3964	25
3965	8
3966	8
3967	20
3968	15
3969	8
3970	14
3971	20
3972	14
3973	11
3974	13
3975	18
3976	16
3977	18
3978	11
3979	23
3980	26
3981	10
3982	18
3983	10
3984	13
3985	18
3986	17
3987	15
3988	19
3989	18
3990	12
3991	19
3992	14
3993	9
3994	18
3995	9
3996	12
3997	13
3998	12
3999	15
4000	12
4001	15
4002	14
4003	14
4004	11
4005	17
4006	14
4007	7
4008	17
4009	14
4010	11
4011	17
4012	13
4013	19
4014	13
4015	11
4016	28
4017	15
4018	14
4019	15
4020	16
4021	11
4022	13
4023	12
4024	10
4025	15
4026	17
4027	11
4028	8
4029	14
4030	12
4031	16
4032	17
4033	13
4034	13
4035	15
4036	16
4037	15
4038	13
4039	17
4040	17
4041	15
4042	20
4043	14
4044	22
4045	20
4046	25
4047	14
4048	15
4049	21
4050	19
4051	21
4052	14
4053	12
4054	18
4055	9
4056	13
4057	20
4058	11
4059	15
4060	14
4061	24
4062	17
4063	21
4064	11
4065	11
4066	16
4067	15
4068	19
4069	12
4070	17
4071	14
4072	11
4073	19
4074	18
4075	20
4076	20
4077	17
4078	10
4079	13
4080	19
4081	19
4082	14
4083	11
4084	13
4085	10
4086	13
4087	17
4088	24
4089	9
4090	10
4091	11
4092	17
4093	16
4094	25
4095	14
4096	14
4097	9
4098	15
4099	22
4100	14
4101	14
4102	16
4103	17
4104	16
4105	12
4106	17
4107	14
4108	15
4109	11
4110	23
4111	13
4112	13
4113	16
4114	10
4115	11
4116	18
4117	12
4118	13
4119	18
4120	18
4121	14
4122	15
4123	18
4124	10
4125	14
4126	18
4127	20
4128	15
4129	21
4130	14
4131	12
4132	7
4133	12
4134	17
4135	12
4136	15
4137	16
4138	14
4139	11
4140	20
4141	20
4142	23
4143	8
4144	15
4145	10
4146	21
4147	23
4148	12
4149	23
4150	9
4151	14
4152	20
4153	20
4154	13
4155	19
4156	15
4157	18
4158	24
4159	17
4160	16
4161	10
4162	8
4163	19
4164	15
4165	11
4166	15
4167	9
4168	17
4169	11
4170	14
4171	19
4172	15
4173	12
4174	11
4175	16
4176	23
4177	12
4178	13
4179	15
4180	11
4181	18
4182	17
4183	10
4184	15
4185	15
4186	17
4187	9
4188	11
4189	15
4190	21
4191	16
4192	13
4193	21
4194	9
4195	17
4196	22
4197	9
4198	20
4199	13
4200	18
4201	17
4202	14
4203	15
4204	16
4205	15
4206	10
4207	14
4208	16
4209	15
4210	14
4211	20
4212	14
4213	17
4214	6
4215	15
4216	14
4217	13
4218	11
4219	12
4220	16
4221	20
4222	14
4223	15
4224	19
4225	17
4226	13
4227	20
4228	12
4229	12
4230	14
4231	16
4232	13
4233	17
4234	15
4235	19
4236	9
4237	15
4238	19
4239	11
4240	24
4241	15
4242	18
4243	21
4244	12
4245	14
4246	14
4247	15
4248	24
4249	15
4250	21
4251	17
4252	17
4253	12
4254	15
4255	19
4256	13
4257	16
4258	10
4259	17
4260	20
4261	11
4262	20
4263	12
4264	10
4265	16
4266	17
4267	16
4268	12
4269	15
4270	12
4271	14
4272	10
4273	16
4274	11
4275	9
4276	14
4277	20
4278	9
4279	13
4280	20
4281	8
4282	16
4283	14
4284	8
4285	17
4286	14
4287	12
4288	18
4289	13
4290	16
4291	17
4292	14
4293	15
4294	21
4295	15
4296	15
4297	21
4298	8
4299	11
4300	19
4301	15
4302	18
4303	11
4304	12
4305	12
4306	10
4307	20
4308	26
4309	19
4310	18
4311	14
4312	13
4313	15
4314	17
4315	14
4316	15
4317	24
4318	18
4319	9
4320	17
4321	8
4322	12
4323	16
4324	13
4325	14
4326	18
4327	11
4328	10
4329	26
4330	11
4331	18
4332	10
4333	11
4334	10
4335	12
4336	7
4337	16
4338	12
4339	11
4340	15
4341	12
4342	20
4343	11
4344	6
4345	16
4346	23
4347	18
4348	16
4349	18
4350	14
4351	8
4352	6
4353	14
4354	13
4355	16
4356	14
4357	18
4358	23
4359	13
4360	12
4361	17
4362	13
4363	18
4364	19
4365	18
4366	12
4367	16
4368	13
4369	14
4370	16
4371	18
4372	14
4373	17
4374	14
4375	11
4376	11
4377	15
4378	14
4379	16
4380	6
4381	11
4382	5
4383	13
4384	15
4385	10
4386	10
4387	11
4388	15
4389	17
4390	23
4391	14
4392	16
4393	11
4394	8
4395	14
4396	12
4397	11
4398	11
4399	13
4400	19
4401	12
4402	16
4403	17
4404	14
4405	13
4406	16
4407	10
4408	18
4409	14
4410	15
4411	14
4412	10
4413	13
4414	10
4415	12
4416	8
4417	16
4418	17
4419	10
4420	10
4421	14
4422	15
4423	15
4424	21
4425	8
4426	19
4427	14
4428	13
4429	18
4430	15
4431	18
4432	20
4433	13
4434	17
4435	11
4436	15
4437	17
4438	18
4439	10
4440	15
4441	8
4442	23
4443	16
4444	17
4445	20
4446	10
4447	14
4448	13
4449	23
4450	13
4451	18
4452	13
4453	18
4454	18
4455	9
4456	12
4457	16
4458	18
4459	11
4460	12
4461	16
4462	12
4463	10
4464	14
4465	20
4466	16
4467	18
4468	16
4469	15
4470	23
4471	9
4472	19
4473	19
4474	17
4475	10
4476	23
4477	21
4478	5
4479	13
4480	14
4481	9
4482	13
4483	11
4484	7
4485	11
4486	8
4487	8
4488	16
4489	12
4490	15
4491	19
4492	10
4493	11
4494	15
4495	23
4496	12
4497	15
4498	17
4499	15
4500	21
4501	18
4502	13
4503	14
4504	15
4505	13
4506	11
4507	18
4508	14
4509	13
4510	17
4511	20
4512	12
4513	15
4514	17
4515	17
4516	14
4517	10
4518	12
4519	14
4520	16
4521	14
4522	14
4523	14
4524	11
4525	13
4526	17
4527	20
4528	13
4529	19
4530	7
4531	15
4532	20
4533	11
4534	14
4535	17
4536	16
4537	17
4538	20
4539	12
4540	19
4541	14
4542	14
4543	18
4544	17
4545	12
4546	21
4547	17
4548	11
4549	12
4550	15
4551	11
4552	18
4553	11
4554	16
4555	15
4556	16
4557	16
4558	16
4559	6
4560	18
4561	16
4562	26
4563	10
4564	13
4565	23
4566	9
4567	6
4568	9
4569	17
4570	13
4571	18
4572	15
4573	18
4574	21
4575	12
4576	11
4577	13
4578	21
4579	17
4580	16
4581	10
4582	13
4583	14
4584	18
4585	24
4586	17
4587	20
4588	10
4589	14
4590	12
4591	13
4592	20
4593	11
4594	17
4595	11
4596	15
4597	16
4598	20
4599	17
4600	11
4601	15
4602	15
4603	19
4604	10
4605	12
4606	14
4607	10
4608	14
4609	15
4610	14
4611	16
4612	12
4613	18
4614	12
4615	13
4616	14
4617	13
4618	15
4619	10
4620	11
4621	13
4622	11
4623	15
4624	15
4625	12
4626	20
4627	8
4628	17
4629	19
4630	17
4631	21
4632	15
4633	16
4634	12
4635	13
4636	14
4637	12
4638	18
4639	13
4640	22
4641	15
4642	6
4643	13
4644	11
4645	16
4646	19
4647	24
4648	22
4649	10
4650	13
4651	15
4652	16
4653	20
4654	16
4655	18
4656	15
4657	19
4658	20
4659	14
4660	11
4661	15
4662	18
4663	12
4664	18
4665	15
4666	20
4667	18
4668	15
4669	15
4670	17
4671	11
4672	21
4673	19
4674	18
4675	14
4676	17
4677	14
4678	21
4679	12
4680	13
4681	20
4682	11
4683	15
4684	20
4685	15
4686	14
4687	17
4688	19
4689	12
4690	12
4691	15
4692	17
4693	10
4694	24
4695	23
4696	12
4697	15
4698	16
4699	12
4700	15
4701	18
4702	14
4703	17
4704	15
4705	20
4706	15
4707	14
4708	11
4709	12
4710	17
4711	17
4712	4
4713	16
4714	13
4715	17
4716	13
4717	16
4718	12
4719	17
4720	6
4721	12
4722	16
4723	19
4724	15
4725	12
4726	14
4727	16
4728	12
4729	15
4730	13
4731	18
4732	10
4733	9
4734	10
4735	12
4736	12
4737	16
4738	13
4739	12
4740	10
4741	11
4742	21
4743	7
4744	14
4745	16
4746	16
4747	17
4748	19
4749	17
4750	22
4751	16
4752	16
4753	15
4754	10
4755	14
4756	13
4757	12
4758	17
4759	12
4760	19
4761	13
4762	13
4763	21
4764	17
4765	10
4766	19
4767	14
4768	18
4769	19
4770	9
4771	17
4772	18
4773	15
4774	11
4775	13
4776	19
4777	11
4778	15
4779	19
4780	19
4781	19
4782	12
4783	11
4784	14
4785	28
4786	15
4787	21
4788	7
4789	12
4790	20
4791	22
4792	11
4793	18
4794	17
4795	18
4796	15
4797	12
4798	16
4799	18
4800	10
4801	11
4802	11
4803	9
4804	15
4805	12
4806	19
4807	18
4808	8
4809	11
4810	20
4811	16
4812	15
4813	9
4814	10
4815	16
4816	14
4817	16
4818	19
4819	16
4820	12
4821	14
4822	10
4823	15
4824	13
4825	13
4826	13
4827	10
4828	15
4829	18
4830	10
4831	14
4832	16
4833	18
4834	15
4835	18
4836	22
4837	17
4838	11
4839	18
4840	17
4841	15
4842	14
4843	15
4844	17
4845	11
4846	15
4847	13
4848	19
4849	15
4850	16
4851	16
4852	14
4853	23
4854	12
4855	27
4856	13
4857	15
4858	10
4859	7
4860	19
4861	15
4862	11
4863	15
4864	20
4865	13
4866	20
4867	17
4868	15
4869	7
4870	19
4871	11
4872	11
4873	15
4874	12
4875	18
4876	14
4877	12
4878	7
4879	13
4880	16
4881	14
4882	18
4883	9
4884	14
4885	16
4886	18
4887	9
4888	17
4889	17
4890	20
4891	13
4892	12
4893	12
4894	11
4895	16
4896	11
4897	12
4898	9
4899	15
4900	21
4901	8
4902	12
4903	12
4904	12
4905	16
4906	15
4907	10
4908	16
4909	16
4910	12
4911	19
4912	13
4913	20
4914	18
4915	11
4916	16
4917	14
4918	10
4919	15
4920	10
4921	16
4922	7
4923	18
4924	8
4925	19
4926	16
4927	13
4928	14
4929	10
4930	8
4931	11
4932	16
4933	22
4934	20
4935	17
4936	19
4937	9
4938	13
4939	11
4940	12
4941	12
4942	14
4943	10
4944	13
4945	10
4946	19
4947	17
4948	15
4949	9
4950	9
4951	23
4952	17
4953	22
4954	18
4955	18
4956	12
4957	16
4958	11
4959	16
4960	12
4961	15
4962	12
4963	27
4964	12
4965	8
4966	16
4967	14
4968	14
4969	24
4970	11
4971	17
4972	16
4973	18
4974	18
4975	11
4976	13
4977	14
4978	18
4979	12
4980	13
4981	11
4982	15
4983	12
4984	8
4985	14
4986	16
4987	12
4988	12
4989	18
4990	20
4991	15
4992	25
4993	7
4994	13
4995	15
4996	14
4997	16
4998	13
4999	12
5000	14
5001	19
5002	11
5003	18
5004	10
5005	16
5006	15
5007	12
5008	10
5009	12
5010	7
5011	11
5012	14
5013	15
5014	14
5015	14
5016	21
5017	13
5018	5
5019	18
5020	17
5021	19
5022	8
5023	10
5024	7
5025	16
5026	16
5027	13
5028	15
5029	12
5030	13
5031	12
5032	23
5033	18
5034	19
5035	17
5036	17
5037	18
5038	15
5039	14
5040	17
5041	12
5042	13
5043	9
5044	13
5045	21
5046	18
5047	16
5048	21
5049	16
5050	17
5051	11
5052	12
5053	21
5054	15
5055	19
5056	19
5057	8
5058	23
5059	14
5060	16
5061	17
5062	13
5063	11
5064	13
5065	13
5066	21
5067	16
5068	13
5069	17
5070	15
5071	13
5072	4
5073	15
5074	15
5075	9
5076	13
5077	13
5078	21
5079	17
5080	12
5081	16
5082	20
5083	17
5084	15
5085	10
5086	16
5087	16
5088	18
5089	13
5090	19
5091	16
5092	16
5093	23
5094	19
5095	19
5096	17
5097	14
5098	11
5099	11
5100	16
5101	23
5102	10
5103	14
5104	16
5105	17
5106	15
5107	18
5108	18
5109	20
5110	10
5111	20
5112	17
5113	13
5114	13
5115	17
5116	15
5117	13
5118	11
5119	14
5120	16
5121	12
5122	18
5123	15
5124	16
5125	14
5126	19
5127	19
5128	21
5129	12
5130	10
5131	22
5132	10
5133	14
5134	17
5135	15
5136	18
5137	17
5138	19
5139	9
5140	14
5141	13
5142	11
5143	13
5144	14
5145	12
5146	15
5147	13
5148	19
5149	18
5150	12
5151	15
5152	16
5153	12
5154	9
5155	18
5156	16
5157	11
5158	18
5159	14
5160	11
5161	11
5162	17
5163	8
5164	16
5165	18
5166	16
5167	12
5168	10
5169	11
5170	17
5171	19
5172	11
5173	12
5174	11
5175	22
5176	21
5177	16
5178	13
5179	20
5180	11
5181	10
5182	20
5183	12
5184	17
5185	8
5186	11
5187	15
5188	20
5189	17
5190	13
5191	14
5192	15
5193	17
5194	11
5195	12
5196	13
5197	10
5198	18
5199	12
5200	15
5201	17
5202	19
5203	16
5204	17
5205	17
5206	16
5207	14
5208	19
5209	11
5210	16
5211	22
5212	18
5213	15
5214	15
5215	13
5216	9
5217	15
5218	20
5219	14
5220	18
5221	18
5222	8
5223	12
5224	12
5225	15
5226	14
5227	16
5228	8
5229	14
5230	11
5231	10
5232	17
5233	15
5234	15
5235	9
5236	11
5237	9
5238	19
5239	19
5240	17
5241	9
5242	14
5243	17
5244	16
5245	16
5246	18
5247	12
5248	20
5249	21
5250	11
5251	17
5252	13
5253	11
5254	13
5255	16
5256	11
5257	13
5258	12
5259	20
5260	9
5261	12
5262	19
5263	10
5264	14
5265	23
5266	12
5267	10
5268	15
5269	13
5270	24
5271	13
5272	11
5273	15
5274	11
5275	17
5276	16
5277	18
5278	18
5279	13
5280	20
5281	18
5282	13
5283	13
5284	14
5285	15
5286	14
5287	19
5288	13
5289	13
5290	15
5291	13
5292	14
5293	16
5294	7
5295	20
5296	20
5297	15
5298	12
5299	15
5300	13
5301	18
5302	9
5303	11
5304	16
5305	12
5306	22
5307	13
5308	10
5309	7
5310	13
5311	18
5312	15
5313	11
5314	12
5315	18
5316	13
5317	15
5318	12
5319	6
5320	12
5321	9
5322	13
5323	21
5324	20
5325	9
5326	14
5327	14
5328	12
5329	16
5330	21
5331	15
5332	17
5333	18
5334	18
5335	15
5336	18
5337	19
5338	21
5339	16
5340	9
5341	19
5342	13
5343	6
5344	13
5345	15
5346	14
5347	14
5348	12
5349	14
5350	18
5351	17
5352	13
5353	15
5354	13
5355	12
5356	14
5357	22
5358	13
5359	16
5360	9
5361	17
5362	10
5363	17
5364	9
5365	15
5366	9
5367	14
5368	14
5369	20
5370	11
5371	17
5372	9
5373	17
5374	16
5375	14
5376	14
5377	16
5378	13
5379	8
5380	8
5381	12
5382	17
5383	22
5384	11
5385	15
5386	11
5387	13
5388	15
5389	14
5390	14
5391	14
5392	19
5393	9
5394	10
5395	17
5396	11
5397	13
5398	14
5399	9
5400	22
5401	17
5402	8
5403	12
5404	19
5405	16
5406	17
5407	20
5408	13
5409	13
5410	18
5411	22
5412	21
5413	20
5414	15
5415	16
5416	11
5417	14
5418	11
5419	13
5420	9
5421	11
5422	15
5423	17
5424	20
5425	16
5426	12
5427	16
5428	11
5429	11
5430	18
5431	16
5432	10
5433	12
5434	12
5435	19
5436	14
5437	7
5438	19
5439	13
5440	12
5441	17
5442	15
5443	14
5444	11
5445	22
5446	15
5447	13
5448	12
5449	17
5450	13
5451	14
5452	18
5453	14
5454	17
5455	13
5456	17
5457	15
5458	17
5459	11
5460	18
5461	13
5462	15
5463	14
5464	13
5465	11
5466	9
5467	16
5468	18
5469	13
5470	11
5471	16
5472	18
5473	12
5474	14
5475	11
5476	19
5477	12
5478	14
5479	16
5480	15
5481	20
5482	21
5483	19
5484	23
5485	16
5486	13
5487	12
5488	16
5489	14
5490	20
5491	10
5492	11
5493	12
5494	16
5495	13
5496	18
5497	18
5498	14
5499	9
5500	9
5501	18
5502	14
5503	16
5504	13
5505	12
5506	13
5507	11
5508	16
5509	14
5510	10
5511	15
5512	12
5513	18
5514	13
5515	12
5516	12
5517	10
5518	10
5519	8
5520	10
5521	18
5522	19
5523	12
5524	18
5525	15
5526	19
5527	11
5528	8
5529	16
5530	19
5531	12
5532	16
5533	17
5534	16
5535	12
5536	14
5537	12
5538	22
5539	9
5540	26
5541	16
5542	18
5543	17
5544	23
5545	12
5546	15
5547	14
5548	16
5549	15
5550	16
5551	15
5552	15
5553	16
5554	14
5555	17
5556	15
5557	16
5558	17
5559	20
5560	7
5561	20
5562	16
5563	17
5564	20
5565	15
5566	12
5567	15
5568	13
5569	13
5570	22
5571	15
5572	13
5573	17
5574	15
5575	13
5576	19
5577	18
5578	12
5579	15
5580	11
5581	8
5582	10
5583	11
5584	14
5585	12
5586	12
5587	20
5588	22
5589	8
5590	20
5591	18
5592	12
5593	23
5594	13
5595	14
5596	18
5597	9
5598	15
5599	16
5600	9
5601	13
5602	17
5603	14
5604	20
5605	16
5606	13
5607	15
5608	20
5609	16
5610	17
5611	8
5612	12
5613	16
5614	17
5615	17
5616	15
5617	15
5618	13
5619	13
5620	18
5621	15
5622	12
5623	23
5624	14
5625	13
5626	17
5627	16
5628	13
5629	17
5630	11
5631	12
5632	10
5633	18
5634	13
5635	13
5636	16
5637	21
5638	13
5639	18
5640	19
5641	18
5642	16
5643	21
5644	9
5645	10
5646	14
5647	15
5648	18
5649	17
5650	16
5651	18
5652	19
5653	16
5654	9
5655	16
5656	17
5657	21
5658	12
5659	10
5660	14
5661	10
5662	16
5663	15
5664	9
5665	22
5666	12
5667	21
5668	17
5669	17
5670	12
5671	17
5672	11
5673	16
5674	11
5675	17
5676	31
5677	19
5678	15
5679	14
5680	18
5681	17
5682	17
5683	22
5684	15
5685	19
5686	15
5687	18
5688	8
5689	18
5690	21
5691	15
5692	12
5693	12
5694	13
5695	13
5696	10
5697	18
5698	13
5699	13
5700	17
5701	20
5702	16
5703	16
5704	14
5705	11
5706	18
5707	10
5708	16
5709	13
5710	18
5711	17
5712	17
5713	11
5714	14
5715	8
5716	13
5717	16
5718	13
5719	13
5720	14
5721	14
5722	16
5723	13
5724	8
5725	14
5726	18
5727	21
5728	21
5729	16
5730	13
5731	19
5732	17
5733	11
5734	9
5735	19
5736	16
5737	10
5738	16
5739	10
5740	17
5741	26
5742	20
5743	12
5744	19
5745	5
5746	19
5747	20
5748	15
5749	10
5750	16
5751	25
5752	17
5753	14
5754	9
5755	14
5756	12
5757	13
5758	9
5759	19
5760	12
5761	15
5762	17
5763	18
5764	15
5765	14
5766	10
5767	15
5768	8
5769	9
5770	16
5771	10
5772	20
5773	22
5774	18
5775	10
5776	14
5777	19
5778	12
5779	13
5780	16
5781	15
5782	15
5783	17
5784	15
5785	16
5786	10
5787	9
5788	11
5789	13
5790	13
5791	9
5792	11
5793	11
5794	16
5795	14
5796	13
5797	18
5798	13
5799	13
5800	17
5801	24
5802	20
5803	17
5804	11
5805	14
5806	13
5807	14
5808	16
5809	12
5810	16
5811	21
5812	17
5813	11
5814	8
5815	15
5816	11
5817	12
5818	20
5819	14
5820	26
5821	18
5822	14
5823	7
5824	11
5825	18
5826	11
5827	19
5828	16
5829	14
5830	18
5831	25
5832	12
5833	16
5834	18
5835	12
5836	19
5837	13
5838	13
5839	14
5840	18
5841	20
5842	17
5843	19
5844	20
5845	7
5846	15
5847	16
5848	12
5849	14
5850	21
5851	17
5852	11
5853	9
5854	23
5855	15
5856	24
5857	15
5858	8
5859	12
5860	21
5861	19
5862	17
5863	13
5864	16
5865	15
5866	13
5867	18
5868	13
5869	17
5870	11
5871	13
5872	25
5873	17
5874	16
5875	16
5876	8
5877	17
5878	14
5879	20
5880	21
5881	15
5882	17
5883	16
5884	17
5885	20
5886	7
5887	16
5888	18
5889	19
5890	13
5891	14
5892	19
5893	19
5894	15
5895	14
5896	21
5897	11
5898	16
5899	12
5900	21
5901	22
5902	11
5903	15
5904	15
5905	10
5906	13
5907	18
5908	13
5909	16
5910	12
5911	17
5912	17
5913	18
5914	13
5915	16
5916	14
5917	12
5918	14
5919	11
5920	9
5921	17
5922	17
5923	12
5924	9
5925	13
5926	14
5927	13
5928	19
5929	14
5930	11
5931	10
5932	14
5933	25
5934	17
5935	10
5936	14
5937	11
5938	13
5939	15
5940	11
5941	16
5942	14
5943	14
5944	12
5945	26
5946	10
5947	16
5948	18
5949	13
5950	14
5951	25
5952	19
5953	16
5954	17
5955	21
5956	16
5957	15
5958	15
5959	15
5960	15
5961	16
5962	20
5963	11
5964	9
5965	20
5966	19
5967	14
5968	16
5969	9
5970	15
5971	15
5972	23
5973	13
5974	9
5975	17
5976	7
5977	10
5978	19
5979	17
5980	15
5981	9
5982	11
5983	14
5984	19
5985	12
5986	21
5987	17
5988	18
5989	9
5990	12
5991	14
5992	19
5993	18
5994	18
5995	20
5996	13
5997	16
5998	13
5999	10
6000	10
6001	21
6002	13
6003	9
6004	14
6005	18
6006	10
6007	12
6008	15
6009	11
6010	19
6011	22
6012	14
6013	13
6014	12
6015	18
6016	20
6017	15
6018	20
6019	10
6020	16
6021	18
6022	12
6023	23
6024	19
6025	13
6026	12
6027	14
6028	12
6029	19
6030	20
6031	19
6032	3
6033	21
6034	14
6035	14
6036	16
6037	15
6038	11
6039	19
6040	11
6041	16
6042	12
6043	19
6044	16
6045	19
6046	11
6047	20
6048	14
6049	8
6050	13
6051	20
6052	19
6053	16
6054	16
6055	14
6056	12
6057	13
6058	20
6059	14
6060	12
6061	18
6062	14
6063	24
6064	13
6065	13
6066	11
6067	12
6068	8
6069	12
6070	14
6071	18
6072	19
6073	16
6074	12
6075	18
6076	19
6077	16
6078	14
6079	12
6080	17
6081	16
6082	12
6083	14
6084	15
6085	14
6086	16
6087	13
6088	9
6089	13
6090	13
6091	17
6092	8
6093	15
6094	9
6095	18
6096	12
6097	13
6098	18
6099	14
6100	13
6101	17
6102	9
6103	12
6104	18
6105	21
6106	16
6107	12
6108	12
6109	9
6110	15
6111	17
6112	19
6113	21
6114	24
6115	18
6116	25
6117	22
6118	16
6119	21
6120	15
6121	12
6122	12
6123	9
6124	13
6125	17
6126	15
6127	13
6128	9
6129	24
6130	20
6131	18
6132	12
6133	10
6134	16
6135	14
6136	12
6137	17
6138	19
6139	14
6140	6
6141	16
6142	22
6143	11
6144	16
6145	17
6146	24
6147	11
6148	20
6149	21
6150	17
6151	16
6152	15
6153	7
6154	13
6155	18
6156	14
6157	18
6158	15
6159	10
6160	15
6161	16
6162	8
6163	20
6164	12
6165	15
6166	16
6167	12
6168	12
6169	15
6170	14
6171	13
6172	12
6173	14
6174	21
6175	19
6176	14
6177	23
6178	15
6179	12
6180	22
6181	13
6182	11
6183	22
6184	13
6185	13
6186	19
6187	9
6188	21
6189	15
6190	15
6191	13
6192	10
6193	11
6194	15
6195	16
6196	16
6197	17
6198	17
6199	15
6200	24
6201	16
6202	20
6203	13
6204	15
6205	25
6206	11
6207	13
6208	18
6209	18
6210	14
6211	12
6212	14
6213	15
6214	13
6215	15
6216	15
6217	12
6218	13
6219	13
6220	6
6221	18
6222	18
6223	12
6224	19
6225	17
6226	10
6227	15
6228	17
6229	15
6230	20
6231	7
6232	11
6233	13
6234	11
6235	19
6236	16
6237	20
6238	12
6239	14
6240	16
6241	13
6242	18
6243	21
6244	11
6245	20
6246	16
6247	23
6248	10
6249	22
6250	11
6251	16
6252	12
6253	14
6254	10
6255	15
6256	14
6257	8
6258	17
6259	10
6260	16
6261	17
6262	25
6263	20
6264	19
6265	15
6266	14
6267	19
6268	13
6269	23
6270	13
6271	15
6272	19
6273	13
6274	17
6275	16
6276	18
6277	19
6278	20
6279	19
6280	12
6281	11
6282	16
6283	26
6284	11
6285	12
6286	10
6287	19
6288	16
6289	13
6290	19
6291	17
6292	12
6293	17
6294	20
6295	16
6296	12
6297	24
6298	14
6299	19
6300	12
6301	12
6302	23
6303	13
6304	12
6305	14
6306	11
6307	18
6308	10
6309	12
6310	20
6311	17
6312	12
6313	17
6314	14
6315	20
6316	21
6317	13
6318	9
6319	20
6320	17
6321	16
6322	16
6323	16
6324	16
6325	17
6326	7
6327	18
6328	9
6329	20
6330	13
6331	19
6332	12
6333	13
6334	18
6335	18
6336	12
6337	10
6338	17
6339	18
6340	14
6341	12
6342	9
6343	19
6344	10
6345	16
6346	13
6347	17
6348	13
6349	14
6350	15
6351	13
6352	12
6353	22
6354	21
6355	18
6356	20
6357	14
6358	15
6359	17
6360	14
6361	13
6362	10
6363	16
6364	16
6365	13
6366	21
6367	18
6368	14
6369	14
6370	18
6371	12
6372	16
6373	15
6374	19
6375	17
6376	14
6377	15
6378	15
6379	16
6380	12
6381	19
6382	28
6383	15
6384	27
6385	13
6386	20
6387	16
6388	17
6389	7
6390	15
6391	19
6392	11
6393	11
6394	16
6395	14
6396	14
6397	20
6398	14
6399	16
6400	14
6401	17
6402	13
6403	18
6404	14
6405	13
6406	15
6407	13
6408	20
6409	16
6410	21
6411	18
6412	13
6413	12
6414	16
6415	13
6416	17
6417	13
6418	13
6419	19
6420	10
6421	15
6422	13
6423	6
6424	18
6425	16
6426	15
6427	10
6428	13
6429	17
6430	13
6431	17
6432	19
6433	15
6434	19
6435	13
6436	12
6437	17
6438	22
6439	20
6440	20
6441	13
6442	14
6443	18
6444	21
6445	13
6446	11
6447	16
6448	21
6449	13
6450	12
6451	16
6452	16
6453	18
6454	28
6455	10
6456	11
6457	20
6458	19
6459	18
6460	20
6461	16
6462	21
6463	13
6464	10
6465	14
6466	11
6467	12
6468	12
6469	9
6470	12
6471	13
6472	18
6473	23
6474	13
6475	14
6476	16
6477	18
6478	16
6479	17
6480	15
6481	13
6482	27
6483	22
6484	9
6485	14
6486	14
6487	18
6488	18
6489	13
6490	21
6491	22
6492	16
6493	13
6494	19
6495	18
6496	18
6497	16
6498	11
6499	12
6500	11
6501	11
6502	18
6503	24
6504	16
6505	15
6506	13
6507	19
6508	13
6509	11
6510	17
6511	14
6512	13
6513	15
6514	16
6515	13
6516	12
6517	17
6518	18
6519	11
6520	16
6521	13
6522	16
6523	15
6524	15
6525	13
6526	14
6527	13
6528	20
6529	17
6530	17
6531	11
6532	18
6533	10
6534	10
6535	16
6536	15
6537	19
6538	9
6539	10
6540	7
6541	12
6542	16
6543	17
6544	14
6545	17
6546	15
6547	11
6548	11
6549	21
6550	16
6551	14
6552	15
6553	16
6554	13
6555	20
6556	12
6557	15
6558	19
6559	14
6560	13
6561	10
6562	16
6563	16
6564	18
6565	14
6566	14
6567	14
6568	15
6569	15
6570	12
6571	18
6572	18
6573	11
6574	21
6575	24
6576	21
6577	10
6578	21
6579	13
6580	21
6581	15
6582	18
6583	16
6584	16
6585	22
6586	22
6587	17
6588	14
6589	27
6590	11
6591	12
6592	15
6593	14
6594	7
6595	12
6596	10
6597	12
6598	11
6599	20
6600	17
6601	14
6602	7
6603	16
6604	17
6605	18
6606	10
6607	9
6608	18
6609	14
6610	13
6611	19
6612	14
6613	13
6614	14
6615	17
6616	19
6617	11
6618	17
6619	21
6620	17
6621	16
6622	12
6623	19
6624	21
6625	14
6626	18
6627	14
6628	20
6629	9
6630	21
6631	29
6632	21
6633	12
6634	18
6635	17
6636	20
6637	18
6638	14
6639	11
6640	20
6641	16
6642	15
6643	13
6644	16
6645	23
6646	23
6647	15
6648	12
6649	12
6650	11
6651	14
6652	13
6653	16
6654	11
6655	21
6656	20
6657	12
6658	14
6659	12
6660	13
6661	24
6662	13
6663	14
6664	11
6665	15
6666	13
6667	13
6668	11
6669	18
6670	14
6671	17
6672	17
6673	22
6674	20
6675	15
6676	17
6677	23
6678	13
6679	16
6680	19
6681	15
6682	19
6683	19
6684	17
6685	10
6686	16
6687	7
6688	21
6689	13
6690	5
6691	15
6692	15
6693	11
6694	12
6695	16
6696	12
6697	13
6698	18
6699	12
6700	13
6701	16
6702	17
6703	14
6704	13
6705	22
6706	15
6707	16
6708	14
6709	15
6710	23
6711	10
6712	13
6713	15
6714	14
6715	7
6716	11
6717	16
6718	14
6719	16
6720	28
6721	23
6722	18
6723	14
6724	12
6725	9
6726	9
6727	14
6728	8
6729	13
6730	14
6731	15
6732	13
6733	14
6734	16
6735	16
6736	17
6737	18
6738	15
6739	9
6740	17
6741	9
6742	16
6743	17
6744	13
6745	15
6746	13
6747	15
6748	22
6749	16
6750	15
6751	13
6752	14
6753	16
6754	18
6755	14
6756	13
6757	20
6758	11
6759	14
6760	13
6761	16
6762	11
6763	17
6764	13
6765	16
6766	9
6767	23
6768	13
6769	15
6770	13
6771	13
6772	11
6773	18
6774	10
6775	13
6776	15
6777	18
6778	15
6779	15
6780	12
6781	16
6782	19
6783	21
6784	15
6785	20
6786	7
6787	15
6788	12
6789	13
6790	14
6791	21
6792	13
6793	15
6794	16
6795	15
6796	27
6797	18
6798	8
6799	13
6800	15
6801	16
6802	21
6803	15
6804	16
6805	19
6806	12
6807	17
6808	12
6809	14
6810	13
6811	16
6812	11
6813	15
6814	10
6815	9
6816	18
6817	18
6818	21
6819	13
6820	16
6821	9
6822	14
6823	10
6824	17
6825	23
6826	12
6827	15
6828	10
6829	23
6830	13
6831	21
6832	22
6833	18
6834	18
6835	18
6836	27
6837	19
6838	15
6839	17
6840	12
6841	11
6842	28
6843	14
6844	18
6845	16
6846	17
6847	17
6848	15
6849	15
6850	14
6851	17
6852	24
6853	16
6854	18
6855	12
6856	22
6857	13
6858	15
6859	13
6860	18
6861	13
6862	9
6863	15
6864	16
6865	19
6866	15
6867	18
6868	24
6869	14
6870	21
6871	11
6872	12
6873	13
6874	20
6875	18
6876	17
6877	15
6878	10
6879	23
6880	17
6881	17
6882	24
6883	13
6884	11
6885	25
6886	15
6887	21
6888	10
6889	16
6890	15
6891	13
6892	18
6893	11
6894	24
6895	12
6896	11
6897	11
6898	19
6899	17
6900	12
6901	13
6902	17
6903	21
6904	15
6905	14
6906	16
6907	17
6908	18
6909	17
6910	8
6911	7
6912	13
6913	18
6914	24
6915	16
6916	11
6917	7
6918	17
6919	13
6920	17
6921	14
6922	13
6923	6
6924	17
6925	15
6926	8
6927	15
6928	13
6929	16
6930	16
6931	14
6932	15
6933	9
6934	20
6935	15
6936	17
6937	9
6938	16
6939	10
6940	14
6941	16
6942	19
6943	12
6944	14
6945	18
6946	17
6947	17
6948	10
6949	21
6950	10
6951	16
6952	21
6953	14
6954	18
6955	22
6956	14
6957	6
6958	10
6959	15
6960	15
6961	17
6962	13
6963	10
6964	18
6965	11
6966	19
6967	7
6968	11
6969	14
6970	20
6971	12
6972	18
6973	9
6974	13
6975	16
6976	14
6977	14
6978	10
6979	17
6980	22
6981	16
6982	15
6983	20
6984	14
6985	13
6986	20
6987	17
6988	21
6989	15
6990	11
6991	14
6992	16
6993	18
6994	19
6995	14
6996	18
6997	17
6998	12
6999	16
7000	12
7001	19
7002	15
7003	14
7004	9
7005	16
7006	16
7007	15
7008	17
7009	17
7010	10
7011	12
7012	9
7013	8
7014	21
7015	13
7016	15
7017	19
7018	19
7019	17
7020	25
7021	20
7022	17
7023	27
7024	14
7025	13
7026	18
7027	19
7028	15
7029	16
7030	15
7031	24
7032	9
7033	20
7034	8
7035	4
7036	22
7037	10
7038	10
7039	12
7040	17
7041	13
7042	21
7043	22
7044	16
7045	15
7046	13
7047	14
7048	12
7049	20
7050	17
7051	13
7052	18
7053	16
7054	19
7055	17
7056	24
7057	14
7058	13
7059	19
7060	10
7061	14
7062	17
7063	24
7064	15
7065	14
7066	16
7067	13
7068	21
7069	10
7070	12
7071	7
7072	16
7073	16
7074	17
7075	16
7076	15
7077	22
7078	22
7079	15
7080	13
7081	15
7082	15
7083	14
7084	15
7085	21
7086	16
7087	15
7088	14
7089	14
7090	11
7091	16
7092	16
7093	13
7094	18
7095	16
7096	19
7097	15
7098	8
7099	25
7100	17
7101	18
7102	16
7103	15
7104	13
7105	16
7106	11
7107	22
7108	21
7109	12
7110	13
7111	18
7112	14
7113	16
7114	15
7115	20
7116	13
7117	17
7118	19
7119	13
7120	19
7121	14
7122	16
7123	13
7124	17
7125	10
7126	20
7127	16
7128	15
7129	17
7130	19
7131	20
7132	14
7133	17
7134	22
7135	12
7136	17
7137	18
7138	17
7139	17
7140	10
7141	13
7142	8
7143	19
7144	14
7145	19
7146	14
7147	10
7148	12
7149	16
7150	10
7151	29
7152	14
7153	15
7154	13
7155	14
7156	10
7157	14
7158	17
7159	21
7160	10
7161	12
7162	18
7163	17
7164	15
7165	14
7166	11
7167	16
7168	19
7169	20
7170	10
7171	17
7172	17
7173	15
7174	10
7175	21
7176	15
7177	17
7178	13
7179	9
7180	13
7181	17
7182	17
7183	24
7184	15
7185	19
7186	21
7187	16
7188	19
7189	17
7190	16
7191	19
7192	14
7193	20
7194	16
7195	17
7196	14
7197	16
7198	20
7199	13
7200	16
7201	10
7202	17
7203	19
7204	19
7205	15
7206	19
7207	20
7208	18
7209	12
7210	19
7211	17
7212	12
7213	11
7214	23
7215	14
7216	15
7217	17
7218	10
7219	8
7220	18
7221	13
7222	14
7223	11
7224	14
7225	21
7226	11
7227	15
7228	16
7229	26
7230	15
7231	22
7232	15
7233	14
7234	19
7235	14
7236	18
7237	18
7238	14
7239	17
7240	18
7241	19
7242	18
7243	7
7244	10
7245	11
7246	14
7247	14
7248	19
7249	21
7250	12
7251	19
7252	5
7253	25
7254	19
7255	17
7256	16
7257	14
7258	14
7259	16
7260	14
7261	15
7262	11
7263	11
7264	16
7265	14
7266	18
7267	8
7268	25
7269	9
7270	16
7271	10
7272	16
7273	22
7274	20
7275	10
7276	21
7277	12
7278	12
7279	17
7280	15
7281	19
7282	16
7283	14
7284	16
7285	23
7286	12
7287	22
7288	17
7289	13
7290	12
7291	14
7292	12
7293	11
7294	14
7295	15
7296	19
7297	18
7298	16
7299	21
7300	22
7301	15
7302	19
7303	11
7304	15
7305	9
7306	13
7307	20
7308	15
7309	21
7310	15
7311	12
7312	17
7313	16
7314	20
7315	12
7316	15
7317	12
7318	19
7319	12
7320	9
7321	14
7322	20
7323	10
7324	16
7325	17
7326	29
7327	17
7328	17
7329	15
7330	20
7331	15
7332	25
7333	17
7334	17
7335	14
7336	15
7337	19
7338	14
7339	19
7340	19
7341	17
7342	21
7343	22
7344	16
7345	18
7346	18
7347	17
7348	15
7349	17
7350	12
7351	16
7352	14
7353	22
7354	16
7355	12
7356	10
7357	17
7358	22
7359	16
7360	14
7361	16
7362	16
7363	18
7364	22
7365	13
7366	16
7367	11
7368	11
7369	14
7370	20
7371	22
7372	11
7373	14
7374	18
7375	19
7376	20
7377	11
7378	21
7379	17
7380	22
7381	13
7382	23
7383	14
7384	17
7385	13
7386	19
7387	22
7388	17
7389	17
7390	20
7391	6
7392	11
7393	20
7394	12
7395	18
7396	17
7397	13
7398	19
7399	13
7400	22
7401	15
7402	7
7403	18
7404	18
7405	20
7406	19
7407	11
7408	14
7409	17
7410	16
7411	13
7412	16
7413	15
7414	21
7415	19
7416	17
7417	17
7418	24
7419	18
7420	15
7421	14
7422	17
7423	18
7424	26
7425	11
7426	15
7427	19
7428	18
7429	25
7430	16
7431	23
7432	16
7433	25
7434	24
7435	15
7436	16
7437	18
7438	13
7439	13
7440	18
7441	24
7442	27
7443	12
7444	16
7445	12
7446	12
7447	14
7448	17
7449	15
7450	12
7451	11
7452	18
7453	16
7454	10
7455	17
7456	15
7457	12
7458	18
7459	21
7460	14
7461	13
7462	15
7463	11
7464	16
7465	13
7466	14
7467	20
7468	19
7469	18
7470	19
7471	18
7472	20
7473	19
7474	16
7475	16
7476	16
7477	8
7478	17
7479	17
7480	18
7481	25
7482	13
7483	20
7484	17
7485	15
7486	12
7487	11
7488	16
7489	12
7490	18
7491	18
7492	15
7493	15
7494	14
7495	11
7496	19
7497	14
7498	21
7499	20
7500	15
7501	25
7502	14
7503	14
7504	24
7505	12
7506	16
7507	17
7508	14
7509	16
7510	21
7511	13
7512	17
7513	12
7514	24
7515	24
7516	21
7517	13
7518	14
7519	13
7520	11
7521	15
7522	13
7523	15
7524	11
7525	25
7526	18
7527	26
7528	18
7529	16
7530	13
7531	14
7532	27
7533	13
7534	14
7535	10
7536	28
7537	12
7538	27
7539	17
7540	14
7541	17
7542	13
7543	11
7544	16
7545	8
7546	14
7547	14
7548	13
7549	24
7550	27
7551	13
7552	20
7553	19
7554	14
7555	27
7556	17
7557	18
7558	13
7559	15
7560	13
7561	15
7562	17
7563	18
7564	13
7565	15
7566	18
7567	11
7568	18
7569	13
7570	14
7571	11
7572	19
7573	19
7574	16
7575	20
7576	13
7577	18
7578	15
7579	16
7580	21
7581	13
7582	10
7583	23
7584	13
7585	16
7586	18
7587	19
7588	16
7589	15
7590	15
7591	15
7592	21
7593	19
7594	16
7595	20
7596	17
7597	11
7598	10
7599	21
7600	15
7601	24
7602	17
7603	14
7604	15
7605	15
7606	16
7607	17
7608	15
7609	14
7610	15
7611	19
7612	20
7613	15
7614	17
7615	11
7616	16
7617	11
7618	8
7619	14
7620	17
7621	17
7622	18
7623	25
7624	13
7625	9
7626	19
7627	24
7628	20
7629	22
7630	18
7631	13
7632	21
7633	19
7634	8
7635	14
7636	16
7637	17
7638	12
7639	16
7640	20
7641	20
7642	23
7643	19
7644	14
7645	12
7646	18
7647	13
7648	12
7649	16
7650	15
7651	12
7652	16
7653	19
7654	18
7655	19
7656	21
7657	14
7658	13
7659	17
7660	13
7661	8
7662	19
7663	18
7664	17
7665	12
7666	11
7667	13
7668	15
7669	9
7670	24
7671	5
7672	16
7673	15
7674	11
7675	19
7676	17
7677	9
7678	19
7679	15
7680	17
7681	7
7682	13
7683	20
7684	9
7685	18
7686	21
7687	10
7688	20
7689	14
7690	16
7691	14
7692	14
7693	15
7694	21
7695	21
7696	19
7697	12
7698	20
7699	12
7700	12
7701	15
7702	19
7703	16
7704	13
7705	15
7706	13
7707	19
7708	16
7709	14
7710	15
7711	17
7712	16
7713	14
7714	11
7715	13
7716	17
7717	15
7718	19
7719	19
7720	19
7721	16
7722	9
7723	12
7724	21
7725	14
7726	14
7727	19
7728	20
7729	10
7730	19
7731	14
7732	18
7733	19
7734	12
7735	13
7736	14
7737	18
7738	17
7739	11
7740	15
7741	16
7742	18
7743	22
7744	12
7745	15
7746	17
7747	17
7748	15
7749	13
7750	19
7751	12
7752	20
7753	19
7754	20
7755	18
7756	20
7757	12
7758	13
7759	15
7760	15
7761	16
7762	17
7763	10
7764	13
7765	14
7766	19
7767	20
7768	15
7769	15
7770	16
7771	16
7772	14
7773	15
7774	14
7775	17
7776	15
7777	19
7778	16
7779	18
7780	13
7781	25
7782	25
7783	19
7784	19
7785	16
7786	13
7787	13
7788	21
7789	18
7790	12
7791	22
7792	15
7793	20
7794	17
7795	17
7796	19
7797	21
7798	15
7799	13
7800	10
7801	22
7802	11
7803	17
7804	14
7805	13
7806	14
7807	14
7808	16
7809	15
7810	17
7811	14
7812	17
7813	21
7814	16
7815	10
7816	15
7817	24
7818	15
7819	14
7820	11
7821	22
7822	20
7823	13
7824	15
7825	12
7826	14
7827	20
7828	23
7829	22
7830	21
7831	13
7832	17
7833	20
7834	17
7835	16
7836	13
7837	26
7838	7
7839	14
7840	27
7841	20
7842	8
7843	11
7844	17
7845	13
7846	13
7847	18
7848	16
7849	15
7850	12
7851	15
7852	19
7853	14
7854	28
7855	15
7856	18
7857	21
7858	18
7859	12
7860	15
7861	17
7862	17
7863	15
7864	13
7865	17
7866	22
7867	17
7868	15
7869	15
7870	18
7871	26
7872	17
7873	21
7874	15
7875	15
7876	24
7877	13
7878	13
7879	13
7880	15
7881	16
7882	15
7883	13
7884	11
7885	23
7886	19
7887	17
7888	23
7889	18
7890	22
7891	14
7892	17
7893	11
7894	18
7895	9
7896	18
7897	17
7898	22
7899	17
7900	13
7901	12
7902	14
7903	16
7904	11
7905	15
7906	22
7907	13
7908	11
7909	16
7910	13
7911	22
7912	17
7913	10
7914	14
7915	16
7916	24
7917	14
7918	18
7919	11
7920	17
7921	27
7922	13
7923	12
7924	14
7925	16
7926	18
7927	14
7928	20
7929	9
7930	17
7931	13
7932	21
7933	20
7934	16
7935	19
7936	14
7937	12
7938	9
7939	14
7940	17
7941	24
7942	11
7943	13
7944	16
7945	15
7946	15
7947	16
7948	21
7949	9
7950	19
7951	19
7952	13
7953	23
7954	13
7955	9
7956	11
7957	18
7958	15
7959	24
7960	16
7961	19
7962	16
7963	13
7964	20
7965	12
7966	21
7967	18
7968	14
7969	17
7970	14
7971	13
7972	30
7973	15
7974	11
7975	16
7976	11
7977	19
7978	7
7979	19
7980	13
7981	16
7982	23
7983	25
7984	17
7985	5
7986	15
7987	15
7988	16
7989	15
7990	18
7991	5
7992	20
7993	15
7994	15
7995	17
7996	17
7997	23
7998	11
7999	19
8000	10
8001	10
8002	11
8003	15
8004	8
8005	12
8006	20
8007	13
8008	14
8009	22
8010	12
8011	8
8012	8
8013	7
8014	5
8015	0
8016	0
8017	0
8018	0
8019	0
8020	1
8021	0
8022	0
8023	0
8024	0
8025	0
8026	0
8027	0
8028	0
8029	0
8030	0
8031	0
8032	0
8033	0
8034	0
8035	0
8036	0
8037	0
8038	0
8039	0
8040	0
8041	0
8042	0
8043	0
8044	0
8045	0
8046	0
8047	0
8048	0
8049	0
8050	0
8051	0
8052	0
8053	0
8054	0
8055	0
8056	0
8057	0
8058	0
8059	0
8060	0
8061	0
8062	0
8063	0
8064	0
8065	0
8066	0
8067	0
8068	0
8069	0
8070	0
8071	0
8072	0
8073	0
8074	0
8075	0
8076	0
8077	0
8078	0
8079	0
8080	0
8081	0
8082	0
8083	0
8084	0
8085	0
8086	0
8087	0
8088	0
8089	0
8090	0
8091	0
8092	0
8093	0
8094	0
8095	0
8096	0
8097	0
8098	0
8099	0
8100	0
8101	0
8102	0
8103	0
8104	0
8105	0
8106	0
8107	0
8108	0
8109	0
8110	0
8111	0
8112	0
8113	0
8114	0
8115	0
8116	0
8117	0
8118	0
8119	0
8120	0
8121	0
8122	0
8123	0
8124	0
8125	0
8126	0
8127	0
8128	0
8129	0
8130	0
8131	0
8132	0
8133	0
8134	0
8135	0
8136	0
8137	0
8138	0
8139	0
8140	0
8141	0
8142	0
8143	0
8144	0
8145	0
8146	0
8147	0
8148	0
8149	0
8150	0
8151	0
8152	0
8153	0
8154	0
8155	0
8156	0
8157	0
8158	0
8159	0
8160	0
8161	0
8162	0
8163	0
8164	0
8165	0
8166	0
8167	0
8168	0
8169	0
8170	0
8171	0
8172	0
8173	0
8174	0
8175	0
8176	0
8177	0
8178	0
8179	0
8180	0
8181	0
8182	0
8183	0
8184	0
8185	0
8186	0
8187	0
8188	0
8189	0
8190	0
8191	0
