-12.4023	0
-12.335	0
-12.2678	0
-12.2005	0
-12.1332	0
-12.066	0
-11.9987	0
-11.9314	0
-11.8642	0
-11.7969	0
-11.7296	0
-11.6623	0
-11.5951	0
-11.5278	0
-11.4605	0
-11.3933	0
-11.326	0
-11.2587	0
-11.1915	0
-11.1242	0
-11.0569	0
-10.9897	0
-10.9224	0
-10.8551	0
-10.7879	0
-10.7206	0
-10.6533	0
-10.586	0
-10.5188	0
-10.4515	0
-10.3842	0
-10.317	0
-10.2497	0
-10.1824	0
-10.1152	0
-10.0479	1
-9.98063	0
-9.91336	0
-9.84609	0
-9.77882	0
-9.71155	0
-9.64428	0
-9.57701	0
-9.50975	0
-9.44248	0
-9.37521	1
-9.30794	0
-9.24067	0
-9.1734	0
-9.10613	0
-9.03887	1
-8.9716	1
-8.90433	0
-8.83706	2
-8.76979	0
-8.70252	0
-8.63525	0
-8.56798	0
-8.50072	0
-8.43345	0
-8.36618	2
-8.29891	0
-8.23164	3
-8.16437	0
-8.0971	0
-8.02983	0
-7.96257	0
-7.8953	0
-7.82803	2
-7.76076	0
-7.69349	0
-7.62622	0
-7.55895	0
-7.49168	0
-7.42442	1
-7.35715	0
-7.28988	1
-7.22261	1
-7.15534	1
-7.08807	0
-7.0208	0
-6.95354	1
-6.88627	2
-6.819	0
-6.75173	2
-6.68446	1
-6.61719	2
-6.54992	2
-6.48265	1
-6.41539	2
-6.34812	1
-6.28085	3
-6.21358	1
-6.14631	1
-6.07904	0
-6.01177	0
-5.9445	4
-5.87724	0
-5.80997	1
-5.7427	1
-5.67543	3
-5.60816	1
-5.54089	2
-5.47362	0
-5.40636	3
-5.33909	3
-5.27182	4
-5.20455	2
-5.13728	1
-5.07001	1
-5.00274	1
-4.93547	1
-4.86821	1
-4.80094	5
-4.73367	3
-4.6664	3
-4.59913	2
-4.53186	6
-4.46459	3
-4.39732	0
-4.33006	2
-4.26279	4
-4.19552	7
-4.12825	1
-4.06098	2
-3.99371	6
-3.92644	4
-3.85918	5
-3.79191	4
-3.72464	5
-3.65737	5
-3.5901	4
-3.52283	5
-3.45556	2
-3.38829	1
-3.32103	6
-3.25376	3
-3.18649	4
-3.11922	9
-3.05195	5
-2.98468	6
-2.91741	11
-2.85014	7
-2.78288	8
-2.71561	3
-2.64834	7
-2.58107	13
-2.5138	4
-2.44653	7
-2.37926	6
-2.31199	5
-2.24473	9
-2.17746	13
-2.11019	9
-2.04292	17
-1.97565	14
-1.90838	11
-1.84111	12
-1.77385	15
-1.70658	11
-1.63931	17
-1.57204	12
-1.50477	11
-1.4375	15
-1.37023	20
-1.30296	21
-1.2357	17
-1.16843	21
-1.10116	26
-1.03389	17
-0.966621	19
-0.899352	25
-0.832084	21
-0.764815	17
-0.697546	16
-0.630278	15
-0.563009	19
-0.49574	21
-0.428471	17
-0.361203	27
-0.293934	19
-0.226665	17
-0.159397	29
-0.0921279	26
-0.0248592	23
0.0424095	23
0.109678	23
0.176947	24
0.244216	25
0.311484	23
0.378753	28
0.446022	20
0.51329	21
0.580559	21
0.647828	19
0.715096	15
0.782365	21
0.849634	23
0.916903	18
0.984171	19
1.05144	17
1.11871	20
1.18598	13
1.25325	19
1.32051	18
1.38778	13
1.45505	16
1.52232	16
1.58959	12
1.65686	15
1.72413	14
1.7914	11
1.85866	11
1.92593	13
1.9932	13
2.06047	6
2.12774	4
2.19501	8
2.26228	9
2.32955	6
2.39681	4
2.46408	6
2.53135	4
2.59862	7
2.66589	8
2.73316	9
2.80043	2
2.86769	2
2.93496	1
3.00223	3
3.0695	2
3.13677	3
3.20404	3
3.27131	5
3.33858	3
3.40584	6
3.47311	3
3.54038	3
3.60765	1
3.67492	2
3.74219	0
3.80946	1
3.87673	0
3.94399	0
4.01126	2
4.07853	0
4.1458	1
4.21307	1
4.28034	1
4.34761	0
4.41487	0
4.48214	2
4.54941	0
4.61668	1
4.68395	0
4.75122	1
4.81849	1
4.88576	1
4.95302	0
5.02029	0
5.08756	0
5.15483	0
5.2221	1
5.28937	0
5.35664	0
5.42391	0
5.49117	0
5.55844	1
5.62571	0
5.69298	0
5.76025	0
5.82752	0
5.89479	0
5.96206	1
6.02932	0
6.09659	0
6.16386	1
6.23113	2
6.2984	1
6.36567	1
6.43294	0
6.5002	0
6.56747	0
6.63474	1
6.70201	0
6.76928	0
6.83655	0
6.90382	1
6.97109	1
7.03835	0
7.10562	0
7.17289	0
7.24016	2
7.30743	0
7.3747	0
7.44197	1
7.50924	0
7.5765	0
7.64377	0
7.71104	1
7.77831	0
7.84558	0
7.91285	0
7.98012	1
8.04738	0
8.11465	0
8.18192	3
8.24919	0
8.31646	1
8.38373	0
8.451	0
8.51827	1
8.58553	0
8.6528	2
8.72007	1
8.78734	1
8.85461	2
8.92188	0
8.98915	0
9.05642	0
9.12368	2
9.19095	0
9.25822	0
9.32549	0
9.39276	2
9.46003	0
9.5273	1
9.59456	0
9.66183	2
9.7291	1
9.79637	0
9.86364	1
9.93091	2
9.99818	3
10.0654	3
10.1327	0
10.2	1
10.2673	1
10.3345	2
10.4018	3
10.4691	7
10.5363	1
10.6036	0
10.6709	2
10.7381	3
10.8054	3
10.8727	2
10.9399	3
11.0072	3
11.0745	2
11.1417	3
11.209	3
11.2763	3
11.3436	3
11.4108	2
11.4781	3
11.5454	6
11.6126	1
11.6799	6
11.7472	2
11.8144	5
11.8817	7
11.949	5
12.0162	3
12.0835	5
12.1508	6
12.218	5
12.2853	4
12.3526	6
12.4199	5
12.4871	7
12.5544	6
12.6217	5
12.6889	3
12.7562	5
12.8235	10
12.8907	2
12.958	8
13.0253	11
13.0925	11
13.1598	5
13.2271	14
13.2943	8
13.3616	13
13.4289	11
13.4961	8
13.5634	14
13.6307	8
13.698	7
13.7652	10
13.8325	13
13.8998	13
13.967	6
14.0343	10
14.1016	10
14.1688	15
14.2361	17
14.3034	11
14.3706	10
14.4379	23
14.5052	11
14.5724	24
14.6397	11
14.707	15
14.7743	14
14.8415	17
14.9088	18
14.9761	19
15.0433	16
15.1106	23
15.1779	23
15.2451	21
15.3124	18
15.3797	31
15.4469	18
15.5142	26
15.5815	25
15.6487	24
15.716	30
15.7833	23
15.8506	33
15.9178	21
15.9851	22
16.0524	16
16.1196	28
16.1869	25
16.2542	25
16.3214	29
16.3887	22
16.456	24
16.5232	29
16.5905	26
16.6578	30
16.725	29
16.7923	27
16.8596	30
16.9269	27
16.9941	27
17.0614	28
17.1287	27
17.1959	23
17.2632	16
17.3305	22
17.3977	26
17.465	9
17.5323	14
17.5995	24
17.6668	14
17.7341	22
17.8013	22
17.8686	10
17.9359	17
18.0032	13
18.0704	12
18.1377	15
18.205	15
18.2722	10
18.3395	11
18.4068	14
18.474	17
18.5413	8
18.6086	6
18.6758	7
18.7431	8
18.8104	11
18.8776	7
18.9449	7
19.0122	5
19.0795	6
19.1467	6
19.214	5
19.2813	8
19.3485	5
19.4158	6
19.4831	1
19.5503	3
19.6176	1
19.6849	4
19.7521	2
19.8194	2
19.8867	1
19.9539	0
20.0212	2
20.0885	4
20.1558	3
20.223	0
20.2903	4
20.3576	1
20.4248	0
20.4921	2
20.5594	2
20.6266	1
20.6939	1
20.7612	0
20.8284	1
20.8957	0
20.963	0
21.0302	1
21.0975	1
21.1648	2
21.232	1
21.2993	0
21.3666	0
21.4339	1
21.5011	1
21.5684	0
21.6357	0
21.7029	0
21.7702	1
21.8375	1
21.9047	0
21.972	0
22.0393	2
22.1065	1
22.1738	1
22.2411	0
22.3083	0
22.3756	0
22.4429	2
22.5102	2
22.5774	0
22.6447	0
22.712	0
22.7792	0
22.8465	2
22.9138	0
22.981	0
23.0483	0
23.1156	1
23.1828	1
23.2501	0
23.3174	0
23.3846	2
23.4519	0
23.5192	1
23.5865	0
23.6537	0
23.721	0
23.7883	0
23.8555	0
23.9228	1
23.9901	0
24.0573	0
24.1246	0
24.1919	2
24.2591	0
24.3264	0
24.3937	0
24.4609	0
24.5282	0
24.5955	0
24.6628	0
24.73	0
24.7973	0
24.8646	0
24.9318	1
24.9991	2
25.0664	0
25.1336	2
25.2009	0
25.2682	0
25.3354	1
25.4027	1
25.47	1
25.5372	0
25.6045	1
25.6718	2
25.7391	0
25.8063	1
25.8736	1
25.9409	0
26.0081	0
26.0754	1
26.1427	0
26.2099	2
26.2772	3
26.3445	1
26.4117	1
26.479	1
26.5463	1
26.6135	1
26.6808	1
26.7481	2
26.8154	2
26.8826	7
26.9499	2
27.0172	5
27.0844	3
27.1517	2
27.219	2
27.2862	2
27.3535	0
27.4208	3
27.488	1
27.5553	2
27.6226	4
27.6898	2
27.7571	3
27.8244	2
27.8917	6
27.9589	5
28.0262	3
28.0935	5
28.1607	4
28.228	4
28.2953	8
28.3625	3
28.4298	3
28.4971	6
28.5643	6
28.6316	5
28.6989	7
28.7661	3
28.8334	3
28.9007	3
28.968	7
29.0352	3
29.1025	6
29.1698	6
29.237	6
29.3043	9
29.3716	4
29.4388	7
29.5061	10
29.5734	8
29.6406	8
29.7079	12
29.7752	9
29.8424	2
29.9097	9
29.977	5
30.0442	15
30.1115	13
30.1788	15
30.2461	12
30.3133	23
30.3806	17
30.4479	12
30.5151	13
30.5824	17
30.6497	15
30.7169	23
30.7842	16
30.8515	9
30.9187	22
30.986	18
31.0533	27
31.1205	19
31.1878	24
31.2551	21
31.3224	16
31.3896	18
31.4569	31
31.5242	12
31.5914	21
31.6587	22
31.726	30
31.7932	24
31.8605	18
31.9278	25
31.995	29
32.0623	34
32.1296	29
32.1968	19
32.2641	32
32.3314	29
32.3987	30
32.4659	25
32.5332	23
32.6005	22
32.6677	23
32.735	27
32.8023	29
32.8695	34
32.9368	34
33.0041	23
33.0713	28
33.1386	28
33.2059	28
33.2731	22
33.3404	27
33.4077	25
33.475	25
33.5422	26
33.6095	26
33.6768	26
33.744	14
33.8113	22
33.8786	22
33.9458	19
34.0131	23
34.0804	21
34.1476	17
34.2149	22
34.2822	19
34.3494	15
34.4167	22
34.484	8
34.5513	12
34.6185	11
34.6858	3
34.7531	13
34.8203	19
34.8876	5
34.9549	10
35.0221	7
35.0894	11
35.1567	4
35.2239	3
35.2912	5
35.3585	9
35.4257	8
35.493	3
35.5603	4
35.6276	2
35.6948	3
35.7621	4
35.8294	4
35.8966	3
35.9639	3
36.0312	1
36.0984	3
36.1657	2
36.233	0
36.3002	1
36.3675	0
36.4348	1
36.502	0
36.5693	1
36.6366	1
36.7039	0
36.7711	1
36.8384	0
36.9057	0
36.9729	1
37.0402	1
37.1075	0
37.1747	1
37.242	1
37.3093	2
37.3765	0
37.4438	0
37.5111	0
37.5783	0
37.6456	1
37.7129	2
37.7802	0
37.8474	0
37.9147	0
37.982	0
38.0492	1
38.1165	1
38.1838	0
38.251	1
38.3183	1
38.3856	0
38.4528	0
38.5201	0
38.5874	0
38.6546	0
38.7219	0
38.7892	0
38.8564	2
38.9237	1
38.991	0
39.0583	0
39.1255	0
39.1928	0
39.2601	0
39.3273	1
39.3946	1
39.4619	1
39.5291	0
39.5964	0
39.6637	1
39.7309	0
39.7982	0
39.8655	1
39.9327	0
40	0
40.0673	0
40.1346	0
40.2018	0
40.2691	0
40.3364	0
40.4036	0
40.4709	0
40.5382	3
40.6054	1
40.6727	0
40.74	2
40.8072	1
40.8745	0
40.9418	1
41.009	2
41.0763	0
41.1436	0
41.2109	1
41.2781	1
41.3454	1
41.4127	2
41.4799	1
41.5472	2
41.6145	2
41.6817	3
41.749	0
41.8163	1
41.8835	2
41.9508	2
42.0181	3
42.0853	2
42.1526	0
42.2199	2
42.2872	0
42.3544	0
42.4217	1
42.489	1
42.5562	2
42.6235	2
42.6908	1
42.758	2
42.8253	4
42.8926	0
42.9598	1
43.0271	4
43.0944	1
43.1616	2
43.2289	1
43.2962	2
43.3635	0
43.4307	5
43.498	2
43.5653	2
43.6325	1
43.6998	1
43.7671	5
43.8343	3
43.9016	3
43.9689	4
44.0361	1
44.1034	2
44.1707	1
44.2379	4
44.3052	3
44.3725	3
44.4398	4
44.507	3
44.5743	4
44.6416	4
44.7088	6
44.7761	6
44.8434	5
44.9106	3
44.9779	1
45.0452	3
45.1124	9
45.1797	4
45.247	1
45.3142	10
45.3815	3
45.4488	6
45.5161	6
45.5833	7
45.6506	8
45.7179	14
45.7851	4
45.8524	7
45.9197	10
45.9869	9
46.0542	13
46.1215	12
46.1887	16
46.256	12
46.3233	5
46.3905	9
46.4578	7
46.5251	11
46.5923	16
46.6596	12
46.7269	15
46.7942	14
46.8614	17
46.9287	15
46.996	13
47.0632	19
47.1305	17
47.1978	15
47.265	20
47.3323	17
47.3996	13
47.4668	20
47.5341	18
47.6014	18
47.6686	22
47.7359	16
47.8032	27
47.8705	23
47.9377	19
48.005	27
48.0723	24
48.1395	22
48.2068	26
48.2741	29
48.3413	20
48.4086	25
48.4759	33
48.5431	27
48.6104	20
48.6777	25
48.7449	31
48.8122	26
48.8795	25
48.9468	29
49.014	22
49.0813	22
49.1486	30
49.2158	22
49.2831	24
49.3504	21
49.4176	25
49.4849	23
49.5522	29
49.6194	28
49.6867	21
49.754	30
49.8212	21
49.8885	23
49.9558	21
50.0231	20
50.0903	20
50.1576	17
50.2249	12
50.2921	24
50.3594	15
50.4267	16
50.4939	17
50.5612	22
50.6285	16
50.6957	9
50.763	9
50.8303	15
50.8975	14
50.9648	14
51.0321	6
51.0994	16
51.1666	3
51.2339	5
51.3012	7
51.3684	2
51.4357	11
51.503	2
51.5702	8
51.6375	2
51.7048	8
51.772	3
51.8393	6
51.9066	4
51.9738	1
52.0411	3
52.1084	1
52.1757	3
52.2429	2
52.3102	3
52.3775	1
52.4447	1
52.512	3
52.5793	0
52.6465	0
52.7138	2
52.7811	1
52.8483	0
52.9156	2
52.9829	1
53.0501	0
53.1174	2
53.1847	0
53.252	0
53.3192	1
53.3865	0
53.4538	0
53.521	0
53.5883	1
53.6556	2
53.7228	2
53.7901	0
53.8574	0
53.9246	0
53.9919	0
54.0592	0
54.1264	0
54.1937	0
54.261	2
54.3283	0
54.3955	1
54.4628	0
54.5301	0
54.5973	0
54.6646	1
54.7319	1
54.7991	0
54.8664	1
54.9337	1
55.0009	1
55.0682	0
55.1355	0
55.2027	2
55.27	1
55.3373	0
55.4045	1
55.4718	0
55.5391	0
55.6064	0
55.6736	0
55.7409	0
55.8082	0
55.8754	0
55.9427	0
56.01	1
56.0772	0
56.1445	0
56.2118	0
56.279	0
56.3463	1
56.4136	1
56.4808	1
56.5481	2
56.6154	0
56.6827	0
56.7499	0
56.8172	1
56.8845	1
56.9517	1
57.019	0
57.0863	1
57.1535	0
57.2208	1
57.2881	1
57.3553	0
57.4226	0
57.4899	0
57.5571	0
57.6244	0
57.6917	0
57.759	1
57.8262	0
57.8935	0
57.9608	3
58.028	1
58.0953	0
58.1626	0
58.2298	1
58.2971	0
58.3644	0
58.4316	1
58.4989	2
58.5662	1
58.6334	2
58.7007	3
58.768	0
58.8353	0
58.9025	4
58.9698	1
59.0371	0
59.1043	2
59.1716	1
59.2389	3
59.3061	1
59.3734	0
59.4407	3
59.5079	2
59.5752	1
59.6425	4
59.7097	1
59.777	4
59.8443	2
59.9116	1
59.9788	5
60.0461	1
60.1134	1
60.1806	0
60.2479	5
60.3152	3
60.3824	3
60.4497	3
60.517	0
60.5842	2
60.6515	3
60.7188	4
60.786	2
60.8533	7
60.9206	3
60.9879	1
61.0551	3
61.1224	4
61.1897	5
61.2569	6
61.3242	5
61.3915	3
61.4587	4
61.526	7
61.5933	8
61.6605	10
61.7278	3
61.7951	9
61.8623	7
61.9296	3
61.9969	11
62.0642	5
62.1314	10
62.1987	3
62.266	8
62.3332	8
62.4005	14
62.4678	5
62.535	8
62.6023	13
62.6696	11
62.7368	12
62.8041	19
62.8714	8
62.9386	13
63.0059	11
63.0732	7
63.1405	11
63.2077	15
63.275	9
63.3423	14
63.4095	12
63.4768	15
63.5441	12
63.6113	22
63.6786	16
63.7459	13
63.8131	22
63.8804	16
63.9477	31
64.0149	16
64.0822	16
64.1495	22
64.2167	22
64.284	21
64.3513	18
64.4186	17
64.4858	21
64.5531	15
64.6204	23
64.6876	25
64.7549	30
64.8222	28
64.8894	27
64.9567	29
65.024	19
65.0912	24
65.1585	18
65.2258	24
65.293	16
65.3603	14
65.4276	23
65.4949	22
65.5621	22
65.6294	20
65.6967	23
65.7639	25
65.8312	18
65.8985	20
65.9657	16
66.033	20
66.1003	20
66.1675	17
66.2348	19
66.3021	8
66.3693	14
66.4366	18
66.5039	14
66.5712	16
66.6384	14
66.7057	15
66.773	16
66.8402	6
66.9075	10
66.9748	10
67.042	10
67.1093	8
67.1766	5
67.2438	8
67.3111	9
67.3784	6
67.4456	6
67.5129	9
67.5802	5
67.6475	13
67.7147	3
67.782	5
67.8493	3
67.9165	2
67.9838	1
68.0511	1
68.1183	1
68.1856	1
68.2529	1
68.3201	1
68.3874	1
68.4547	0
68.5219	1
68.5892	1
68.6565	2
68.7238	2
68.791	1
68.8583	0
68.9256	2
68.9928	2
69.0601	0
69.1274	1
69.1946	0
69.2619	1
69.3292	0
69.3964	0
69.4637	0
69.531	1
69.5982	0
69.6655	1
69.7328	1
69.8001	0
69.8673	1
69.9346	0
70.0019	0
70.0691	0
70.1364	1
70.2037	0
70.2709	0
70.3382	0
70.4055	1
70.4727	0
70.54	0
70.6073	0
70.6745	0
70.7418	0
70.8091	0
70.8764	0
70.9436	0
71.0109	0
71.0782	0
71.1454	0
71.2127	0
71.28	0
71.3472	1
71.4145	0
71.4818	0
71.549	0
71.6163	1
71.6836	0
71.7508	0
71.8181	0
71.8854	0
71.9526	0
72.0199	0
72.0872	0
72.1545	0
72.2217	0
72.289	0
72.3563	0
72.4235	0
72.4908	0
72.5581	0
72.6253	0
72.6926	0
72.7599	0
72.8271	0
72.8944	0
72.9617	0
73.0289	0
73.0962	0
73.1635	0
73.2308	0
73.298	0
73.3653	0
73.4326	0
73.4998	0
73.5671	0
73.6344	0
73.7016	0
73.7689	0
73.8362	0
73.9034	0
73.9707	0
74.038	0
74.1052	0
74.1725	0
74.2398	0
74.3071	0
74.3743	0
74.4416	0
74.5089	0
74.5761	0
74.6434	0
74.7107	0
74.7779	0
74.8452	0
74.9125	0
74.9797	0
75.047	0
75.1143	0
75.1815	0
75.2488	0
75.3161	0
75.3834	0
75.4506	0
75.5179	0
75.5852	0
75.6524	0
75.7197	0
75.787	0
75.8542	0
75.9215	0
75.9888	0
76.056	0
76.1233	0
76.1906	0
76.2578	0
76.3251	0
76.3924	0
76.4597	0
76.5269	0
76.5942	0
76.6615	0
76.7287	0
76.796	1
76.8633	0
76.9305	0
76.9978	0
77.0651	0
77.1323	0
77.1996	0
77.2669	0
77.3341	0
77.4014	0
77.4687	0
77.536	0
77.6032	0
77.6705	0
77.7378	0
77.805	0
77.8723	0
77.9396	0
78.0068	0
78.0741	0
78.1414	0
78.2086	0
78.2759	0
78.3432	0
78.4104	0
78.4777	0
78.545	0
78.6123	0
78.6795	0
78.7468	0
78.8141	0
78.8813	0
78.9486	0
79.0159	0
79.0831	0
79.1504	0
79.2177	0
79.2849	0
79.3522	0
79.4195	0
79.4867	0
79.554	0
79.6213	0
79.6886	0
79.7558	0
79.8231	0
79.8904	0
79.9576	0
80.0249	0
80.0922	0
80.1594	0
80.2267	0
80.294	0
80.3612	0
80.4285	0
80.4958	0
80.563	0
80.6303	0
80.6976	0
80.7648	0
80.8321	0
80.8994	0
80.9667	0
81.0339	0
81.1012	0
81.1685	0
81.2357	0
81.303	0
81.3703	0
81.4375	0
81.5048	0
81.5721	0
81.6393	0
81.7066	0
81.7739	0
81.8411	0
81.9084	0
81.9757	0
82.043	0
82.1102	0
82.1775	0
82.2448	0
82.312	0
82.3793	0
82.4466	0
82.5138	0
82.5811	0
82.6484	0
82.7156	0
82.7829	0
82.8502	0
82.9174	0
82.9847	0
83.052	0
83.1193	0
83.1865	0
83.2538	0
83.3211	0
83.3883	0
83.4556	0
83.5229	0
83.5901	0
83.6574	0
83.7247	0
83.7919	0
83.8592	0
83.9265	0
83.9937	0
84.061	0
84.1283	0
84.1956	0
84.2628	0
84.3301	0
84.3974	0
84.4646	0
84.5319	0
84.5992	0
84.6664	0
84.7337	0
84.801	0
84.8682	0
84.9355	0
85.0028	0
85.07	0
85.1373	0
85.2046	0
85.2719	0
85.3391	0
85.4064	0
85.4737	0
85.5409	0
85.6082	0
85.6755	0
85.7427	0
85.81	0
85.8773	0
85.9445	0
86.0118	0
86.0791	0
86.1463	0
86.2136	0
86.2809	0
86.3482	0
86.4154	0
86.4827	0
86.55	0
86.6172	0
86.6845	0
86.7518	0
86.819	0
86.8863	0
86.9536	0
87.0208	0
87.0881	0
87.1554	0
87.2226	0
87.2899	0
87.3572	0
87.4245	0
87.4917	0
87.559	0
87.6263	0
87.6935	0
87.7608	0
87.8281	0
87.8953	0
87.9626	0
88.0299	0
88.0971	0
88.1644	0
88.2317	0
88.2989	0
88.3662	0
88.4335	0
88.5008	0
88.568	0
88.6353	0
88.7026	0
88.7698	0
88.8371	0
88.9044	0
88.9716	0
89.0389	0
89.1062	0
89.1734	0
89.2407	0
89.308	0
89.3752	0
89.4425	0
89.5098	0
89.577	0
89.6443	0
89.7116	0
89.7789	0
89.8461	0
89.9134	0
89.9807	0
90.0479	0
90.1152	0
90.1825	0
90.2497	0
90.317	0
90.3843	0
90.4515	0
90.5188	0
90.5861	0
90.6533	0
90.7206	0
90.7879	0
90.8552	0
90.9224	0
90.9897	0
91.057	0
91.1242	0
91.1915	0
91.2588	0
91.326	0
91.3933	0
91.4606	0
91.5278	0
91.5951	0
91.6624	0
91.7296	0
91.7969	0
91.8642	0
91.9315	0
91.9987	0
92.066	0
92.1333	0
92.2005	0
92.2678	0
92.3351	0
92.4023	0
92.4696	0
92.5369	0
92.6041	0
92.6714	0
92.7387	0
92.8059	0
92.8732	0
92.9405	0
93.0078	0
93.075	0
93.1423	0
93.2096	0
93.2768	0
93.3441	0
93.4114	0
93.4786	0
93.5459	0
93.6132	0
93.6804	0
93.7477	0
93.815	0
93.8822	0
93.9495	0
94.0168	0
94.0841	0
94.1513	0
94.2186	0
94.2859	0
94.3531	0
94.4204	0
94.4877	0
94.5549	0
94.6222	0
94.6895	0
94.7567	0
94.824	0
94.8913	0
94.9585	0
95.0258	0
95.0931	0
95.1604	0
95.2276	0
95.2949	0
95.3622	0
95.4294	0
95.4967	0
95.564	0
95.6312	0
95.6985	0
95.7658	0
95.833	0
95.9003	0
95.9676	0
96.0348	0
96.1021	0
96.1694	0
96.2367	0
96.3039	0
96.3712	0
96.4385	0
96.5057	0
96.573	0
96.6403	0
96.7075	0
96.7748	0
96.8421	0
96.9093	0
96.9766	0
97.0439	0
97.1111	0
97.1784	0
97.2457	0
97.3129	0
97.3802	0
97.4475	0
97.5148	0
97.582	0
97.6493	0
97.7166	0
97.7838	0
97.8511	0
97.9184	0
97.9856	0
98.0529	0
98.1202	0
98.1874	0
98.2547	0
98.322	0
98.3892	0
98.4565	0
98.5238	0
98.5911	0
98.6583	0
98.7256	0
98.7929	0
98.8601	0
98.9274	0
98.9947	0
99.0619	0
99.1292	0
99.1965	0
99.2637	0
99.331	0
99.3983	0
99.4655	0
99.5328	0
99.6001	0
99.6674	0
99.7346	0
99.8019	0
99.8692	0
99.9364	0
100.004	0
100.071	0
100.138	0
100.206	0
100.273	0
100.34	0
100.407	0
100.475	0
100.542	0
100.609	0
100.676	0
100.744	0
100.811	0
100.878	0
100.945	0
101.013	0
101.08	0
101.147	0
101.215	0
101.282	0
101.349	0
101.416	0
101.484	0
101.551	0
101.618	0
101.685	0
101.753	0
101.82	0
101.887	0
101.954	0
102.022	0
102.089	0
102.156	0
102.224	0
102.291	0
102.358	0
102.425	0
102.493	0
102.56	0
102.627	0
102.694	1
102.762	0
102.829	0
102.896	0
102.964	0
103.031	0
103.098	0
103.165	0
103.233	0
103.3	0
103.367	0
103.434	0
103.502	0
103.569	0
103.636	0
103.703	0
103.771	0
103.838	0
103.905	0
103.973	0
104.04	0
104.107	0
104.174	0
104.242	0
104.309	0
104.376	0
104.443	0
104.511	0
104.578	0
104.645	0
104.713	1
104.78	0
104.847	0
104.914	0
104.982	0
105.049	0
105.116	0
105.183	0
105.251	0
105.318	0
105.385	0
105.452	0
105.52	0
105.587	0
105.654	0
105.722	0
105.789	0
105.856	0
105.923	0
105.991	0
106.058	0
106.125	0
106.192	0
106.26	0
106.327	0
106.394	0
106.461	0
106.529	0
106.596	0
106.663	0
106.731	0
106.798	0
106.865	0
106.932	0
107	0
107.067	0
107.134	0
107.201	0
107.269	0
107.336	0
107.403	0
107.471	0
107.538	0
107.605	0
107.672	0
107.74	0
107.807	0
107.874	0
107.941	0
108.009	0
108.076	0
108.143	0
108.21	0
108.278	0
108.345	0
108.412	0
108.48	0
108.547	0
108.614	0
108.681	0
108.749	0
108.816	0
108.883	0
108.95	0
109.018	0
109.085	0
109.152	0
109.22	0
109.287	0
109.354	0
109.421	0
109.489	0
109.556	0
109.623	0
109.69	0
109.758	0
109.825	0
109.892	0
109.959	0
110.027	0
110.094	0
110.161	0
110.229	0
110.296	0
110.363	0
110.43	0
110.498	0
110.565	0
110.632	0
110.699	0
110.767	0
110.834	0
110.901	0
110.968	0
111.036	0
111.103	0
111.17	0
111.238	0
111.305	0
111.372	0
111.439	0
111.507	0
111.574	0
111.641	0
111.708	0
111.776	0
111.843	0
111.91	0
111.978	0
112.045	0
112.112	0
112.179	0
112.247	0
112.314	0
112.381	0
112.448	0
112.516	0
112.583	0
112.65	0
112.717	0
112.785	0
112.852	0
112.919	0
112.987	0
113.054	0
113.121	0
113.188	0
113.256	0
113.323	0
113.39	0
113.457	0
113.525	0
113.592	0
113.659	0
113.727	0
113.794	0
113.861	0
113.928	0
113.996	0
114.063	0
114.13	0
114.197	0
114.265	0
114.332	0
114.399	0
114.466	0
114.534	0
114.601	0
114.668	0
114.736	0
114.803	0
114.87	0
114.937	0
115.005	0
115.072	0
115.139	0
115.206	0
115.274	0
115.341	0
115.408	0
115.475	0
115.543	0
115.61	0
115.677	0
115.745	0
115.812	0
115.879	0
115.946	0
116.014	0
116.081	0
116.148	0
116.215	0
116.283	0
116.35	0
116.417	0
116.485	0
116.552	0
116.619	0
116.686	0
116.754	0
116.821	0
116.888	0
116.955	0
117.023	0
117.09	0
117.157	0
117.224	0
117.292	0
117.359	0
117.426	0
117.494	0
117.561	0
117.628	0
117.695	0
117.763	0
117.83	0
117.897	0
117.964	0
118.032	0
118.099	0
118.166	0
118.234	0
118.301	0
118.368	0
118.435	0
118.503	0
118.57	0
118.637	0
118.704	0
118.772	0
118.839	0
118.906	0
118.973	0
119.041	0
119.108	0
119.175	0
119.243	0
119.31	0
119.377	0
119.444	0
119.512	0
119.579	0
119.646	0
119.713	0
119.781	0
119.848	0
119.915	0
119.983	0
120.05	0
120.117	0
120.184	0
120.252	0
120.319	0
120.386	0
120.453	0
120.521	0
120.588	0
120.655	0
120.722	0
120.79	0
120.857	0
120.924	0
120.992	0
121.059	0
121.126	0
121.193	0
121.261	0
121.328	0
121.395	0
121.462	0
121.53	0
121.597	0
121.664	0
121.731	0
121.799	0
121.866	0
121.933	0
122.001	0
122.068	0
122.135	0
122.202	0
122.27	0
122.337	0
122.404	0
122.471	0
122.539	0
122.606	0
122.673	0
122.741	0
122.808	0
122.875	0
122.942	0
123.01	0
123.077	0
123.144	0
123.211	0
123.279	0
123.346	0
123.413	0
123.48	0
123.548	0
123.615	0
123.682	0
123.75	0
123.817	0
123.884	0
123.951	0
124.019	0
124.086	0
124.153	0
124.22	0
124.288	0
124.355	0
124.422	0
124.49	0
124.557	0
124.624	0
124.691	0
124.759	0
124.826	0
124.893	0
124.96	0
125.028	0
125.095	0
125.162	0
125.229	0
125.297	0
125.364	0
125.431	0
125.499	0
125.566	0
125.633	0
125.7	0
125.768	0
125.835	0
125.902	0
125.969	0
126.037	0
126.104	0
126.171	0
126.238	0
126.306	0
126.373	0
126.44	0
126.508	0
126.575	0
126.642	0
126.709	0
126.777	0
126.844	0
126.911	0
126.978	0
127.046	0
127.113	0
127.18	0
127.248	0
127.315	0
127.382	0
127.449	0
127.517	0
127.584	0
127.651	0
127.718	0
127.786	0
127.853	0
127.92	0
127.987	0
128.055	0
128.122	0
128.189	0
128.257	0
128.324	0
128.391	0
128.458	0
128.526	0
128.593	0
128.66	0
128.727	0
128.795	0
128.862	0
128.929	0
128.997	0
129.064	0
129.131	0
129.198	0
129.266	0
129.333	0
129.4	0
129.467	0
129.535	0
129.602	0
129.669	0
129.736	1
129.804	0
129.871	0
129.938	0
130.006	0
130.073	0
130.14	0
130.207	0
130.275	0
130.342	0
130.409	0
130.476	0
130.544	0
130.611	0
130.678	0
130.745	0
130.813	0
130.88	0
130.947	0
131.015	0
131.082	0
131.149	0
131.216	0
131.284	0
131.351	0
131.418	0
131.485	0
131.553	0
131.62	0
131.687	0
131.755	0
131.822	0
131.889	0
131.956	0
132.024	0
132.091	0
132.158	0
132.225	0
132.293	0
132.36	0
132.427	0
132.494	0
132.562	0
132.629	0
132.696	0
132.764	0
132.831	0
132.898	0
132.965	0
133.033	0
133.1	0
133.167	0
133.234	0
133.302	0
133.369	0
133.436	0
133.504	0
133.571	0
133.638	0
133.705	0
133.773	0
133.84	0
133.907	0
133.974	0
134.042	0
134.109	0
134.176	0
134.243	0
134.311	0
134.378	0
134.445	0
134.513	0
134.58	0
134.647	0
134.714	0
134.782	0
134.849	0
134.916	0
134.983	0
135.051	0
135.118	0
135.185	0
135.252	0
135.32	0
135.387	0
135.454	0
135.522	0
135.589	0
135.656	0
135.723	0
135.791	0
135.858	0
135.925	0
135.992	0
136.06	0
136.127	0
136.194	0
136.262	0
136.329	0
136.396	0
136.463	0
136.531	0
136.598	0
136.665	0
136.732	0
136.8	0
136.867	0
136.934	0
137.001	0
137.069	0
137.136	0
137.203	0
137.271	0
137.338	0
137.405	0
137.472	0
137.54	0
137.607	0
137.674	0
137.741	0
137.809	0
137.876	0
137.943	0
138.011	0
138.078	0
138.145	0
138.212	0
138.28	0
138.347	0
138.414	0
138.481	0
138.549	0
138.616	0
138.683	0
138.75	0
138.818	0
138.885	0
138.952	0
139.02	0
139.087	1
139.154	0
139.221	0
139.289	0
139.356	0
139.423	0
139.49	0
139.558	0
139.625	0
139.692	0
139.759	0
139.827	0
139.894	0
139.961	0
140.029	0
140.096	0
140.163	0
140.23	0
140.298	0
140.365	0
140.432	0
140.499	0
140.567	0
140.634	0
140.701	0
140.769	0
140.836	0
140.903	0
140.97	0
141.038	0
141.105	0
141.172	0
141.239	0
141.307	0
141.374	0
141.441	0
141.508	0
141.576	0
141.643	0
141.71	0
141.778	0
141.845	0
141.912	0
141.979	0
142.047	0
142.114	0
142.181	0
142.248	0
142.316	0
142.383	0
142.45	0
142.518	0
142.585	0
142.652	0
142.719	0
142.787	0
142.854	0
142.921	0
142.988	0
143.056	0
143.123	0
143.19	0
143.257	0
143.325	0
143.392	0
143.459	0
143.527	0
143.594	0
143.661	0
143.728	0
143.796	0
143.863	0
143.93	0
143.997	0
144.065	0
144.132	0
144.199	0
144.267	0
144.334	0
144.401	0
144.468	0
144.536	0
144.603	0
144.67	0
144.737	0
144.805	0
144.872	0
144.939	0
145.006	0
145.074	0
145.141	0
145.208	0
145.276	0
145.343	0
145.41	0
145.477	0
145.545	0
145.612	0
145.679	0
145.746	0
145.814	0
145.881	0
145.948	0
146.015	0
146.083	0
146.15	0
146.217	0
146.285	0
146.352	0
146.419	0
146.486	0
146.554	0
146.621	0
146.688	0
146.755	0
146.823	0
146.89	0
146.957	0
147.025	0
147.092	0
147.159	0
147.226	0
147.294	0
147.361	0
147.428	0
147.495	0
147.563	0
147.63	0
147.697	0
147.764	0
147.832	0
147.899	0
147.966	0
148.034	0
148.101	0
148.168	0
148.235	0
148.303	0
148.37	0
148.437	0
148.504	0
148.572	0
148.639	0
148.706	0
148.774	0
148.841	0
148.908	0
148.975	0
149.043	0
149.11	0
149.177	0
149.244	0
149.312	0
149.379	0
149.446	0
149.513	0
149.581	0
149.648	0
149.715	0
149.783	0
149.85	0
149.917	0
149.984	0
150.052	0
150.119	0
150.186	0
150.253	0
150.321	0
150.388	0
150.455	0
150.522	0
150.59	0
150.657	0
150.724	0
150.792	0
150.859	0
150.926	0
150.993	0
151.061	0
151.128	0
151.195	0
151.262	0
151.33	0
151.397	0
151.464	0
151.532	0
151.599	0
151.666	0
151.733	0
151.801	0
151.868	0
151.935	0
152.002	0
152.07	0
152.137	0
152.204	0
152.271	0
152.339	0
152.406	0
152.473	0
152.541	0
152.608	0
152.675	0
152.742	0
152.81	0
152.877	0
152.944	0
153.011	0
153.079	0
153.146	0
153.213	0
153.281	0
153.348	0
153.415	0
153.482	0
153.55	0
153.617	0
153.684	0
153.751	0
153.819	0
153.886	0
153.953	0
154.02	0
154.088	0
154.155	0
154.222	0
154.29	0
154.357	0
154.424	0
154.491	0
154.559	0
154.626	0
154.693	0
154.76	0
154.828	0
154.895	0
154.962	0
155.029	0
155.097	0
155.164	0
155.231	0
155.299	0
155.366	0
155.433	0
155.5	0
155.568	0
155.635	0
155.702	0
155.769	0
155.837	0
155.904	0
155.971	0
156.039	0
156.106	0
156.173	0
156.24	0
156.308	0
156.375	0
156.442	0
156.509	0
156.577	0
156.644	0
156.711	0
156.778	0
156.846	0
156.913	0
156.98	0
157.048	0
157.115	0
157.182	0
157.249	0
157.317	0
157.384	0
157.451	0
157.518	0
157.586	0
157.653	0
157.72	0
157.788	0
157.855	0
157.922	0
157.989	0
158.057	0
158.124	0
158.191	0
158.258	0
158.326	0
158.393	0
158.46	0
158.527	0
158.595	0
158.662	0
158.729	0
158.797	0
158.864	0
158.931	0
158.998	0
159.066	0
159.133	0
159.2	0
159.267	0
159.335	0
159.402	0
159.469	0
159.536	0
159.604	0
159.671	0
159.738	0
159.806	0
159.873	0
159.94	0
160.007	0
160.075	0
160.142	0
160.209	0
160.276	0
160.344	0
160.411	0
160.478	0
160.546	0
160.613	0
160.68	0
160.747	0
160.815	0
160.882	0
160.949	0
161.016	0
161.084	0
161.151	0
161.218	0
161.285	0
161.353	0
161.42	0
161.487	0
161.555	0
161.622	0
161.689	0
161.756	0
161.824	0
161.891	0
161.958	0
162.025	0
162.093	0
162.16	0
162.227	0
162.295	0
162.362	0
162.429	0
162.496	0
162.564	0
162.631	0
162.698	0
162.765	0
162.833	0
162.9	0
162.967	0
163.034	0
163.102	0
163.169	0
163.236	0
163.304	0
163.371	0
163.438	0
163.505	0
163.573	0
163.64	0
163.707	0
163.774	0
163.842	0
163.909	0
163.976	0
164.044	0
164.111	0
164.178	0
164.245	0
164.313	0
164.38	0
164.447	0
164.514	0
164.582	0
164.649	0
164.716	0
164.783	0
164.851	0
164.918	0
164.985	0
165.053	0
165.12	0
165.187	0
165.254	0
165.322	0
165.389	0
165.456	0
165.523	0
165.591	0
165.658	0
165.725	0
165.792	0
165.86	0
165.927	0
165.994	0
166.062	0
166.129	0
166.196	0
166.263	0
166.331	0
166.398	0
166.465	0
166.532	0
166.6	0
166.667	0
166.734	0
166.802	0
166.869	0
166.936	0
167.003	0
167.071	0
167.138	0
167.205	0
167.272	0
167.34	0
167.407	0
167.474	0
167.541	0
167.609	0
167.676	0
167.743	0
167.811	0
167.878	0
167.945	0
168.012	0
168.08	0
168.147	0
168.214	0
168.281	0
168.349	0
168.416	0
168.483	0
168.551	0
168.618	0
168.685	0
168.752	0
168.82	0
168.887	0
168.954	0
169.021	0
169.089	0
169.156	0
169.223	0
169.29	0
169.358	0
169.425	0
169.492	0
169.56	0
169.627	0
169.694	0
169.761	0
169.829	0
169.896	0
169.963	0
170.03	0
170.098	0
170.165	0
170.232	0
170.299	0
170.367	0
170.434	0
170.501	0
170.569	0
170.636	0
170.703	0
170.77	0
170.838	0
170.905	0
170.972	0
171.039	0
171.107	0
171.174	0
171.241	0
171.309	0
171.376	0
171.443	0
171.51	0
171.578	0
171.645	0
171.712	0
171.779	0
171.847	0
171.914	0
171.981	0
172.048	0
172.116	0
172.183	0
172.25	0
172.318	0
172.385	0
172.452	0
172.519	0
172.587	0
172.654	0
172.721	0
172.788	0
172.856	0
172.923	0
172.99	0
173.058	0
173.125	0
173.192	0
173.259	0
173.327	0
173.394	0
173.461	0
173.528	0
173.596	0
173.663	0
173.73	0
173.797	0
173.865	0
173.932	0
173.999	0
174.067	0
174.134	0
174.201	0
174.268	0
174.336	0
174.403	0
174.47	0
174.537	0
174.605	0
174.672	0
174.739	0
174.806	0
174.874	0
174.941	0
175.008	0
175.076	0
175.143	0
175.21	0
175.277	0
175.345	0
175.412	0
175.479	0
175.546	0
175.614	0
175.681	0
175.748	0
175.816	0
175.883	0
175.95	0
176.017	0
176.085	0
176.152	0
176.219	0
176.286	0
176.354	0
176.421	0
176.488	0
176.555	0
176.623	0
176.69	0
176.757	0
176.825	0
176.892	0
176.959	0
177.026	0
177.094	0
177.161	0
177.228	0
177.295	0
177.363	0
177.43	0
177.497	0
177.565	0
177.632	0
177.699	0
177.766	0
177.834	0
177.901	0
177.968	0
178.035	0
178.103	0
178.17	0
178.237	0
178.304	0
178.372	0
178.439	0
178.506	0
178.574	0
178.641	0
178.708	0
178.775	0
178.843	0
178.91	0
178.977	0
179.044	0
179.112	0
179.179	0
179.246	0
179.313	0
179.381	0
179.448	0
179.515	0
179.583	0
179.65	0
179.717	0
179.784	0
179.852	0
179.919	0
179.986	0
180.053	0
180.121	0
180.188	0
180.255	0
180.323	0
180.39	0
180.457	0
180.524	0
180.592	0
180.659	0
180.726	0
180.793	0
180.861	0
180.928	0
180.995	0
181.062	0
181.13	0
181.197	0
181.264	0
181.332	0
181.399	0
181.466	0
181.533	0
181.601	0
181.668	0
181.735	0
181.802	0
181.87	0
181.937	0
182.004	0
182.072	0
182.139	0
182.206	0
182.273	0
182.341	0
182.408	0
182.475	0
182.542	0
182.61	0
182.677	0
182.744	0
182.811	0
182.879	0
182.946	0
183.013	0
183.081	0
183.148	0
183.215	0
183.282	0
183.35	0
183.417	0
183.484	0
183.551	0
183.619	0
183.686	0
183.753	0
183.82	0
183.888	0
183.955	0
184.022	0
184.09	0
184.157	0
184.224	0
184.291	0
184.359	0
184.426	0
184.493	0
184.56	0
184.628	0
184.695	0
184.762	0
184.83	0
184.897	0
184.964	0
185.031	0
185.099	0
185.166	0
185.233	0
185.3	0
185.368	0
185.435	0
185.502	0
185.569	0
185.637	0
185.704	0
185.771	0
185.839	0
185.906	0
185.973	0
186.04	0
186.108	0
186.175	0
186.242	0
186.309	0
186.377	0
186.444	0
186.511	0
186.579	0
186.646	0
186.713	0
186.78	0
186.848	0
186.915	0
186.982	0
187.049	0
187.117	0
187.184	0
187.251	0
187.318	0
187.386	0
187.453	0
187.52	0
187.588	0
187.655	0
187.722	0
187.789	0
187.857	0
187.924	0
187.991	0
188.058	0
188.126	0
188.193	0
188.26	0
188.328	0
188.395	0
188.462	0
188.529	0
188.597	0
188.664	0
188.731	0
188.798	0
188.866	0
188.933	0
189	0
189.067	0
189.135	0
189.202	0
189.269	0
189.337	0
189.404	0
189.471	0
189.538	0
189.606	0
189.673	0
189.74	0
189.807	0
189.875	0
189.942	0
190.009	0
190.076	0
190.144	0
190.211	0
190.278	0
190.346	0
190.413	0
190.48	0
190.547	0
190.615	0
190.682	0
190.749	0
190.816	0
190.884	0
190.951	0
191.018	0
191.086	0
191.153	0
191.22	0
191.287	0
191.355	0
191.422	0
191.489	0
191.556	0
191.624	0
191.691	0
191.758	0
191.825	0
191.893	0
191.96	0
192.027	0
192.095	0
192.162	0
192.229	0
192.296	0
192.364	0
192.431	0
192.498	0
192.565	0
192.633	0
192.7	0
192.767	0
192.835	0
192.902	0
192.969	0
193.036	0
193.104	0
193.171	0
193.238	0
193.305	0
193.373	0
193.44	0
193.507	0
193.574	0
193.642	0
193.709	0
193.776	0
193.844	0
193.911	0
193.978	0
194.045	0
194.113	0
194.18	0
194.247	0
194.314	0
194.382	0
194.449	0
194.516	0
194.583	0
194.651	0
194.718	0
194.785	0
194.853	0
194.92	0
194.987	0
195.054	0
195.122	0
195.189	0
195.256	0
195.323	0
195.391	0
195.458	0
195.525	0
195.593	0
195.66	0
195.727	0
195.794	0
195.862	0
195.929	0
195.996	0
196.063	0
196.131	0
196.198	0
196.265	0
196.332	0
196.4	0
196.467	0
196.534	0
196.602	0
196.669	0
196.736	0
196.803	0
196.871	0
196.938	0
197.005	0
197.072	0
197.14	0
197.207	0
197.274	0
197.342	0
197.409	0
197.476	0
197.543	0
197.611	0
197.678	0
197.745	0
197.812	0
197.88	0
197.947	0
198.014	0
198.081	0
198.149	0
198.216	0
198.283	0
198.351	0
198.418	0
198.485	0
198.552	0
198.62	0
198.687	0
198.754	0
198.821	0
198.889	0
198.956	0
199.023	0
199.09	0
199.158	0
199.225	0
199.292	0
199.36	0
199.427	0
199.494	0
199.561	0
199.629	0
199.696	0
199.763	0
199.83	0
199.898	1
199.965	0
200.032	0
200.1	0
200.167	0
200.234	0
200.301	0
200.369	0
200.436	0
200.503	0
200.57	0
200.638	0
200.705	0
200.772	0
200.839	0
200.907	0
200.974	0
201.041	0
201.109	0
201.176	0
201.243	0
201.31	0
201.378	0
201.445	0
201.512	0
201.579	0
201.647	0
201.714	0
201.781	0
201.849	0
201.916	0
201.983	0
202.05	0
202.118	0
202.185	0
202.252	0
202.319	0
202.387	0
202.454	0
202.521	0
202.588	0
202.656	0
202.723	0
202.79	0
202.858	0
202.925	0
202.992	0
203.059	0
203.127	0
203.194	0
203.261	0
203.328	0
203.396	0
203.463	0
203.53	0
203.597	0
203.665	0
203.732	0
203.799	0
203.867	0
203.934	0
204.001	0
204.068	0
204.136	0
204.203	0
204.27	0
204.337	0
204.405	0
204.472	0
204.539	0
204.607	0
204.674	0
204.741	0
204.808	0
204.876	0
204.943	0
205.01	0
205.077	0
205.145	0
205.212	0
205.279	0
205.346	0
205.414	0
205.481	0
205.548	0
205.616	0
205.683	0
205.75	0
205.817	0
205.885	0
205.952	0
206.019	0
206.086	0
206.154	0
206.221	0
206.288	0
206.356	0
206.423	0
206.49	0
206.557	0
206.625	0
206.692	0
206.759	0
206.826	0
206.894	0
206.961	0
207.028	0
207.095	0
207.163	0
207.23	0
207.297	0
207.365	0
207.432	0
207.499	0
207.566	0
207.634	0
207.701	0
207.768	0
207.835	0
207.903	0
207.97	0
208.037	0
208.104	0
208.172	0
208.239	0
208.306	0
208.374	0
208.441	0
208.508	0
208.575	0
208.643	0
208.71	0
208.777	0
208.844	0
208.912	0
208.979	0
209.046	0
209.114	0
209.181	0
209.248	0
209.315	0
209.383	0
209.45	0
209.517	0
209.584	0
209.652	0
209.719	0
209.786	0
209.853	0
209.921	0
209.988	0
210.055	0
210.123	0
210.19	0
210.257	0
210.324	0
210.392	0
210.459	0
210.526	0
210.593	0
210.661	0
210.728	0
210.795	0
210.863	0
210.93	0
210.997	0
211.064	0
211.132	0
211.199	0
211.266	0
211.333	0
211.401	0
211.468	0
211.535	0
211.602	0
211.67	0
211.737	0
211.804	0
211.872	0
211.939	0
212.006	0
212.073	0
212.141	0
212.208	0
212.275	0
212.342	0
212.41	0
212.477	0
212.544	0
212.612	0
212.679	0
212.746	0
212.813	0
212.881	0
212.948	0
213.015	0
213.082	0
213.15	0
213.217	0
213.284	0
213.351	0
213.419	0
213.486	0
213.553	0
213.621	0
213.688	0
213.755	0
213.822	0
213.89	0
213.957	0
214.024	0
214.091	0
214.159	0
214.226	0
214.293	0
214.36	0
214.428	0
214.495	0
214.562	0
214.63	0
214.697	0
214.764	0
214.831	0
214.899	0
214.966	0
215.033	0
215.1	0
215.168	0
215.235	0
215.302	0
215.37	0
215.437	0
215.504	0
215.571	0
215.639	0
215.706	0
215.773	0
215.84	0
215.908	0
215.975	0
216.042	0
216.109	0
216.177	0
216.244	0
216.311	0
216.379	0
216.446	0
216.513	0
216.58	0
216.648	0
216.715	0
216.782	0
216.849	0
216.917	0
216.984	0
217.051	0
217.119	0
217.186	0
217.253	0
217.32	0
217.388	0
217.455	0
217.522	0
217.589	0
217.657	0
217.724	0
217.791	0
217.858	0
217.926	0
217.993	0
218.06	0
218.128	0
218.195	0
218.262	0
218.329	0
218.397	0
218.464	0
218.531	0
218.598	0
218.666	0
218.733	0
218.8	0
218.867	0
218.935	0
219.002	0
219.069	0
219.137	0
219.204	0
219.271	0
219.338	0
219.406	0
219.473	0
219.54	0
219.607	0
219.675	0
219.742	0
219.809	0
219.877	0
219.944	0
220.011	0
220.078	0
220.146	0
220.213	0
220.28	0
220.347	0
220.415	0
220.482	0
220.549	0
220.616	0
220.684	0
220.751	0
220.818	0
220.886	0
220.953	0
221.02	0
221.087	0
221.155	0
221.222	0
221.289	0
221.356	0
221.424	1
221.491	0
221.558	0
221.626	0
221.693	0
221.76	0
221.827	0
221.895	0
221.962	0
222.029	0
222.096	0
222.164	0
222.231	0
222.298	0
222.365	0
222.433	0
222.5	0
222.567	0
222.635	0
222.702	0
222.769	0
222.836	0
222.904	0
222.971	0
223.038	0
223.105	0
223.173	0
223.24	0
223.307	0
223.374	0
223.442	0
223.509	0
223.576	0
223.644	0
223.711	0
223.778	0
223.845	0
223.913	0
223.98	0
224.047	0
224.114	0
224.182	0
224.249	0
224.316	0
224.384	0
224.451	0
224.518	0
224.585	0
224.653	0
224.72	0
224.787	0
224.854	0
224.922	0
224.989	0
225.056	0
225.123	0
225.191	0
225.258	0
225.325	0
225.393	0
225.46	0
225.527	0
225.594	0
225.662	0
225.729	0
225.796	0
225.863	0
225.931	0
225.998	0
226.065	0
226.133	0
226.2	0
226.267	0
226.334	0
226.402	0
226.469	0
226.536	0
226.603	0
226.671	0
226.738	0
226.805	0
226.872	0
226.94	0
227.007	0
227.074	0
227.142	0
227.209	0
227.276	0
227.343	0
227.411	0
227.478	0
227.545	0
227.612	0
227.68	0
227.747	0
227.814	0
227.881	0
227.949	0
228.016	0
228.083	0
228.151	0
228.218	0
228.285	0
228.352	0
228.42	0
228.487	0
228.554	0
228.621	0
228.689	0
228.756	0
228.823	0
228.891	0
228.958	0
229.025	0
229.092	0
229.16	0
229.227	0
229.294	0
229.361	0
229.429	0
229.496	0
229.563	0
229.63	0
229.698	0
229.765	0
229.832	0
229.9	0
229.967	0
230.034	0
230.101	0
230.169	0
230.236	0
230.303	0
230.37	0
230.438	0
230.505	0
230.572	0
230.64	0
230.707	0
230.774	0
230.841	0
230.909	0
230.976	0
231.043	0
231.11	0
231.178	0
231.245	0
231.312	0
231.379	0
231.447	0
231.514	0
231.581	0
231.649	0
231.716	0
231.783	0
231.85	0
231.918	0
231.985	0
232.052	0
232.119	0
232.187	0
232.254	0
232.321	0
232.388	0
232.456	0
232.523	0
232.59	0
232.658	0
232.725	0
232.792	0
232.859	0
232.927	0
232.994	0
233.061	0
233.128	0
233.196	0
233.263	0
233.33	0
233.398	0
233.465	0
233.532	0
233.599	0
233.667	0
233.734	0
233.801	0
233.868	0
233.936	0
234.003	0
234.07	0
234.137	0
234.205	0
234.272	0
234.339	0
234.407	0
234.474	0
234.541	0
234.608	0
234.676	0
234.743	0
234.81	0
234.877	0
234.945	0
235.012	0
235.079	0
235.147	0
235.214	0
235.281	0
235.348	0
235.416	0
235.483	0
235.55	0
235.617	0
235.685	0
235.752	0
235.819	0
235.886	0
235.954	0
236.021	0
236.088	0
236.156	0
236.223	0
236.29	0
236.357	0
236.425	0
236.492	0
236.559	0
236.626	0
236.694	0
236.761	0
236.828	0
236.896	0
236.963	0
237.03	0
237.097	0
237.165	0
237.232	0
237.299	0
237.366	0
237.434	0
237.501	0
237.568	0
237.635	0
237.703	0
237.77	0
237.837	0
237.905	0
237.972	0
238.039	0
238.106	0
238.174	0
238.241	0
238.308	0
238.375	0
238.443	0
238.51	0
238.577	0
238.644	0
238.712	0
238.779	0
238.846	0
238.914	0
238.981	0
239.048	0
239.115	0
239.183	0
239.25	0
239.317	0
239.384	0
239.452	0
239.519	0
239.586	0
239.654	0
239.721	0
239.788	0
239.855	0
239.923	0
239.99	0
240.057	0
240.124	0
240.192	0
240.259	0
240.326	0
240.393	0
240.461	0
240.528	0
240.595	0
240.663	0
240.73	0
240.797	0
240.864	0
240.932	0
240.999	0
241.066	0
241.133	0
241.201	0
241.268	0
241.335	0
241.403	0
241.47	0
241.537	0
241.604	0
241.672	0
241.739	0
241.806	0
241.873	0
241.941	0
242.008	0
242.075	0
242.142	0
242.21	0
242.277	0
242.344	0
242.412	0
242.479	0
242.546	0
242.613	0
242.681	0
242.748	0
242.815	0
242.882	0
242.95	0
243.017	0
243.084	0
243.151	0
243.219	0
243.286	0
243.353	0
243.421	0
243.488	0
243.555	0
243.622	0
243.69	0
243.757	0
243.824	0
243.891	0
243.959	0
244.026	0
244.093	0
244.161	0
244.228	0
244.295	0
244.362	0
244.43	0
244.497	0
244.564	0
244.631	0
244.699	0
244.766	0
244.833	0
244.9	0
244.968	0
245.035	0
245.102	0
245.17	0
245.237	0
245.304	0
245.371	0
245.439	0
245.506	0
245.573	0
245.64	0
245.708	0
245.775	0
245.842	0
245.91	0
245.977	0
246.044	0
246.111	0
246.179	0
246.246	0
246.313	0
246.38	0
246.448	0
246.515	0
246.582	0
246.649	0
246.717	0
246.784	0
246.851	0
246.919	0
246.986	0
247.053	0
247.12	0
247.188	0
247.255	0
247.322	0
247.389	0
247.457	0
247.524	0
247.591	0
247.658	0
247.726	0
247.793	0
247.86	0
247.928	0
247.995	0
248.062	0
248.129	0
248.197	0
248.264	0
248.331	0
248.398	0
248.466	0
248.533	0
248.6	0
248.668	0
248.735	0
248.802	0
248.869	0
248.937	0
249.004	0
249.071	0
249.138	0
249.206	0
249.273	0
249.34	0
249.407	0
249.475	0
249.542	0
249.609	0
249.677	0
249.744	0
249.811	0
249.878	0
249.946	0
250.013	0
250.08	0
250.147	0
250.215	0
250.282	0
250.349	0
250.417	0
250.484	0
250.551	0
250.618	0
250.686	0
250.753	0
250.82	0
250.887	0
250.955	0
251.022	0
251.089	0
251.156	0
251.224	0
251.291	0
251.358	0
251.426	0
251.493	0
251.56	0
251.627	0
251.695	0
251.762	0
251.829	0
251.896	0
251.964	0
252.031	0
252.098	0
252.165	0
252.233	0
252.3	0
252.367	0
252.435	0
252.502	0
252.569	0
252.636	0
252.704	0
252.771	0
252.838	0
252.905	0
252.973	0
253.04	0
253.107	0
253.175	0
253.242	0
253.309	0
253.376	0
253.444	0
253.511	0
253.578	0
253.645	0
253.713	0
253.78	0
253.847	0
253.914	0
253.982	0
254.049	0
254.116	0
254.184	0
254.251	0
254.318	0
254.385	0
254.453	0
254.52	0
254.587	0
254.654	0
254.722	0
254.789	0
254.856	0
254.924	0
254.991	0
255.058	0
255.125	0
255.193	0
255.26	0
255.327	0
255.394	0
255.462	0
255.529	0
255.596	0
255.663	0
255.731	0
255.798	0
255.865	0
255.933	0
256	0
256.067	0
256.134	0
256.202	0
256.269	0
256.336	0
256.403	0
256.471	0
256.538	0
256.605	0
256.672	0
256.74	0
256.807	0
256.874	0
256.942	0
257.009	0
257.076	0
257.143	0
257.211	0
257.278	0
257.345	0
257.412	0
257.48	0
257.547	0
257.614	0
257.682	0
257.749	0
257.816	0
257.883	0
257.951	0
258.018	0
258.085	0
258.152	0
258.22	0
258.287	0
258.354	0
258.421	0
258.489	0
258.556	0
258.623	0
258.691	0
258.758	0
258.825	0
258.892	0
258.96	0
259.027	0
259.094	0
259.161	0
259.229	0
259.296	0
259.363	0
259.431	0
259.498	0
259.565	0
259.632	0
259.7	0
259.767	0
259.834	0
259.901	0
259.969	0
260.036	0
260.103	0
260.17	0
260.238	0
260.305	0
260.372	0
260.44	0
260.507	0
260.574	0
260.641	0
260.709	0
260.776	0
260.843	0
260.91	0
260.978	0
261.045	0
261.112	0
261.18	0
261.247	0
261.314	0
261.381	0
261.449	0
261.516	0
261.583	0
261.65	0
261.718	0
261.785	0
261.852	0
261.919	0
261.987	0
262.054	0
262.121	0
262.189	0
262.256	0
262.323	0
262.39	0
262.458	0
262.525	0
262.592	0
262.659	0
262.727	0
262.794	0
262.861	0
262.928	0
262.996	0
263.063	0
263.13	0
263.198	0
263.265	0
263.332	0
263.399	0
263.467	0
263.534	0
263.601	0
263.668	0
263.736	0
263.803	0
263.87	0
263.938	0
264.005	0
264.072	0
264.139	0
264.207	0
264.274	0
264.341	0
264.408	0
264.476	0
264.543	0
264.61	0
264.677	0
264.745	0
264.812	0
264.879	0
264.947	0
265.014	0
265.081	0
265.148	0
265.216	0
265.283	0
265.35	0
265.417	0
265.485	0
265.552	0
265.619	0
265.687	0
265.754	0
265.821	0
265.888	0
265.956	0
266.023	0
266.09	0
266.157	0
266.225	0
266.292	0
266.359	0
266.426	0
266.494	0
266.561	0
266.628	0
266.696	0
266.763	0
266.83	0
266.897	0
266.965	0
267.032	0
267.099	0
267.166	0
267.234	0
267.301	0
267.368	0
267.435	0
267.503	0
267.57	0
267.637	0
267.705	0
267.772	0
267.839	0
267.906	0
267.974	0
268.041	0
268.108	0
268.175	0
268.243	0
268.31	0
268.377	0
268.445	0
268.512	0
268.579	0
268.646	0
268.714	0
268.781	0
268.848	0
268.915	0
268.983	0
269.05	0
269.117	0
269.184	0
269.252	0
269.319	0
269.386	0
269.454	0
269.521	0
269.588	0
269.655	0
269.723	0
269.79	0
269.857	0
269.924	0
269.992	0
270.059	0
270.126	0
270.194	0
270.261	0
270.328	0
270.395	0
270.463	0
270.53	0
270.597	0
270.664	0
270.732	0
270.799	0
270.866	0
270.933	0
271.001	0
271.068	0
271.135	0
271.203	0
271.27	0
271.337	0
271.404	0
271.472	0
271.539	0
271.606	0
271.673	0
271.741	0
271.808	0
271.875	0
271.942	0
272.01	0
272.077	0
272.144	0
272.212	0
272.279	0
272.346	0
272.413	0
272.481	0
272.548	0
272.615	0
272.682	0
272.75	0
272.817	0
272.884	0
272.952	0
273.019	0
273.086	0
273.153	0
273.221	0
273.288	0
273.355	0
273.422	0
273.49	0
273.557	0
273.624	0
273.691	0
273.759	0
273.826	0
273.893	0
273.961	0
274.028	0
274.095	0
274.162	0
274.23	0
274.297	0
274.364	0
274.431	0
274.499	0
274.566	0
274.633	0
274.701	0
274.768	0
274.835	0
274.902	0
274.97	0
275.037	0
275.104	0
275.171	0
275.239	0
275.306	0
275.373	0
275.44	0
275.508	0
275.575	0
275.642	0
275.71	0
275.777	0
275.844	0
275.911	0
275.979	0
276.046	0
276.113	0
276.18	0
276.248	0
276.315	0
276.382	0
276.449	0
276.517	0
276.584	0
276.651	0
276.719	0
276.786	0
276.853	0
276.92	0
276.988	0
277.055	0
277.122	0
277.189	0
277.257	0
277.324	0
277.391	0
277.459	0
277.526	0
277.593	0
277.66	0
277.728	0
277.795	0
277.862	0
277.929	0
277.997	0
278.064	0
278.131	0
278.198	0
278.266	0
278.333	0
278.4	0
278.468	0
278.535	0
278.602	0
278.669	0
278.737	0
278.804	0
278.871	0
278.938	0
279.006	0
279.073	0
279.14	0
279.208	0
279.275	0
279.342	0
279.409	0
279.477	0
279.544	0
279.611	0
279.678	0
279.746	0
279.813	0
279.88	0
279.947	0
280.015	0
280.082	0
280.149	0
280.217	0
280.284	0
280.351	0
280.418	0
280.486	0
280.553	0
280.62	0
280.687	0
280.755	0
280.822	0
280.889	0
280.957	0
281.024	0
281.091	0
281.158	0
281.226	0
281.293	0
281.36	0
281.427	0
281.495	0
281.562	0
281.629	0
281.696	0
281.764	0
281.831	0
281.898	0
281.966	0
282.033	0
282.1	0
282.167	0
282.235	0
282.302	0
282.369	0
282.436	0
282.504	0
282.571	0
282.638	0
282.705	0
282.773	0
282.84	0
282.907	0
282.975	0
283.042	0
283.109	0
283.176	0
283.244	0
283.311	0
283.378	0
283.445	0
283.513	0
283.58	0
283.647	0
283.715	0
283.782	0
283.849	0
283.916	0
283.984	0
284.051	0
284.118	0
284.185	0
284.253	0
284.32	0
284.387	0
284.454	0
284.522	0
284.589	0
284.656	0
284.724	0
284.791	0
284.858	0
284.925	0
284.993	0
285.06	0
285.127	0
285.194	0
285.262	0
285.329	0
285.396	0
285.464	0
285.531	0
285.598	0
285.665	0
285.733	0
285.8	0
285.867	0
285.934	0
286.002	0
286.069	0
286.136	0
286.203	0
286.271	0
286.338	0
286.405	0
286.473	0
286.54	0
286.607	0
286.674	0
286.742	0
286.809	0
286.876	0
286.943	0
287.011	0
287.078	0
287.145	0
287.212	0
287.28	0
287.347	0
287.414	0
287.482	0
287.549	0
287.616	0
287.683	0
287.751	0
287.818	0
287.885	0
287.952	0
288.02	0
288.087	0
288.154	0
288.222	0
288.289	0
288.356	0
288.423	0
288.491	0
288.558	0
288.625	0
288.692	0
288.76	0
288.827	0
288.894	0
288.961	0
289.029	0
289.096	0
289.163	0
289.231	0
289.298	0
289.365	0
289.432	0
289.5	0
289.567	0
289.634	0
289.701	0
289.769	0
289.836	0
289.903	0
289.971	0
290.038	0
290.105	0
290.172	0
290.24	0
290.307	0
290.374	0
290.441	0
290.509	0
290.576	0
290.643	0
290.71	0
290.778	0
290.845	0
290.912	0
290.98	0
291.047	0
291.114	0
291.181	0
291.249	0
291.316	0
291.383	0
291.45	0
291.518	0
291.585	0
291.652	0
291.719	0
291.787	0
291.854	0
291.921	0
291.989	0
292.056	0
292.123	0
292.19	0
292.258	0
292.325	0
292.392	0
292.459	0
292.527	0
292.594	0
292.661	0
292.729	0
292.796	0
292.863	0
292.93	0
292.998	0
293.065	0
293.132	0
293.199	0
293.267	0
293.334	0
293.401	0
293.468	0
293.536	0
293.603	0
293.67	0
293.738	0
293.805	0
293.872	0
293.939	0
294.007	0
294.074	0
294.141	0
294.208	0
294.276	0
294.343	0
294.41	0
294.478	0
294.545	0
294.612	0
294.679	0
294.747	0
294.814	0
294.881	0
294.948	0
295.016	0
295.083	0
295.15	0
295.217	0
295.285	0
295.352	0
295.419	0
295.487	0
295.554	0
295.621	0
295.688	0
295.756	0
295.823	0
295.89	0
295.957	0
296.025	0
296.092	0
296.159	0
296.226	0
296.294	0
296.361	0
296.428	0
296.496	0
296.563	0
296.63	0
296.697	0
296.765	0
296.832	0
296.899	0
296.966	0
297.034	0
297.101	0
297.168	0
297.236	0
297.303	0
297.37	0
297.437	0
297.505	0
297.572	0
297.639	0
297.706	0
297.774	0
297.841	0
297.908	0
297.975	0
298.043	0
298.11	0
298.177	0
298.245	0
298.312	0
298.379	0
298.446	0
298.514	0
298.581	0
298.648	0
298.715	0
298.783	0
298.85	0
298.917	0
298.985	0
299.052	0
299.119	0
299.186	0
299.254	0
299.321	0
299.388	0
299.455	0
299.523	0
299.59	0
299.657	0
299.724	0
299.792	0
299.859	0
299.926	0
299.994	0
300.061	0
300.128	0
300.195	0
300.263	0
300.33	0
300.397	0
300.464	0
300.532	0
300.599	0
300.666	0
300.733	0
300.801	0
300.868	0
300.935	0
301.003	0
301.07	0
301.137	0
301.204	0
301.272	0
301.339	0
301.406	0
301.473	0
301.541	0
301.608	0
301.675	0
301.743	0
301.81	0
301.877	0
301.944	0
302.012	0
302.079	0
302.146	0
302.213	0
302.281	0
302.348	0
302.415	0
302.482	0
302.55	0
302.617	0
302.684	0
302.752	0
302.819	0
302.886	0
302.953	0
303.021	0
303.088	0
303.155	0
303.222	0
303.29	0
303.357	0
303.424	0
303.492	0
303.559	0
303.626	0
303.693	0
303.761	0
303.828	0
303.895	0
303.962	0
304.03	0
304.097	0
304.164	0
304.231	0
304.299	0
304.366	0
304.433	0
304.501	0
304.568	0
304.635	0
304.702	0
304.77	0
304.837	0
304.904	0
304.971	0
305.039	0
305.106	0
305.173	0
305.241	0
305.308	0
305.375	0
305.442	0
305.51	0
305.577	0
305.644	0
305.711	0
305.779	0
305.846	0
305.913	0
305.98	0
306.048	0
306.115	0
306.182	0
306.25	0
306.317	0
306.384	0
306.451	0
306.519	0
306.586	0
306.653	0
306.72	0
306.788	0
306.855	0
306.922	0
306.989	0
307.057	0
307.124	0
307.191	0
307.259	0
307.326	0
307.393	0
307.46	0
307.528	0
307.595	0
307.662	0
307.729	0
307.797	0
307.864	0
307.931	0
307.999	0
308.066	0
308.133	0
308.2	0
308.268	0
308.335	0
308.402	0
308.469	0
308.537	0
308.604	0
308.671	0
308.738	0
308.806	0
308.873	0
308.94	0
309.008	0
309.075	0
309.142	0
309.209	0
309.277	0
309.344	0
309.411	0
309.478	0
309.546	0
309.613	0
309.68	0
309.748	0
309.815	0
309.882	0
309.949	0
310.017	0
310.084	0
310.151	0
310.218	0
310.286	0
310.353	0
310.42	0
310.487	0
310.555	0
310.622	0
310.689	0
310.757	0
310.824	0
310.891	0
310.958	0
311.026	0
311.093	0
311.16	0
311.227	0
311.295	0
311.362	0
311.429	0
311.496	0
311.564	0
311.631	0
311.698	0
311.766	0
311.833	0
311.9	0
311.967	0
312.035	0
312.102	0
312.169	0
312.236	0
312.304	0
312.371	0
312.438	0
312.506	0
312.573	0
312.64	0
312.707	0
312.775	0
312.842	0
312.909	0
312.976	0
313.044	0
313.111	0
313.178	0
313.245	0
313.313	0
313.38	0
313.447	0
313.515	0
313.582	0
313.649	0
313.716	0
313.784	0
313.851	0
313.918	0
313.985	0
314.053	0
314.12	0
314.187	0
314.255	0
314.322	0
314.389	0
314.456	0
314.524	0
314.591	0
314.658	0
314.725	0
314.793	0
314.86	0
314.927	0
314.994	0
315.062	0
315.129	0
315.196	0
315.264	0
315.331	0
315.398	0
315.465	0
315.533	0
315.6	0
315.667	0
315.734	0
315.802	0
315.869	0
315.936	0
316.003	0
316.071	0
316.138	0
316.205	0
316.273	0
316.34	0
316.407	0
316.474	0
316.542	0
316.609	0
316.676	0
316.743	0
316.811	0
316.878	0
316.945	0
317.013	0
317.08	0
317.147	0
317.214	0
317.282	0
317.349	0
317.416	0
317.483	0
317.551	0
317.618	0
317.685	0
317.752	0
317.82	0
317.887	0
317.954	0
318.022	0
318.089	0
318.156	0
318.223	0
318.291	0
318.358	0
318.425	0
318.492	0
318.56	0
318.627	0
318.694	0
318.762	0
318.829	0
318.896	0
318.963	0
319.031	0
319.098	0
319.165	0
319.232	0
319.3	0
319.367	0
319.434	0
319.501	0
319.569	0
319.636	0
319.703	0
319.771	0
319.838	0
319.905	0
319.972	0
320.04	0
320.107	0
320.174	0
320.241	0
320.309	0
320.376	0
320.443	0
320.51	0
320.578	0
320.645	0
320.712	0
320.78	0
320.847	0
320.914	0
320.981	0
321.049	0
321.116	0
321.183	0
321.25	0
321.318	0
321.385	0
321.452	0
321.52	0
321.587	0
321.654	0
321.721	0
321.789	0
321.856	0
321.923	0
321.99	0
322.058	0
322.125	0
322.192	0
322.259	0
322.327	0
322.394	0
322.461	0
322.529	0
322.596	0
322.663	0
322.73	0
322.798	0
322.865	0
322.932	0
322.999	0
323.067	0
323.134	0
323.201	0
323.269	0
323.336	0
323.403	0
323.47	0
323.538	0
323.605	0
323.672	0
323.739	0
323.807	0
323.874	0
323.941	0
324.008	0
324.076	0
324.143	0
324.21	0
324.278	0
324.345	0
324.412	0
324.479	0
324.547	0
324.614	0
324.681	0
324.748	0
324.816	0
324.883	0
324.95	0
325.017	0
325.085	0
325.152	0
325.219	0
325.287	0
325.354	0
325.421	0
325.488	0
325.556	0
325.623	0
325.69	0
325.757	0
325.825	0
325.892	0
325.959	0
326.027	0
326.094	0
326.161	0
326.228	0
326.296	0
326.363	0
326.43	0
326.497	0
326.565	0
326.632	0
326.699	0
326.766	0
326.834	0
326.901	0
326.968	0
327.036	0
327.103	0
327.17	0
327.237	0
327.305	0
327.372	0
327.439	0
327.506	0
327.574	0
327.641	0
327.708	0
327.776	0
327.843	0
327.91	0
327.977	0
328.045	0
328.112	0
328.179	0
328.246	0
328.314	0
328.381	0
328.448	0
328.515	0
328.583	0
328.65	0
328.717	0
328.785	0
328.852	0
328.919	0
328.986	0
329.054	0
329.121	0
329.188	0
329.255	0
329.323	0
329.39	0
329.457	0
329.525	0
329.592	0
329.659	0
329.726	0
329.794	0
329.861	0
329.928	0
329.995	0
330.063	0
330.13	0
330.197	0
330.264	0
330.332	0
330.399	0
330.466	0
330.534	0
330.601	0
330.668	0
330.735	0
330.803	0
330.87	0
330.937	0
331.004	0
331.072	0
331.139	0
331.206	0
331.273	0
331.341	0
331.408	0
331.475	0
331.543	0
331.61	0
331.677	0
331.744	0
331.812	0
331.879	0
331.946	0
332.013	0
332.081	0
332.148	0
332.215	0
332.283	0
332.35	0
332.417	0
332.484	0
332.552	0
332.619	0
332.686	0
332.753	0
332.821	0
332.888	0
332.955	0
333.022	0
333.09	0
333.157	0
333.224	0
333.292	0
333.359	0
333.426	0
333.493	0
333.561	0
333.628	0
333.695	0
333.762	0
333.83	0
333.897	0
333.964	0
334.032	0
334.099	0
334.166	0
334.233	0
334.301	0
334.368	0
334.435	0
334.502	0
334.57	0
334.637	0
334.704	0
334.771	0
334.839	0
334.906	0
334.973	0
335.041	0
335.108	0
335.175	0
335.242	0
335.31	0
335.377	0
335.444	0
335.511	0
335.579	0
335.646	0
335.713	0
335.78	0
335.848	0
335.915	0
335.982	0
336.05	0
336.117	0
336.184	0
336.251	0
336.319	0
336.386	0
336.453	0
336.52	0
336.588	0
336.655	0
336.722	0
336.79	0
336.857	0
336.924	0
336.991	0
337.059	0
337.126	0
337.193	0
337.26	0
337.328	0
337.395	0
337.462	0
337.529	0
337.597	0
337.664	0
337.731	0
337.799	0
337.866	0
337.933	0
338	0
338.068	0
338.135	0
338.202	0
338.269	0
338.337	0
338.404	0
338.471	0
338.539	0
338.606	0
338.673	0
338.74	0
338.808	0
338.875	0
338.942	0
339.009	0
339.077	0
339.144	0
339.211	0
339.278	0
339.346	0
339.413	0
339.48	0
339.548	0
339.615	0
339.682	0
339.749	0
339.817	0
339.884	0
339.951	0
340.018	0
340.086	0
340.153	0
340.22	0
340.287	0
340.355	0
340.422	0
340.489	0
340.557	0
340.624	0
340.691	0
340.758	0
340.826	0
340.893	0
340.96	0
341.027	0
341.095	0
341.162	0
341.229	0
341.297	0
341.364	0
341.431	0
341.498	0
341.566	0
341.633	0
341.7	0
341.767	0
341.835	0
341.902	0
341.969	0
342.036	0
342.104	0
342.171	0
342.238	0
342.306	0
342.373	0
342.44	0
342.507	0
342.575	0
342.642	0
342.709	0
342.776	0
342.844	0
342.911	0
342.978	0
343.046	0
343.113	0
343.18	0
343.247	0
343.315	0
343.382	0
343.449	0
343.516	0
343.584	0
343.651	0
343.718	0
343.785	0
343.853	0
343.92	0
343.987	0
344.055	0
344.122	0
344.189	0
344.256	0
344.324	0
344.391	0
344.458	0
344.525	0
344.593	0
344.66	0
344.727	0
344.794	0
344.862	0
344.929	0
344.996	0
345.064	0
345.131	0
345.198	0
345.265	0
345.333	0
345.4	0
345.467	0
345.534	0
345.602	0
345.669	0
345.736	0
345.804	0
345.871	0
345.938	0
346.005	0
346.073	0
346.14	0
346.207	0
346.274	0
346.342	0
346.409	0
346.476	0
346.543	0
346.611	0
346.678	0
346.745	0
346.813	0
346.88	0
346.947	0
347.014	0
347.082	0
347.149	0
347.216	0
347.283	0
347.351	0
347.418	0
347.485	0
347.553	0
347.62	0
347.687	0
347.754	0
347.822	0
347.889	0
347.956	0
348.023	0
348.091	0
348.158	0
348.225	0
348.292	0
348.36	0
348.427	0
348.494	0
348.562	0
348.629	0
348.696	0
348.763	0
348.831	0
348.898	0
348.965	0
349.032	0
349.1	0
349.167	0
349.234	0
349.301	0
349.369	0
349.436	0
349.503	0
349.571	0
349.638	0
349.705	0
349.772	0
349.84	0
349.907	0
349.974	0
350.041	0
350.109	0
350.176	0
350.243	0
350.311	0
350.378	0
350.445	0
350.512	0
350.58	0
350.647	0
350.714	0
350.781	0
350.849	0
350.916	0
350.983	0
351.05	0
351.118	0
351.185	0
351.252	0
351.32	0
351.387	0
351.454	0
351.521	0
351.589	0
351.656	0
351.723	0
351.79	0
351.858	0
351.925	0
351.992	0
352.06	0
352.127	0
352.194	0
352.261	0
352.329	0
352.396	0
352.463	0
352.53	0
352.598	0
352.665	0
352.732	0
352.799	0
352.867	0
352.934	0
353.001	0
353.069	0
353.136	0
353.203	0
353.27	0
353.338	0
353.405	0
353.472	0
353.539	0
353.607	0
353.674	0
353.741	0
353.809	0
353.876	0
353.943	0
354.01	0
354.078	0
354.145	0
354.212	0
354.279	0
354.347	0
354.414	0
354.481	0
354.548	0
354.616	0
354.683	0
354.75	0
354.818	0
354.885	0
354.952	0
355.019	0
355.087	0
355.154	0
355.221	0
355.288	0
355.356	0
355.423	0
355.49	0
355.557	0
355.625	0
355.692	0
355.759	0
355.827	0
355.894	0
355.961	0
356.028	0
356.096	0
356.163	0
356.23	0
356.297	0
356.365	0
356.432	0
356.499	0
356.567	0
356.634	0
356.701	0
356.768	0
356.836	0
356.903	0
356.97	0
357.037	0
357.105	0
357.172	0
357.239	0
357.306	0
357.374	0
357.441	0
357.508	0
357.576	0
357.643	0
357.71	0
357.777	0
357.845	0
357.912	0
357.979	0
358.046	0
358.114	0
358.181	0
358.248	0
358.316	0
358.383	0
358.45	0
358.517	0
358.585	0
358.652	0
358.719	0
358.786	0
358.854	0
358.921	0
358.988	0
359.055	0
359.123	0
359.19	0
359.257	0
359.325	0
359.392	0
359.459	0
359.526	0
359.594	0
359.661	0
359.728	0
359.795	0
359.863	0
359.93	0
359.997	0
360.064	0
360.132	0
360.199	0
360.266	0
360.334	0
360.401	0
360.468	0
360.535	0
360.603	0
360.67	0
360.737	0
360.804	0
360.872	0
360.939	0
361.006	0
361.074	0
361.141	0
361.208	0
361.275	0
361.343	0
361.41	0
361.477	0
361.544	0
361.612	0
361.679	0
361.746	0
361.813	0
361.881	0
361.948	0
362.015	0
362.083	0
362.15	0
362.217	0
362.284	0
362.352	0
362.419	0
362.486	0
362.553	0
362.621	0
362.688	0
362.755	0
362.823	0
362.89	0
362.957	0
363.024	0
363.092	0
363.159	0
363.226	0
363.293	0
363.361	0
363.428	0
363.495	0
363.562	0
363.63	0
363.697	0
363.764	0
363.832	0
363.899	0
363.966	0
364.033	0
364.101	0
364.168	0
364.235	0
364.302	0
364.37	0
364.437	0
364.504	0
364.571	0
364.639	0
364.706	0
364.773	0
364.841	0
364.908	0
364.975	0
365.042	0
365.11	0
365.177	0
365.244	0
365.311	0
365.379	0
365.446	0
365.513	0
365.581	0
365.648	0
365.715	0
365.782	0
365.85	0
365.917	0
365.984	0
366.051	0
366.119	0
366.186	0
366.253	0
366.32	0
366.388	0
366.455	0
366.522	0
366.59	0
366.657	0
366.724	0
366.791	0
366.859	0
366.926	0
366.993	0
367.06	0
367.128	0
367.195	0
367.262	0
367.33	0
367.397	0
367.464	0
367.531	0
367.599	0
367.666	0
367.733	0
367.8	0
367.868	0
367.935	0
368.002	0
368.069	0
368.137	0
368.204	0
368.271	0
368.339	0
368.406	0
368.473	0
368.54	0
368.608	0
368.675	0
368.742	0
368.809	0
368.877	0
368.944	0
369.011	0
369.078	0
369.146	0
369.213	0
369.28	0
369.348	0
369.415	0
369.482	0
369.549	0
369.617	0
369.684	0
369.751	0
369.818	0
369.886	0
369.953	0
370.02	0
370.088	0
370.155	0
370.222	0
370.289	0
370.357	0
370.424	0
370.491	0
370.558	0
370.626	0
370.693	0
370.76	0
370.827	0
370.895	0
370.962	0
371.029	0
371.097	0
371.164	0
371.231	0
371.298	0
371.366	0
371.433	0
371.5	0
371.567	0
371.635	0
371.702	0
371.769	0
371.837	0
371.904	1
371.971	0
372.038	0
372.106	0
372.173	0
372.24	0
372.307	0
372.375	0
372.442	0
372.509	0
372.576	0
372.644	0
372.711	0
372.778	0
372.846	0
372.913	0
372.98	0
373.047	0
373.115	0
373.182	0
373.249	0
373.316	0
373.384	0
373.451	0
373.518	0
373.586	0
373.653	0
373.72	0
373.787	0
373.855	0
373.922	0
373.989	0
374.056	0
374.124	0
374.191	0
374.258	0
374.325	0
374.393	0
374.46	0
374.527	0
374.595	0
374.662	0
374.729	0
374.796	0
374.864	0
374.931	0
374.998	0
375.065	0
375.133	0
375.2	0
375.267	0
375.334	0
375.402	0
375.469	0
375.536	0
375.604	0
375.671	0
375.738	0
375.805	0
375.873	0
375.94	0
376.007	0
376.074	0
376.142	0
376.209	0
376.276	0
376.344	0
376.411	0
376.478	0
376.545	0
376.613	0
376.68	0
376.747	0
376.814	0
376.882	0
376.949	0
377.016	0
377.083	0
377.151	0
377.218	0
377.285	0
377.353	0
377.42	0
377.487	0
377.554	0
377.622	0
377.689	0
377.756	0
377.823	0
377.891	0
377.958	0
378.025	0
378.093	0
378.16	0
378.227	0
378.294	0
378.362	0
378.429	0
378.496	0
378.563	0
378.631	0
378.698	0
378.765	0
378.832	0
378.9	0
378.967	0
379.034	0
379.102	0
379.169	0
379.236	0
379.303	0
379.371	0
379.438	0
379.505	0
379.572	0
379.64	0
379.707	0
379.774	0
379.841	0
379.909	0
379.976	0
380.043	0
380.111	0
380.178	0
380.245	1
380.312	0
380.38	0
380.447	0
380.514	0
380.581	0
380.649	0
380.716	0
380.783	0
380.851	0
380.918	0
380.985	0
381.052	0
381.12	0
381.187	0
381.254	0
381.321	0
381.389	0
381.456	0
381.523	0
381.59	0
381.658	0
381.725	0
381.792	0
381.86	0
381.927	0
381.994	0
382.061	0
382.129	0
382.196	0
382.263	0
382.33	0
382.398	0
382.465	0
382.532	0
382.6	0
382.667	0
382.734	0
382.801	0
382.869	0
382.936	0
383.003	0
383.07	0
383.138	0
383.205	0
383.272	0
383.339	0
383.407	0
383.474	0
383.541	0
383.609	0
383.676	0
383.743	0
383.81	0
383.878	0
383.945	0
384.012	0
384.079	0
384.147	0
384.214	0
384.281	0
384.348	0
384.416	0
384.483	0
384.55	0
384.618	0
384.685	0
384.752	0
384.819	0
384.887	0
384.954	0
385.021	0
385.088	0
385.156	0
385.223	0
385.29	0
385.358	0
385.425	0
385.492	0
385.559	0
385.627	0
385.694	0
385.761	0
385.828	0
385.896	0
385.963	0
386.03	0
386.097	0
386.165	0
386.232	0
386.299	0
386.367	0
386.434	0
386.501	0
386.568	0
386.636	0
386.703	0
386.77	0
386.837	0
386.905	0
386.972	0
387.039	0
387.107	0
387.174	0
387.241	0
387.308	0
387.376	0
387.443	0
387.51	0
387.577	0
387.645	0
387.712	0
387.779	0
387.846	0
387.914	0
387.981	0
388.048	0
388.116	0
388.183	0
388.25	0
388.317	0
388.385	0
388.452	0
388.519	0
388.586	0
388.654	0
388.721	0
388.788	0
388.855	0
388.923	0
388.99	0
389.057	0
389.125	0
389.192	0
389.259	0
389.326	0
389.394	0
389.461	0
389.528	0
389.595	0
389.663	0
389.73	0
389.797	0
389.865	0
389.932	0
389.999	0
390.066	0
390.134	0
390.201	0
390.268	0
390.335	0
390.403	0
390.47	0
390.537	0
390.604	0
390.672	0
390.739	0
390.806	0
390.874	0
390.941	0
391.008	0
391.075	0
391.143	0
391.21	0
391.277	0
391.344	0
391.412	0
391.479	0
391.546	0
391.614	0
391.681	0
391.748	0
391.815	0
391.883	0
391.95	0
392.017	0
392.084	0
392.152	0
392.219	0
392.286	0
392.353	0
392.421	0
392.488	0
392.555	0
392.623	0
392.69	0
392.757	0
392.824	0
392.892	0
392.959	0
393.026	0
393.093	0
393.161	0
393.228	0
393.295	0
393.362	0
393.43	0
393.497	0
393.564	0
393.632	0
393.699	0
393.766	0
393.833	0
393.901	0
393.968	0
394.035	0
394.102	0
394.17	0
394.237	0
394.304	0
394.372	0
394.439	0
394.506	0
394.573	0
394.641	0
394.708	0
394.775	0
394.842	0
394.91	0
394.977	0
395.044	0
395.111	0
395.179	0
395.246	0
395.313	0
395.381	0
395.448	0
395.515	0
395.582	0
395.65	0
395.717	0
395.784	0
395.851	0
395.919	0
395.986	0
396.053	0
396.121	0
396.188	0
396.255	0
396.322	0
396.39	0
396.457	0
396.524	0
396.591	0
396.659	0
396.726	0
396.793	0
396.86	0
396.928	0
396.995	0
397.062	0
397.13	0
397.197	0
397.264	0
397.331	0
397.399	0
397.466	0
397.533	0
397.6	0
397.668	0
397.735	0
397.802	0
397.87	0
397.937	0
398.004	0
398.071	0
398.139	0
398.206	0
398.273	0
398.34	0
398.408	0
398.475	0
398.542	0
398.609	0
398.677	0
398.744	0
398.811	0
398.879	0
398.946	0
399.013	0
399.08	0
399.148	0
399.215	0
399.282	0
399.349	0
399.417	0
399.484	0
399.551	0
399.618	0
399.686	0
399.753	0
399.82	0
399.888	0
399.955	0
400.022	0
400.089	0
400.157	0
400.224	0
400.291	0
400.358	0
400.426	0
400.493	0
400.56	0
400.628	0
400.695	0
400.762	0
400.829	0
400.897	0
400.964	0
401.031	0
401.098	0
401.166	0
401.233	0
401.3	0
401.367	0
401.435	0
401.502	0
401.569	0
401.637	0
401.704	0
401.771	0
401.838	0
401.906	0
401.973	0
402.04	0
402.107	0
402.175	0
402.242	0
402.309	0
402.377	0
402.444	0
402.511	0
402.578	0
402.646	0
402.713	0
402.78	0
402.847	0
402.915	0
402.982	0
403.049	0
403.116	0
403.184	0
403.251	0
403.318	0
403.386	0
403.453	0
403.52	0
403.587	0
403.655	0
403.722	0
403.789	0
403.856	0
403.924	0
403.991	0
404.058	0
404.125	0
404.193	0
404.26	0
404.327	0
404.395	0
404.462	0
404.529	0
404.596	0
404.664	0
404.731	0
404.798	0
404.865	0
404.933	0
405	0
405.067	0
405.135	0
405.202	0
405.269	0
405.336	0
405.404	0
405.471	0
405.538	0
405.605	0
405.673	0
405.74	0
405.807	0
405.874	0
405.942	0
406.009	0
406.076	0
406.144	0
406.211	0
406.278	0
406.345	0
406.413	0
406.48	0
406.547	0
406.614	0
406.682	0
406.749	0
406.816	0
406.884	0
406.951	0
407.018	0
407.085	0
407.153	0
407.22	0
407.287	0
407.354	0
407.422	0
407.489	0
407.556	0
407.623	0
407.691	0
407.758	0
407.825	0
407.893	0
407.96	0
408.027	0
408.094	0
408.162	0
408.229	0
408.296	0
408.363	0
408.431	0
408.498	0
408.565	0
408.632	0
408.7	0
408.767	0
408.834	0
408.902	0
408.969	0
409.036	0
409.103	0
409.171	0
409.238	0
409.305	0
409.372	0
409.44	0
409.507	0
409.574	0
409.642	0
409.709	0
409.776	0
409.843	0
409.911	0
409.978	0
410.045	0
410.112	0
410.18	0
410.247	0
410.314	0
410.381	0
410.449	0
410.516	0
410.583	0
410.651	0
410.718	0
410.785	0
410.852	0
410.92	0
410.987	0
411.054	0
411.121	0
411.189	0
411.256	0
411.323	0
411.391	0
411.458	0
411.525	0
411.592	0
411.66	0
411.727	0
411.794	0
411.861	0
411.929	0
411.996	0
412.063	0
412.13	0
412.198	0
412.265	0
412.332	0
412.4	0
412.467	0
412.534	0
412.601	0
412.669	0
412.736	0
412.803	0
412.87	0
412.938	0
413.005	0
413.072	0
413.139	0
413.207	0
413.274	0
413.341	0
413.409	0
413.476	0
413.543	0
413.61	0
413.678	0
413.745	0
413.812	0
413.879	0
413.947	0
414.014	0
414.081	0
414.149	0
414.216	0
414.283	0
414.35	0
414.418	0
414.485	0
414.552	0
414.619	0
414.687	0
414.754	0
414.821	0
414.888	0
414.956	0
415.023	0
415.09	0
415.158	0
415.225	0
415.292	0
415.359	0
415.427	0
415.494	0
415.561	0
415.628	0
415.696	0
415.763	0
415.83	0
415.898	0
415.965	0
416.032	0
416.099	0
416.167	0
416.234	0
416.301	0
416.368	0
416.436	0
416.503	0
416.57	0
416.637	0
416.705	0
416.772	0
416.839	0
416.907	0
416.974	0
417.041	0
417.108	0
417.176	0
417.243	0
417.31	0
417.377	0
417.445	0
417.512	0
417.579	0
417.646	0
417.714	0
417.781	0
417.848	0
417.916	0
417.983	0
418.05	0
418.117	0
418.185	0
418.252	0
418.319	0
418.386	0
418.454	0
418.521	0
418.588	0
418.656	0
418.723	0
418.79	0
418.857	0
418.925	0
418.992	0
419.059	0
419.126	0
419.194	0
419.261	0
419.328	0
419.395	0
419.463	0
419.53	0
419.597	0
419.665	0
419.732	0
419.799	0
419.866	0
419.934	0
420.001	0
420.068	0
420.135	0
420.203	0
420.27	0
420.337	0
420.405	0
420.472	0
420.539	0
420.606	0
420.674	0
420.741	0
420.808	0
420.875	0
420.943	0
421.01	0
421.077	0
421.144	0
421.212	0
421.279	0
421.346	0
421.414	0
421.481	0
421.548	0
421.615	0
421.683	0
421.75	0
421.817	0
421.884	0
421.952	0
422.019	0
422.086	0
422.154	0
422.221	0
422.288	0
422.355	0
422.423	0
422.49	0
422.557	0
422.624	0
422.692	0
422.759	0
422.826	0
422.893	0
422.961	0
423.028	0
423.095	0
423.163	0
423.23	0
423.297	0
423.364	0
423.432	0
423.499	0
423.566	0
423.633	0
423.701	0
423.768	0
423.835	0
423.902	0
423.97	0
424.037	1
424.104	0
424.172	0
424.239	0
424.306	0
424.373	0
424.441	0
424.508	0
424.575	0
424.642	0
424.71	0
424.777	0
424.844	0
424.912	0
424.979	0
425.046	0
425.113	0
425.181	0
425.248	0
425.315	0
425.382	0
425.45	0
425.517	0
425.584	0
425.651	0
425.719	0
425.786	0
425.853	0
425.921	0
425.988	0
426.055	0
426.122	0
426.19	0
426.257	0
426.324	0
426.391	0
426.459	0
426.526	0
426.593	0
426.661	0
426.728	0
426.795	0
426.862	0
426.93	0
426.997	0
427.064	0
427.131	0
427.199	0
427.266	0
427.333	1
427.4	0
427.468	0
427.535	0
427.602	0
427.67	0
427.737	0
427.804	0
427.871	0
427.939	0
428.006	0
428.073	0
428.14	0
428.208	0
428.275	0
428.342	0
428.409	0
428.477	0
428.544	0
428.611	0
428.679	0
428.746	0
428.813	0
428.88	0
428.948	0
429.015	0
429.082	0
429.149	0
429.217	0
429.284	0
429.351	0
429.419	0
429.486	0
429.553	0
429.62	0
429.688	0
429.755	0
429.822	0
429.889	0
429.957	0
430.024	0
430.091	0
430.158	0
430.226	0
430.293	0
430.36	0
430.428	0
430.495	0
430.562	0
430.629	0
430.697	0
430.764	0
430.831	0
430.898	0
430.966	0
431.033	0
431.1	0
431.168	0
431.235	0
431.302	0
431.369	0
431.437	0
431.504	0
431.571	0
431.638	0
431.706	0
431.773	0
431.84	0
431.907	0
431.975	0
432.042	0
432.109	0
432.177	0
432.244	0
432.311	0
432.378	0
432.446	0
432.513	0
432.58	0
432.647	0
432.715	0
432.782	0
432.849	0
432.916	0
432.984	0
433.051	0
433.118	0
433.186	0
433.253	0
433.32	0
433.387	0
433.455	0
433.522	0
433.589	0
433.656	0
433.724	0
433.791	0
433.858	0
433.926	0
433.993	0
434.06	0
434.127	0
434.195	0
434.262	0
434.329	0
434.396	0
434.464	0
434.531	0
434.598	0
434.665	0
434.733	0
434.8	0
434.867	0
434.935	0
435.002	0
435.069	0
435.136	0
435.204	0
435.271	0
435.338	0
435.405	0
435.473	0
435.54	0
435.607	0
435.675	0
435.742	0
435.809	0
435.876	0
435.944	0
436.011	0
436.078	0
436.145	0
436.213	0
436.28	0
436.347	0
436.414	0
436.482	0
436.549	0
436.616	0
436.684	0
436.751	0
436.818	0
436.885	0
436.953	0
437.02	0
437.087	0
437.154	0
437.222	0
437.289	0
437.356	0
437.423	0
437.491	0
437.558	0
437.625	0
437.693	0
437.76	0
437.827	0
437.894	0
437.962	0
438.029	0
438.096	0
438.163	0
438.231	0
438.298	0
438.365	0
438.433	0
438.5	0
438.567	0
438.634	0
438.702	0
438.769	0
438.836	0
438.903	0
438.971	0
439.038	0
439.105	0
439.172	0
439.24	0
439.307	0
439.374	0
439.442	0
439.509	0
439.576	0
439.643	0
439.711	0
439.778	0
439.845	0
439.912	0
439.98	0
440.047	0
440.114	0
440.182	0
440.249	0
440.316	0
440.383	0
440.451	0
440.518	0
440.585	0
440.652	0
440.72	0
440.787	0
440.854	0
440.921	0
440.989	0
441.056	0
441.123	0
441.191	0
441.258	0
441.325	0
441.392	0
441.46	0
441.527	0
441.594	0
441.661	0
441.729	0
441.796	0
441.863	0
441.93	0
441.998	0
442.065	0
442.132	0
442.2	0
442.267	0
442.334	0
442.401	0
442.469	0
442.536	0
442.603	0
442.67	0
442.738	0
442.805	0
442.872	0
442.94	0
443.007	0
443.074	0
443.141	0
443.209	0
443.276	0
443.343	0
443.41	0
443.478	0
443.545	0
443.612	0
443.679	0
443.747	0
443.814	0
443.881	0
443.949	0
444.016	0
444.083	0
444.15	0
444.218	0
444.285	0
444.352	0
444.419	0
444.487	0
444.554	0
444.621	0
444.689	0
444.756	0
444.823	0
444.89	0
444.958	0
445.025	0
445.092	0
445.159	0
445.227	0
445.294	0
445.361	0
445.428	0
445.496	0
445.563	0
445.63	0
445.698	0
445.765	0
445.832	0
445.899	0
445.967	0
446.034	0
446.101	0
446.168	0
446.236	0
446.303	0
446.37	0
446.438	0
446.505	0
446.572	0
446.639	0
446.707	0
446.774	0
446.841	0
446.908	0
446.976	0
447.043	0
447.11	0
447.177	0
447.245	0
447.312	0
447.379	0
447.447	0
447.514	0
447.581	0
447.648	0
447.716	0
447.783	0
447.85	0
447.917	0
447.985	0
448.052	0
448.119	0
448.186	0
448.254	0
448.321	0
448.388	0
448.456	0
448.523	0
448.59	0
448.657	0
448.725	0
448.792	0
448.859	0
448.926	0
448.994	0
449.061	0
449.128	0
449.196	0
449.263	0
449.33	0
449.397	0
449.465	1
449.532	0
449.599	0
449.666	0
449.734	0
449.801	0
449.868	0
449.935	0
450.003	0
450.07	0
450.137	0
450.205	0
450.272	0
450.339	0
450.406	0
450.474	0
450.541	0
450.608	0
450.675	0
450.743	0
450.81	0
450.877	0
450.945	0
451.012	0
451.079	0
451.146	0
451.214	0
451.281	0
451.348	0
451.415	0
451.483	0
451.55	0
451.617	0
451.684	0
451.752	0
451.819	0
451.886	0
451.954	0
452.021	0
452.088	0
452.155	0
452.223	0
452.29	0
452.357	0
452.424	0
452.492	0
452.559	0
452.626	0
452.693	0
452.761	0
452.828	0
452.895	0
452.963	0
453.03	0
453.097	0
453.164	0
453.232	0
453.299	0
453.366	0
453.433	0
453.501	0
453.568	0
453.635	0
453.703	0
453.77	0
453.837	0
453.904	0
453.972	0
454.039	0
454.106	0
454.173	0
454.241	0
454.308	0
454.375	0
454.442	0
454.51	0
454.577	0
454.644	0
454.712	0
454.779	0
454.846	0
454.913	0
454.981	0
455.048	0
455.115	0
455.182	0
455.25	0
455.317	0
455.384	0
455.452	0
455.519	0
455.586	0
455.653	0
455.721	0
455.788	0
455.855	0
455.922	0
455.99	0
456.057	0
456.124	0
456.191	0
456.259	0
456.326	0
456.393	0
456.461	0
456.528	0
456.595	0
456.662	0
456.73	0
456.797	0
456.864	0
456.931	0
456.999	0
457.066	0
457.133	0
457.2	0
457.268	0
457.335	0
457.402	0
457.47	0
457.537	0
457.604	0
457.671	0
457.739	0
457.806	0
457.873	0
457.94	0
458.008	0
458.075	0
458.142	0
458.21	0
458.277	0
458.344	0
458.411	0
458.479	0
458.546	0
458.613	0
458.68	0
458.748	0
458.815	0
458.882	0
458.949	0
459.017	0
459.084	0
459.151	0
459.219	0
459.286	0
459.353	0
459.42	0
459.488	0
459.555	0
459.622	0
459.689	0
459.757	0
459.824	0
459.891	0
459.959	0
460.026	0
460.093	0
460.16	0
460.228	0
460.295	0
460.362	0
460.429	0
460.497	0
460.564	0
460.631	0
460.698	0
460.766	0
460.833	0
460.9	0
460.968	0
461.035	0
461.102	0
461.169	0
461.237	0
461.304	0
461.371	0
461.438	0
461.506	0
461.573	0
461.64	0
461.707	0
461.775	0
461.842	0
461.909	0
461.977	0
462.044	0
462.111	0
462.178	0
462.246	0
462.313	0
462.38	0
462.447	0
462.515	0
462.582	0
462.649	0
462.717	0
462.784	0
462.851	0
462.918	0
462.986	0
463.053	0
463.12	0
463.187	0
463.255	0
463.322	1
463.389	0
463.456	0
463.524	0
463.591	0
463.658	0
463.726	0
463.793	0
463.86	0
463.927	0
463.995	0
464.062	0
464.129	0
464.196	0
464.264	0
464.331	0
464.398	0
464.466	0
464.533	0
464.6	0
464.667	0
464.735	0
464.802	0
464.869	0
464.936	0
465.004	0
465.071	0
465.138	0
465.205	0
465.273	0
465.34	0
465.407	0
465.475	0
465.542	0
465.609	0
465.676	0
465.744	0
465.811	0
465.878	0
465.945	0
466.013	0
466.08	0
466.147	0
466.215	0
466.282	0
466.349	0
466.416	0
466.484	0
466.551	0
466.618	0
466.685	0
466.753	0
466.82	0
466.887	0
466.954	0
467.022	0
467.089	0
467.156	0
467.224	0
467.291	0
467.358	0
467.425	0
467.493	0
467.56	0
467.627	0
467.694	0
467.762	0
467.829	0
467.896	0
467.963	0
468.031	0
468.098	0
468.165	0
468.233	0
468.3	0
468.367	0
468.434	0
468.502	0
468.569	0
468.636	0
468.703	0
468.771	0
468.838	0
468.905	0
468.973	0
469.04	0
469.107	0
469.174	0
469.242	0
469.309	0
469.376	0
469.443	0
469.511	0
469.578	0
469.645	0
469.712	0
469.78	0
469.847	0
469.914	0
469.982	0
470.049	0
470.116	0
470.183	0
470.251	0
470.318	0
470.385	0
470.452	0
470.52	0
470.587	0
470.654	0
470.722	0
470.789	0
470.856	0
470.923	0
470.991	0
471.058	0
471.125	0
471.192	0
471.26	0
471.327	0
471.394	0
471.461	0
471.529	0
471.596	0
471.663	0
471.731	0
471.798	0
471.865	0
471.932	0
472	0
472.067	0
472.134	0
472.201	0
472.269	0
472.336	0
472.403	0
472.47	0
472.538	0
472.605	0
472.672	0
472.74	0
472.807	0
472.874	0
472.941	0
473.009	0
473.076	0
473.143	0
473.21	0
473.278	0
473.345	0
473.412	0
473.48	0
473.547	0
473.614	0
473.681	0
473.749	0
473.816	0
473.883	0
473.95	0
474.018	0
474.085	0
474.152	0
474.219	0
474.287	0
474.354	0
474.421	0
474.489	0
474.556	0
474.623	0
474.69	0
474.758	0
474.825	0
474.892	0
474.959	0
475.027	0
475.094	0
475.161	0
475.229	0
475.296	0
475.363	0
475.43	0
475.498	0
475.565	0
475.632	0
475.699	0
475.767	0
475.834	0
475.901	0
475.968	0
476.036	0
476.103	0
476.17	0
476.238	0
476.305	0
476.372	0
476.439	0
476.507	0
476.574	0
476.641	0
476.708	0
476.776	0
476.843	0
476.91	0
476.977	0
477.045	0
477.112	0
477.179	0
477.247	0
477.314	0
477.381	0
477.448	0
477.516	0
477.583	0
477.65	0
477.717	0
477.785	0
477.852	0
477.919	0
477.987	0
478.054	0
478.121	0
478.188	0
478.256	0
478.323	0
478.39	0
478.457	0
478.525	0
478.592	0
478.659	0
478.726	0
478.794	0
478.861	0
478.928	0
478.996	0
479.063	0
479.13	0
479.197	0
479.265	0
479.332	0
479.399	0
479.466	0
479.534	0
479.601	0
479.668	0
479.736	0
479.803	0
479.87	0
479.937	0
480.005	0
480.072	0
480.139	0
480.206	0
480.274	0
480.341	0
480.408	0
480.475	0
480.543	0
480.61	0
480.677	0
480.745	0
480.812	0
480.879	0
480.946	0
481.014	0
481.081	0
481.148	0
481.215	0
481.283	0
481.35	0
481.417	0
481.484	0
481.552	0
481.619	0
481.686	0
481.754	0
481.821	0
481.888	0
481.955	0
482.023	0
482.09	0
482.157	0
482.224	0
482.292	0
482.359	0
482.426	0
482.494	0
482.561	0
482.628	0
482.695	0
482.763	0
482.83	0
482.897	0
482.964	0
483.032	0
483.099	0
483.166	0
483.233	0
483.301	0
483.368	0
483.435	0
483.503	0
483.57	0
483.637	0
483.704	0
483.772	0
483.839	0
483.906	0
483.973	0
484.041	0
484.108	0
484.175	0
484.243	0
484.31	0
484.377	0
484.444	0
484.512	0
484.579	0
484.646	0
484.713	0
484.781	0
484.848	0
484.915	0
484.982	0
485.05	0
485.117	0
485.184	0
485.252	0
485.319	0
485.386	0
485.453	0
485.521	0
485.588	0
485.655	0
485.722	0
485.79	0
485.857	0
485.924	0
485.991	0
486.059	0
486.126	0
486.193	0
486.261	0
486.328	0
486.395	0
486.462	0
486.53	0
486.597	0
486.664	0
486.731	0
486.799	0
486.866	0
486.933	0
487.001	0
487.068	0
487.135	0
487.202	0
487.27	0
487.337	0
487.404	1
487.471	0
487.539	0
487.606	0
487.673	0
487.74	0
487.808	0
487.875	0
487.942	0
488.01	0
488.077	0
488.144	0
488.211	0
488.279	0
488.346	0
488.413	0
488.48	0
488.548	0
488.615	0
488.682	0
488.75	0
488.817	0
488.884	0
488.951	0
489.019	0
489.086	0
489.153	0
489.22	0
489.288	0
489.355	0
489.422	0
489.489	0
489.557	0
489.624	0
489.691	0
489.759	0
489.826	0
489.893	0
489.96	0
490.028	0
490.095	0
490.162	0
490.229	0
490.297	0
490.364	0
490.431	0
490.499	0
490.566	0
490.633	0
490.7	0
490.768	0
490.835	0
490.902	0
490.969	0
491.037	0
491.104	0
491.171	0
491.238	0
491.306	0
491.373	0
491.44	0
491.508	0
491.575	0
491.642	0
491.709	0
491.777	0
491.844	0
491.911	0
491.978	0
492.046	0
492.113	0
492.18	0
492.247	0
492.315	0
492.382	0
492.449	0
492.517	0
492.584	0
492.651	0
492.718	0
492.786	0
492.853	0
492.92	0
492.987	0
493.055	0
493.122	0
493.189	0
493.257	0
493.324	0
493.391	0
493.458	0
493.526	0
493.593	0
493.66	0
493.727	0
493.795	0
493.862	0
493.929	0
493.996	0
494.064	0
494.131	0
494.198	0
494.266	0
494.333	0
494.4	0
494.467	0
494.535	0
494.602	0
494.669	0
494.736	0
494.804	0
494.871	0
494.938	0
495.006	0
495.073	0
495.14	0
495.207	0
495.275	0
495.342	0
495.409	0
495.476	0
495.544	0
495.611	0
495.678	0
495.745	0
495.813	0
495.88	0
495.947	0
496.015	0
496.082	0
496.149	0
496.216	0
496.284	0
496.351	0
496.418	0
496.485	0
496.553	0
496.62	0
496.687	0
496.754	0
496.822	0
496.889	0
496.956	0
497.024	0
497.091	0
497.158	0
497.225	0
497.293	0
497.36	0
497.427	0
497.494	0
497.562	0
497.629	0
497.696	0
497.764	0
497.831	0
497.898	0
497.965	0
498.033	0
498.1	0
498.167	0
498.234	0
498.302	0
498.369	0
498.436	0
498.503	0
498.571	0
498.638	0
498.705	0
498.773	0
498.84	0
498.907	0
498.974	0
499.042	0
499.109	0
499.176	0
499.243	0
499.311	0
499.378	0
499.445	0
499.513	0
499.58	0
499.647	0
499.714	0
499.782	0
499.849	0
499.916	0
499.983	0
500.051	0
500.118	0
500.185	0
500.252	0
500.32	0
500.387	0
500.454	0
500.522	0
500.589	0
500.656	0
500.723	0
500.791	0
500.858	0
500.925	0
500.992	0
501.06	0
501.127	0
501.194	0
501.261	0
501.329	0
501.396	0
501.463	0
501.531	0
501.598	0
501.665	0
501.732	0
501.8	0
501.867	0
501.934	0
502.001	0
502.069	0
502.136	0
502.203	0
502.271	0
502.338	0
502.405	0
502.472	0
502.54	0
502.607	0
502.674	0
502.741	0
502.809	0
502.876	0
502.943	0
503.01	0
503.078	0
503.145	0
503.212	0
503.28	0
503.347	0
503.414	0
503.481	0
503.549	0
503.616	0
503.683	0
503.75	0
503.818	0
503.885	0
503.952	0
504.02	0
504.087	0
504.154	0
504.221	0
504.289	0
504.356	0
504.423	0
504.49	0
504.558	0
504.625	0
504.692	0
504.759	0
504.827	0
504.894	0
504.961	0
505.029	0
505.096	0
505.163	0
505.23	0
505.298	0
505.365	0
505.432	0
505.499	0
505.567	0
505.634	0
505.701	0
505.768	0
505.836	0
505.903	0
505.97	0
506.038	0
506.105	0
506.172	0
506.239	0
506.307	0
506.374	0
506.441	0
506.508	0
506.576	0
506.643	0
506.71	0
506.778	0
506.845	0
506.912	0
506.979	0
507.047	0
507.114	0
507.181	0
507.248	0
507.316	0
507.383	0
507.45	0
507.517	0
507.585	0
507.652	0
507.719	0
507.787	0
507.854	0
507.921	0
507.988	0
508.056	0
508.123	0
508.19	0
508.257	0
508.325	0
508.392	0
508.459	0
508.527	0
508.594	0
508.661	0
508.728	0
508.796	0
508.863	0
508.93	0
508.997	0
509.065	0
509.132	0
509.199	0
509.266	0
509.334	0
509.401	0
509.468	0
509.536	0
509.603	0
509.67	0
509.737	0
509.805	0
509.872	0
509.939	0
510.006	0
510.074	0
510.141	0
510.208	0
510.275	0
510.343	0
510.41	0
510.477	0
510.545	0
510.612	0
510.679	0
510.746	0
510.814	0
510.881	0
510.948	0
511.015	0
511.083	0
511.15	0
511.217	0
511.285	0
511.352	0
511.419	0
511.486	0
511.554	0
511.621	0
511.688	0
511.755	0
511.823	0
511.89	0
511.957	0
512.024	0
512.092	0
512.159	0
512.226	0
512.294	0
512.361	0
512.428	0
512.495	0
512.563	0
512.63	0
512.697	0
512.764	0
512.832	0
512.899	0
512.966	0
513.034	0
513.101	0
513.168	0
513.235	0
513.303	0
513.37	0
513.437	0
513.504	0
513.572	0
513.639	0
513.706	0
513.773	0
513.841	0
513.908	0
513.975	0
514.043	0
514.11	0
514.177	0
514.244	0
514.312	0
514.379	0
514.446	0
514.513	0
514.581	0
514.648	0
514.715	0
514.783	0
514.85	0
514.917	0
514.984	0
515.052	0
515.119	0
515.186	0
515.253	0
515.321	0
515.388	0
515.455	0
515.522	0
515.59	0
515.657	0
515.724	0
515.792	0
515.859	0
515.926	0
515.993	0
516.061	0
516.128	0
516.195	0
516.262	0
516.33	0
516.397	0
516.464	0
516.531	0
516.599	0
516.666	0
516.733	0
516.801	0
516.868	0
516.935	0
517.002	0
517.07	0
517.137	0
517.204	0
517.271	0
517.339	0
517.406	0
517.473	0
517.541	0
517.608	0
517.675	0
517.742	0
517.81	0
517.877	0
517.944	0
518.011	0
518.079	0
518.146	0
518.213	0
518.28	0
518.348	0
518.415	0
518.482	0
518.55	0
518.617	0
518.684	0
518.751	0
518.819	0
518.886	0
518.953	0
519.02	0
519.088	0
519.155	0
519.222	0
519.29	0
519.357	0
519.424	0
519.491	0
519.559	0
519.626	0
519.693	0
519.76	0
519.828	0
519.895	0
519.962	0
520.029	0
520.097	0
520.164	0
520.231	0
520.299	0
520.366	0
520.433	0
520.5	0
520.568	0
520.635	0
520.702	0
520.769	0
520.837	0
520.904	0
520.971	0
521.038	0
521.106	0
521.173	0
521.24	0
521.308	0
521.375	0
521.442	0
521.509	0
521.577	0
521.644	0
521.711	0
521.778	0
521.846	0
521.913	0
521.98	0
522.048	0
522.115	0
522.182	0
522.249	0
522.317	0
522.384	0
522.451	0
522.518	0
522.586	0
522.653	0
522.72	0
522.787	0
522.855	0
522.922	0
522.989	0
523.057	0
523.124	0
523.191	0
523.258	0
523.326	0
523.393	0
523.46	0
523.527	0
523.595	0
523.662	0
523.729	0
523.797	0
523.864	0
523.931	0
523.998	0
524.066	0
524.133	0
524.2	0
524.267	0
524.335	0
524.402	0
524.469	0
524.536	0
524.604	0
524.671	0
524.738	0
524.806	0
524.873	0
524.94	0
525.007	0
525.075	0
525.142	0
525.209	0
525.276	0
525.344	0
525.411	0
525.478	0
525.545	0
525.613	0
525.68	0
525.747	0
525.815	0
525.882	0
525.949	0
526.016	0
526.084	0
526.151	0
526.218	0
526.285	0
526.353	0
526.42	0
526.487	0
526.555	0
526.622	0
526.689	0
526.756	0
526.824	0
526.891	0
526.958	0
527.025	0
527.093	0
527.16	0
527.227	0
527.294	0
527.362	0
527.429	0
527.496	0
527.564	0
527.631	0
527.698	0
527.765	0
527.833	0
527.9	0
527.967	0
528.034	0
528.102	0
528.169	0
528.236	0
528.304	0
528.371	0
528.438	0
528.505	0
528.573	0
528.64	0
528.707	0
528.774	0
528.842	0
528.909	0
528.976	0
529.043	0
529.111	0
529.178	0
529.245	0
529.313	0
529.38	0
529.447	0
529.514	0
529.582	0
529.649	0
529.716	0
529.783	0
529.851	0
529.918	0
529.985	0
530.052	0
530.12	0
530.187	0
530.254	0
530.322	0
530.389	0
530.456	0
530.523	0
530.591	0
530.658	0
530.725	0
530.792	0
530.86	0
530.927	0
530.994	0
531.062	0
531.129	0
531.196	0
531.263	0
531.331	0
531.398	0
531.465	0
531.532	0
531.6	0
531.667	0
531.734	0
531.801	0
531.869	0
531.936	0
532.003	0
532.071	0
532.138	0
532.205	0
532.272	0
532.34	0
532.407	0
532.474	0
532.541	0
532.609	0
532.676	0
532.743	0
532.811	0
532.878	0
532.945	0
533.012	0
533.08	0
533.147	0
533.214	0
533.281	0
533.349	0
533.416	0
533.483	0
533.55	0
533.618	0
533.685	0
533.752	0
533.82	0
533.887	0
533.954	0
534.021	0
534.089	0
534.156	0
534.223	0
534.29	0
534.358	0
534.425	0
534.492	0
534.559	0
534.627	0
534.694	0
534.761	0
534.829	0
534.896	0
534.963	0
535.03	0
535.098	0
535.165	0
535.232	0
535.299	0
535.367	0
535.434	0
535.501	0
535.569	0
535.636	0
535.703	0
535.77	0
535.838	0
535.905	0
535.972	0
536.039	0
536.107	0
536.174	0
536.241	0
536.308	0
536.376	0
536.443	0
536.51	0
536.578	0
536.645	0
536.712	0
536.779	0
536.847	0
536.914	0
536.981	0
537.048	0
537.116	0
537.183	0
537.25	0
537.318	0
537.385	0
537.452	0
537.519	0
537.587	0
537.654	0
537.721	0
537.788	0
537.856	0
537.923	0
537.99	0
538.057	0
538.125	0
538.192	0
538.259	0
538.327	0
538.394	0
538.461	0
538.528	0
538.596	0
