# links: in 10^(-4) W. rechts in 10-3 W
1    128.8    180.8
2    125.1    179.1
3    126    181.9
4    123.2    178.9
5    125.9    182.8
6    122.7    180.3
7    120.7    179.4
8    120    179.5
9    120.3    180.8
10    119.9    182.2
11    118.6    181.6
12    117.7    182
13    116.5    181.8
14    115.5    182.1
15    114.5    182.6
16    113.4    182.5
17    112.2    182.5
18    111    182.2
19    109.4    181.7
20    109.2    182.9
21    108.2    183
22    104.6    181.3
23    104.1    180.9
24    102.8    179.5
25    102.1    179.1
26    101.9    179.6
27    101    179.3
28    99.9    179.1
29    99.4    179.4
30    99.3    180.6
31    99.1    182.6
32    98.2    181.8
33    97.4    182.6
34    96.1    182.4
35    95.6    182.4
36    94.8    182.6
37    93.2    181.9
38    92.6    182
39    91.6    181.7
40    90.9    181.7
41    89.7    181.1
42    88.9    180.8
43    87.6    180.2
44    86.6    179.6
45    86    179.9
46    85    179.1
47    84.6    179.7
48    83.7    179.1
49    82.9    178.8
50    82.1    178.2
51    81.5    178.2
