# Winkel: 0° = 44 auf der Mikrometer
50   0
48   0
46   1
44  1
42  0
40  1
38  0
36  0
34  0
32  0.4
30  0.3
28  1.8
26  0.5
24  0.6
22  2.6
20  0.7
18  2.2
16  3.7
14  0.3
12  6.5
10  3.0
8   6.9
7   13.2
6   12.5
5   6.6
4   1.9
3   7.2
2   29
1   40.7
0   25.4
-1  6.0
-2  27.2
-3  191.4
-4  418
-5  697
-6  786
-7  735
-8  509
-9  209
-10 61.0
-11 8.7
-12 16.5
-13 36.6
-14 39.5
-15 19
-16 2.4
-17 7.7
-18 13.2
-19 13.5
-20 4.0
-22 4.1
-24 7
-26 1.1
-28 4.3
-30 2.2
-32 2.1
-34 2.1
-36 0.4
-38 1.8
-40 0.4
-42 0.9
-44 0.8
-46 0.3
-48 0.8
-50 0.6
-52 3.6
-54 11
-56 15.6
-58 8.3
-60 1.1
-62 1.9
-64 1.3
-66 0.3
-68 1.3
-70 0.4
