# Winkel
1   94
2   91
3   89
4   88
5   87
6   86
7   85
70  84
80  83
90  82
100 81
110 81
120 81
130 80
140 80
150 79
160 78
170 78
180 77
190 77
200 76
210 76
220 76
230 75
240 75
250 75
260 74
270 74
280 73
290 74
300 73
310 73
320 72
330 73
340 72
350 72
360 72
370 72
380 72
390 72
400 72
410 72
420 72
430 71
440 71
450 70
460 70
470 70
480 69
490 69
500 69
510 69
520 69
530 69
540 69
550 69
560 68
570 68
580 67
590 67
600  67
610  67
620  66
630  67
640  65
650  65
660  65
670  64
680  64
690  64
700 64
710 64
720 64
730 57
740 133
750 509
755 12
760 3
770 2

