-13.5936	0
-13.3243	0
-13.055	0
-12.7857	0
-12.5164	0
-12.2471	0
-11.9778	0
-11.7085	0
-11.4392	0
-11.1699	0
-10.9006	0
-10.6313	0
-10.362	0
-10.0927	0
-9.82341	0
-9.55411	0
-9.28482	0
-9.01552	0
-8.74622	0
-8.47692	0
-8.20762	0
-7.93832	0
-7.66902	0
-7.39972	0
-7.13042	0
-6.86113	0
-6.59183	0
-6.32253	0
-6.05323	0
-5.78393	0
-5.51463	0
-5.24533	0
-4.97603	0
-4.70673	0
-4.43743	1
-4.16813	0
-3.89884	1
-3.62954	5
-3.36024	14
-3.09094	16
-2.82164	16
-2.55234	17
-2.28304	23
-2.01374	21
-1.74444	18
-1.47514	21
-1.20585	29
-0.936547	17
-0.667248	28
-0.397949	21
-0.12865	25
0.140649	24
0.409948	25
0.679247	31
0.948546	23
1.21785	24
1.48714	29
1.75644	20
2.02574	20
2.29504	22
2.56434	32
2.83364	23
3.10294	25
3.37224	19
3.64154	26
3.91084	22
4.18013	19
4.44943	21
4.71873	23
4.98803	26
5.25733	21
5.52663	34
5.79593	29
6.06523	30
6.33453	27
6.60382	24
6.87312	29
7.14242	20
7.41172	32
7.68102	24
7.95032	22
8.21962	29
8.48892	38
8.75822	40
9.02752	36
9.29682	37
9.56611	42
9.83541	37
10.1047	53
10.374	53
10.6433	68
10.9126	56
11.1819	60
11.4512	87
11.7205	85
11.9898	90
12.2591	104
12.5284	117
12.7977	118
13.067	159
13.3363	164
13.6056	162
13.8749	167
14.1442	190
14.4135	199
14.6828	266
14.9521	233
15.2214	247
15.4907	240
15.76	281
16.0293	315
16.2986	307
16.5679	333
16.8372	337
17.1065	348
17.3758	362
17.6451	370
17.9144	388
18.1837	389
18.453	393
18.7223	401
18.9916	379
19.2609	367
19.5302	380
19.7995	379
20.0688	320
20.3381	317
20.6074	312
20.8767	272
21.146	267
21.4153	210
21.6846	208
21.9539	191
22.2232	140
22.4925	120
22.7618	94
23.0311	82
23.3004	62
23.5697	44
23.839	37
24.1083	25
24.3776	21
24.6469	21
24.9162	16
25.1855	21
25.4548	14
25.7241	18
25.9934	18
26.2627	15
26.532	19
26.8012	13
27.0705	6
27.3398	11
27.6091	14
27.8784	13
28.1477	13
28.417	13
28.6863	9
28.9556	18
29.2249	16
29.4942	20
29.7635	16
30.0328	15
30.3021	13
30.5714	24
30.8407	22
31.11	17
31.3793	21
31.6486	25
31.9179	31
32.1872	31
32.4565	19
32.7258	33
32.9951	33
33.2644	31
33.5337	49
33.803	42
34.0723	47
34.3416	43
34.6109	53
34.8802	59
35.1495	68
35.4188	65
35.6881	70
35.9574	77
36.2267	74
36.496	103
36.7653	93
37.0346	102
37.3039	105
37.5732	95
37.8425	101
38.1118	120
38.3811	114
38.6504	122
38.9197	148
39.189	110
39.4583	135
39.7276	113
39.9969	134
40.2662	127
40.5355	127
40.8048	136
41.0741	135
41.3434	144
41.6127	131
41.882	119
42.1513	126
42.4206	116
42.6899	133
42.9592	103
43.2285	122
43.4978	96
43.7671	101
44.0364	87
44.3057	91
44.575	94
44.8443	87
45.1136	76
45.3829	65
45.6522	78
45.9215	72
46.1908	61
46.4601	64
46.7294	58
46.9987	49
47.268	46
47.5373	35
47.8066	47
48.0759	33
48.3452	43
48.6145	36
48.8838	44
49.1531	25
49.4224	29
49.6917	32
49.961	27
50.2303	27
50.4996	31
50.7689	33
51.0382	26
51.3075	24
51.5768	33
51.8461	26
52.1154	31
52.3847	27
52.654	16
52.9233	32
53.1926	24
53.4619	33
53.7312	24
54.0004	27
54.2697	21
54.539	26
54.8083	23
55.0776	28
55.3469	32
55.6162	35
55.8855	25
56.1548	40
56.4241	28
56.6934	34
56.9627	29
57.232	29
57.5013	27
57.7706	36
58.0399	40
58.3092	24
58.5785	33
58.8478	36
59.1171	24
59.3864	29
59.6557	31
59.925	30
60.1943	29
60.4636	23
60.7329	21
61.0022	38
61.2715	36
61.5408	32
61.8101	37
62.0794	36
62.3487	28
62.618	32
62.8873	41
63.1566	52
63.4259	47
63.6952	42
63.9645	59
64.2338	51
64.5031	49
64.7724	60
65.0417	55
65.311	53
65.5803	61
65.8496	57
66.1189	59
66.3882	48
66.6575	52
66.9268	55
67.1961	66
67.4654	89
67.7347	69
68.004	70
68.2733	81
68.5426	71
68.8119	86
69.0812	75
69.3505	88
69.6198	87
69.8891	97
70.1584	89
70.4277	85
70.697	96
70.9663	105
71.2356	110
71.5049	114
71.7742	112
72.0435	96
72.3128	114
72.5821	121
72.8514	135
73.1207	93
73.39	100
73.6593	126
73.9286	115
74.1979	121
74.4672	126
74.7365	108
75.0058	139
75.2751	134
75.5444	108
75.8137	110
76.083	110
76.3523	110
76.6216	112
76.8909	129
77.1602	100
77.4295	120
77.6988	99
77.9681	92
78.2374	116
78.5067	116
78.776	103
79.0453	94
79.3146	87
79.5839	95
79.8532	93
80.1225	73
80.3918	97
80.6611	69
80.9303	77
81.1996	55
81.4689	77
81.7382	61
82.0075	58
82.2768	76
82.5461	59
82.8154	68
83.0847	49
83.354	59
83.6233	61
83.8926	50
84.1619	45
84.4312	47
84.7005	49
84.9698	37
85.2391	33
85.5084	40
85.7777	23
86.047	32
86.3163	26
86.5856	29
86.8549	29
87.1242	31
87.3935	28
87.6628	25
87.9321	25
88.2014	28
88.4707	20
88.74	10
89.0093	18
89.2786	19
89.5479	21
89.8172	21
90.0865	23
90.3558	20
90.6251	20
90.8944	20
91.1637	16
91.433	21
91.7023	11
91.9716	11
92.2409	17
92.5102	15
92.7795	19
93.0488	13
93.3181	19
93.5874	17
93.8567	16
94.126	14
94.3953	12
94.6646	16
94.9339	12
95.2032	14
95.4725	21
95.7418	17
96.0111	7
96.2804	14
96.5497	20
96.819	14
97.0883	22
97.3576	16
97.6269	16
97.8962	18
98.1655	17
98.4348	13
98.7041	20
98.9734	19
99.2427	15
99.512	14
99.7813	7
100.051	13
100.32	12
100.589	14
100.858	17
101.128	18
101.397	13
101.666	16
101.936	12
102.205	15
102.474	13
102.744	18
103.013	18
103.282	29
103.551	17
103.821	26
104.09	21
104.359	18
104.629	12
104.898	17
105.167	14
105.437	11
105.706	16
105.975	21
106.244	24
106.514	16
106.783	18
107.052	15
107.322	10
107.591	14
107.86	13
108.13	18
108.399	20
108.668	22
108.937	17
109.207	13
109.476	18
109.745	17
110.015	16
110.284	19
110.553	18
110.823	15
111.092	16
111.361	19
111.63	15
111.9	19
112.169	29
112.438	16
112.708	11
112.977	7
113.246	17
113.516	15
113.785	20
114.054	19
114.323	13
114.593	18
114.862	22
115.131	19
115.401	16
115.67	18
115.939	16
116.209	22
116.478	20
116.747	16
117.016	21
117.286	16
117.555	14
117.824	18
118.094	14
118.363	18
118.632	19
118.902	16
119.171	19
119.44	19
119.709	20
119.979	14
120.248	24
120.517	11
120.787	16
121.056	19
121.325	21
121.594	16
121.864	27
122.133	17
122.402	15
122.672	23
122.941	20
123.21	17
123.48	14
123.749	23
124.018	28
124.287	19
124.557	23
124.826	16
125.095	21
125.365	24
125.634	13
125.903	9
126.173	14
126.442	16
126.711	25
126.98	26
127.25	20
127.519	26
127.788	17
128.058	23
128.327	23
128.596	11
128.866	17
129.135	20
129.404	27
129.673	24
129.943	25
130.212	26
130.481	19
130.751	20
131.02	22
131.289	19
131.559	25
131.828	27
132.097	21
132.366	21
132.636	19
132.905	23
133.174	16
133.444	18
133.713	23
133.982	22
134.252	18
134.521	20
134.79	18
135.059	23
135.329	24
135.598	19
135.867	24
136.137	22
136.406	20
136.675	18
136.945	19
137.214	25
137.483	33
137.752	18
138.022	31
138.291	32
138.56	34
138.83	21
139.099	27
139.368	22
139.638	25
139.907	25
140.176	33
140.445	33
140.715	29
140.984	32
141.253	30
141.523	22
141.792	31
142.061	26
142.331	24
142.6	33
142.869	19
143.138	21
143.408	21
143.677	26
143.946	25
144.216	32
144.485	31
144.754	33
145.024	26
145.293	34
145.562	25
145.831	27
146.101	34
146.37	20
146.639	30
146.909	27
147.178	31
147.447	20
147.717	26
147.986	33
148.255	24
148.524	40
148.794	32
149.063	34
149.332	36
149.602	35
149.871	24
150.14	29
150.409	31
150.679	32
150.948	38
151.217	29
151.487	27
151.756	29
152.025	46
152.295	31
152.564	31
152.833	21
153.102	32
153.372	28
153.641	30
153.91	31
154.18	34
154.449	25
154.718	17
154.988	36
155.257	29
155.526	34
155.795	28
156.065	20
156.334	32
156.603	28
156.873	24
157.142	31
157.411	37
157.681	33
157.95	37
158.219	36
158.488	36
158.758	21
159.027	35
159.296	20
159.566	27
159.835	40
160.104	24
160.374	26
160.643	30
160.912	25
161.181	22
161.451	24
161.72	30
161.989	24
162.259	30
162.528	30
162.797	34
163.067	34
163.336	24
163.605	18
163.874	38
164.144	30
164.413	36
164.682	23
164.952	19
165.221	17
165.49	26
165.76	32
166.029	19
166.298	24
166.567	28
166.837	25
167.106	35
167.375	28
167.645	16
167.914	22
168.183	36
168.453	25
168.722	29
168.991	30
169.26	26
169.53	30
169.799	27
170.068	37
170.338	28
170.607	25
170.876	22
171.146	20
171.415	23
171.684	17
171.953	24
172.223	27
172.492	23
172.761	28
173.031	34
173.3	30
173.569	28
173.839	26
174.108	26
174.377	23
174.646	24
174.916	27
175.185	22
175.454	17
175.724	25
175.993	21
176.262	23
176.531	20
176.801	25
177.07	38
177.339	20
177.609	24
177.878	17
178.147	17
178.417	27
178.686	18
178.955	35
179.224	17
179.494	19
179.763	26
180.032	25
180.302	26
180.571	24
180.84	25
181.11	22
181.379	31
181.648	21
181.917	24
182.187	16
182.456	25
182.725	24
182.995	22
183.264	30
183.533	24
183.803	29
184.072	38
184.341	20
184.61	24
184.88	16
185.149	25
185.418	32
185.688	31
185.957	28
186.226	25
186.496	21
186.765	25
187.034	30
187.303	22
187.573	27
187.842	29
188.111	24
188.381	27
188.65	24
188.919	22
189.189	27
189.458	20
189.727	18
189.996	28
190.266	16
190.535	16
190.804	21
191.074	28
191.343	25
191.612	32
191.882	20
192.151	26
192.42	25
192.689	34
192.959	17
193.228	20
193.497	20
193.767	20
194.036	22
194.305	16
194.575	20
194.844	19
195.113	24
195.382	23
195.652	20
195.921	20
196.19	18
196.46	18
196.729	23
196.998	26
197.268	15
197.537	16
197.806	28
198.075	16
198.345	17
198.614	26
198.883	25
199.153	20
199.422	13
199.691	23
199.961	24
200.23	13
200.499	26
200.768	29
201.038	24
201.307	22
201.576	28
201.846	15
202.115	24
202.384	23
202.653	25
202.923	20
203.192	28
203.461	23
203.731	29
204	25
204.269	15
204.539	30
204.808	23
205.077	20
205.346	24
205.616	26
205.885	13
206.154	27
206.424	19
206.693	20
206.962	22
207.232	20
207.501	20
207.77	18
208.039	27
208.309	29
208.578	21
208.847	15
209.117	34
209.386	22
209.655	34
209.925	30
210.194	23
210.463	24
210.732	11
211.002	22
211.271	24
211.54	23
211.81	24
212.079	23
212.348	20
212.618	19
212.887	12
213.156	24
213.425	32
213.695	19
213.964	22
214.233	20
214.503	24
214.772	22
215.041	24
215.311	23
215.58	19
215.849	20
216.118	12
216.388	26
216.657	18
216.926	18
217.196	30
217.465	15
217.734	19
218.004	19
218.273	15
218.542	25
218.811	22
219.081	25
219.35	22
219.619	26
219.889	17
220.158	24
220.427	28
220.697	19
220.966	21
221.235	25
221.504	34
221.774	16
222.043	20
222.312	14
222.582	17
222.851	21
223.12	33
223.39	17
223.659	26
223.928	24
224.197	16
224.467	15
224.736	23
225.005	24
225.275	21
225.544	18
225.813	22
226.083	20
226.352	26
226.621	20
226.89	19
227.16	16
227.429	27
227.698	24
227.968	17
228.237	23
228.506	24
228.775	20
229.045	12
229.314	25
229.583	26
229.853	28
230.122	13
230.391	18
230.661	10
230.93	22
231.199	13
231.468	20
231.738	22
232.007	16
232.276	28
232.546	22
232.815	18
233.084	19
233.354	24
233.623	21
233.892	21
234.161	19
234.431	15
234.7	16
234.969	22
235.239	17
235.508	14
235.777	20
236.047	18
236.316	20
236.585	20
236.854	20
237.124	21
237.393	19
237.662	21
237.932	20
238.201	13
238.47	14
238.74	30
239.009	19
239.278	27
239.547	20
239.817	25
240.086	21
240.355	22
240.625	28
240.894	21
241.163	11
241.433	17
241.702	21
241.971	16
242.24	19
242.51	9
242.779	17
243.048	29
243.318	26
243.587	22
243.856	17
244.126	28
244.395	20
244.664	28
244.933	23
245.203	27
245.472	18
245.741	23
246.011	20
246.28	26
246.549	27
246.819	26
247.088	26
247.357	26
247.626	31
247.896	24
248.165	27
248.434	24
248.704	23
248.973	26
249.242	27
249.512	28
249.781	26
250.05	26
250.319	33
250.589	29
250.858	35
251.127	24
251.397	26
251.666	42
251.935	31
252.205	25
252.474	30
252.743	34
253.012	29
253.282	23
253.551	31
253.82	34
254.09	26
254.359	33
254.628	33
254.898	37
255.167	34
255.436	33
255.705	31
255.975	24
256.244	43
256.513	35
256.783	35
257.052	30
257.321	41
257.59	30
257.86	24
258.129	44
258.398	34
258.668	43
258.937	53
259.206	36
259.476	34
259.745	49
260.014	51
260.283	45
260.553	41
260.822	40
261.091	40
261.361	42
261.63	37
261.899	42
262.169	41
262.438	40
262.707	57
262.976	44
263.246	43
263.515	45
263.784	50
264.054	34
264.323	42
264.592	44
264.862	60
265.131	52
265.4	47
265.669	50
265.939	54
266.208	60
266.477	55
266.747	56
267.016	43
267.285	50
267.555	62
267.824	53
268.093	63
268.362	57
268.632	45
268.901	55
269.17	54
269.44	66
269.709	66
269.978	69
270.248	58
270.517	59
270.786	70
271.055	55
271.325	63
271.594	55
271.863	57
272.133	66
272.402	64
272.671	61
272.941	53
273.21	53
273.479	61
273.748	67
274.018	57
274.287	76
274.556	61
274.826	83
275.095	69
275.364	78
275.634	68
275.903	84
276.172	71
276.441	65
276.711	77
276.98	62
277.249	82
277.519	80
277.788	66
278.057	92
278.327	94
278.596	75
278.865	68
279.134	76
279.404	78
279.673	95
279.942	83
280.212	77
280.481	83
280.75	89
281.02	88
281.289	77
281.558	78
281.827	70
282.097	78
282.366	102
282.635	68
282.905	101
283.174	80
283.443	89
283.712	95
283.982	80
284.251	77
284.52	88
284.79	97
285.059	82
285.328	98
285.598	87
285.867	98
286.136	104
286.405	82
286.675	75
286.944	105
287.213	86
287.483	101
287.752	105
288.021	105
288.291	95
288.56	105
288.829	100
289.098	105
289.368	96
289.637	105
289.906	98
290.176	90
290.445	108
290.714	113
290.984	98
291.253	100
291.522	120
291.791	106
292.061	95
292.33	125
292.599	100
292.869	98
293.138	97
293.407	105
293.677	108
293.946	112
294.215	120
294.484	133
294.754	100
295.023	115
295.292	120
295.562	117
295.831	106
296.1	99
296.37	120
296.639	128
296.908	132
297.177	118
297.447	113
297.716	126
297.985	134
298.255	110
298.524	122
298.793	121
299.063	121
299.332	117
299.601	127
299.87	121
300.14	127
300.409	124
300.678	118
300.948	119
301.217	121
301.486	118
301.756	124
302.025	119
302.294	117
302.563	126
302.833	107
303.102	132
303.371	115
303.641	96
303.91	133
304.179	115
304.449	115
304.718	111
304.987	115
305.256	118
305.526	104
305.795	125
306.064	129
306.334	106
306.603	117
306.872	118
307.142	123
307.411	127
307.68	114
307.949	130
308.219	103
308.488	95
308.757	103
309.027	108
309.296	93
309.565	90
309.834	115
310.104	98
310.373	111
310.642	118
310.912	88
311.181	120
311.45	108
311.72	104
311.989	104
312.258	85
312.527	100
312.797	109
313.066	88
313.335	90
313.605	93
313.874	120
314.143	99
314.413	90
314.682	103
314.951	89
315.22	92
315.49	93
315.759	108
316.028	84
316.298	90
316.567	78
316.836	91
317.106	93
317.375	99
317.644	90
317.913	89
318.183	100
318.452	77
318.721	98
318.991	83
319.26	87
319.529	77
319.799	109
320.068	92
320.337	92
320.606	92
320.876	89
321.145	96
321.414	80
321.684	91
321.953	91
322.222	84
322.492	89
322.761	91
323.03	95
323.299	85
323.569	72
323.838	102
324.107	98
324.377	91
324.646	78
324.915	82
325.185	99
325.454	108
325.723	92
325.992	91
326.262	113
326.531	108
326.8	101
327.07	83
327.339	122
327.608	102
327.878	92
328.147	120
328.416	107
328.685	121
328.955	103
329.224	103
329.493	108
329.763	112
330.032	152
330.301	122
330.571	144
330.84	116
331.109	131
331.378	129
331.648	146
331.917	124
332.186	133
332.456	154
332.725	131
332.994	163
333.264	135
333.533	173
333.802	161
334.071	152
334.341	153
334.61	174
334.879	154
335.149	159
335.418	164
335.687	154
335.957	178
336.226	173
336.495	151
336.764	166
337.034	201
337.303	182
337.572	182
337.842	179
338.111	174
338.38	200
338.649	204
338.919	191
339.188	213
339.457	176
339.727	216
339.996	216
340.265	245
340.535	224
340.804	202
341.073	215
341.342	244
341.612	229
341.881	247
342.15	226
342.42	263
342.689	231
342.958	238
343.228	234
343.497	253
343.766	247
344.035	255
344.305	236
344.574	251
344.843	249
345.113	280
345.382	263
345.651	248
345.921	277
346.19	287
346.459	300
346.728	301
346.998	289
347.267	284
347.536	310
347.806	310
348.075	279
348.344	293
348.614	302
348.883	287
349.152	302
349.421	267
349.691	329
349.96	269
350.229	318
350.499	312
350.768	333
351.037	321
351.307	334
351.576	305
351.845	307
352.114	323
352.384	317
352.653	332
352.922	358
353.192	317
353.461	317
353.73	299
354	335
354.269	337
354.538	318
354.807	316
355.077	352
355.346	318
355.615	348
355.885	343
356.154	340
356.423	308
356.693	332
356.962	326
357.231	326
357.5	327
357.77	296
358.039	267
358.308	334
358.578	339
358.847	327
359.116	331
359.386	332
359.655	350
359.924	342
360.193	303
360.463	323
360.732	320
361.001	313
361.271	287
361.54	298
361.809	309
362.079	287
362.348	318
362.617	334
362.886	304
363.156	301
363.425	328
363.694	275
363.964	282
364.233	277
364.502	285
364.771	307
365.041	268
365.31	282
365.579	289
365.849	289
366.118	271
366.387	266
366.657	260
366.926	265
367.195	297
367.464	282
367.734	274
368.003	262
368.272	277
368.542	272
368.811	246
369.08	247
369.35	247
369.619	248
369.888	246
370.157	267
370.427	243
370.696	233
370.965	234
371.235	243
371.504	231
371.773	235
372.043	221
372.312	235
372.581	219
372.85	223
373.12	218
373.389	236
373.658	212
373.928	209
374.197	194
374.466	205
374.736	216
375.005	192
375.274	209
375.543	196
375.813	209
376.082	185
376.351	167
376.621	182
376.89	195
377.159	171
377.429	178
377.698	179
377.967	168
378.236	191
378.506	181
378.775	145
379.044	165
379.314	147
379.583	149
379.852	172
380.122	141
380.391	147
380.66	140
380.929	141
381.199	154
381.468	150
381.737	136
382.007	126
382.276	155
382.545	129
382.815	129
383.084	135
383.353	119
383.622	118
383.892	129
384.161	116
384.43	127
384.7	127
384.969	139
385.238	106
385.508	123
385.777	110
386.046	102
386.315	119
386.585	116
386.854	104
387.123	108
387.393	122
387.662	121
387.931	103
388.201	112
388.47	107
388.739	104
389.008	102
389.278	98
389.547	84
389.816	100
390.086	96
390.355	114
390.624	88
390.893	87
391.163	91
391.432	98
391.701	104
391.971	80
392.24	87
392.509	116
392.779	70
393.048	90
393.317	90
393.586	67
393.856	71
394.125	68
394.394	73
394.664	66
394.933	69
395.202	80
395.472	66
395.741	71
396.01	63
396.279	69
396.549	68
396.818	65
397.087	63
397.357	69
397.626	55
397.895	61
398.165	75
398.434	65
398.703	49
398.972	72
399.242	77
399.511	62
399.78	59
400.05	62
400.319	66
400.588	45
400.858	57
401.127	70
401.396	52
401.665	57
401.935	59
402.204	57
402.473	43
402.743	50
403.012	49
403.281	55
403.551	54
403.82	41
404.089	46
404.358	61
404.628	50
404.897	51
405.166	45
405.436	47
405.705	39
405.974	35
406.244	42
406.513	37
406.782	38
407.051	42
407.321	40
407.59	40
407.859	59
408.129	48
408.398	35
408.667	45
408.937	35
409.206	44
409.475	39
409.744	28
410.014	36
410.283	43
410.552	35
410.822	26
411.091	39
411.36	30
411.63	34
411.899	37
412.168	32
412.437	37
412.707	32
412.976	38
413.245	30
413.515	24
413.784	29
414.053	29
414.323	29
414.592	35
414.861	31
415.13	22
415.4	36
415.669	27
415.938	31
416.208	22
416.477	23
416.746	33
417.016	24
417.285	30
417.554	21
417.823	30
418.093	27
418.362	19
418.631	15
418.901	34
419.17	22
419.439	25
419.708	15
419.978	20
420.247	17
420.516	19
420.786	14
421.055	25
421.324	19
421.594	24
421.863	19
422.132	19
422.401	22
422.671	24
422.94	19
423.209	23
423.479	21
423.748	30
424.017	22
424.287	19
424.556	22
424.825	27
425.094	21
425.364	14
425.633	15
425.902	16
426.172	16
426.441	18
426.71	16
426.98	10
427.249	16
427.518	16
427.787	20
428.057	19
428.326	18
428.595	26
428.865	15
429.134	17
429.403	26
429.673	18
429.942	21
430.211	19
430.48	25
430.75	11
431.019	22
431.288	21
431.558	18
431.827	15
432.096	15
432.366	11
432.635	14
432.904	17
433.173	15
433.443	17
433.712	18
433.981	17
434.251	14
434.52	20
434.789	14
435.059	11
435.328	24
435.597	16
435.866	14
436.136	10
436.405	16
436.674	8
436.944	16
437.213	22
437.482	13
437.752	16
438.021	23
438.29	21
438.559	14
438.829	17
439.098	20
439.367	14
439.637	24
439.906	23
440.175	14
440.445	18
440.714	24
440.983	21
441.252	19
441.522	19
441.791	11
442.06	19
442.33	18
442.599	19
442.868	16
443.138	12
443.407	26
443.676	15
443.945	21
444.215	16
444.484	19
444.753	15
445.023	23
445.292	16
445.561	20
445.83	12
446.1	20
446.369	11
446.638	23
446.908	17
447.177	14
447.446	21
447.716	14
447.985	16
448.254	19
448.523	18
448.793	22
449.062	22
449.331	18
449.601	26
449.87	23
450.139	13
450.409	18
450.678	20
450.947	17
451.216	24
451.486	20
451.755	15
452.024	22
452.294	22
452.563	18
452.832	21
453.102	16
453.371	24
453.64	21
453.909	14
454.179	18
454.448	13
454.717	14
454.987	21
455.256	21
455.525	28
455.795	13
456.064	11
456.333	11
456.602	13
456.872	17
457.141	15
457.41	11
457.68	18
457.949	28
458.218	16
458.488	18
458.757	16
459.026	15
459.295	17
459.565	18
459.834	16
460.103	13
460.373	15
460.642	16
460.911	15
461.181	12
461.45	15
461.719	12
461.988	13
462.258	14
462.527	22
462.796	15
463.066	18
463.335	12
463.604	8
463.874	18
464.143	16
464.412	10
464.681	18
464.951	8
465.22	12
465.489	11
465.759	9
466.028	13
466.297	22
466.567	14
466.836	11
467.105	16
467.374	9
467.644	11
467.913	9
468.182	11
468.452	8
468.721	13
468.99	10
469.26	8
469.529	11
469.798	11
470.067	16
470.337	18
470.606	8
470.875	6
471.145	11
471.414	9
471.683	10
471.952	10
472.222	13
472.491	9
472.76	8
473.03	9
473.299	3
473.568	4
473.838	5
474.107	6
474.376	8
474.645	8
474.915	6
475.184	3
475.453	8
475.723	9
475.992	9
476.261	6
476.531	4
476.8	11
477.069	9
477.338	8
477.608	8
477.877	6
478.146	2
478.416	6
478.685	3
478.954	5
479.224	5
479.493	6
479.762	4
480.031	8
480.301	4
480.57	3
480.839	8
481.109	6
481.378	4
481.647	1
481.917	5
482.186	4
482.455	2
482.724	4
482.994	7
483.263	6
483.532	4
483.802	3
484.071	5
484.34	1
484.61	4
484.879	4
485.148	1
485.417	3
485.687	1
485.956	3
486.225	3
486.495	1
486.764	3
487.033	2
487.303	6
487.572	3
487.841	1
488.11	3
488.38	2
488.649	2
488.918	6
489.188	1
489.457	1
489.726	4
489.996	1
490.265	2
490.534	3
490.803	3
491.073	0
491.342	2
491.611	3
491.881	3
492.15	0
492.419	2
492.689	3
492.958	0
493.227	3
493.496	2
493.766	4
494.035	1
494.304	3
494.574	2
494.843	2
495.112	3
495.382	0
495.651	4
495.92	1
496.189	4
496.459	1
496.728	3
496.997	1
497.267	2
497.536	0
497.805	1
498.075	2
498.344	1
498.613	0
498.882	0
499.152	2
499.421	0
499.69	2
499.96	1
500.229	3
500.498	0
500.767	0
501.037	2
501.306	2
501.575	1
501.845	1
502.114	3
502.383	1
502.653	1
502.922	1
503.191	1
503.46	1
503.73	0
503.999	2
504.268	1
504.538	1
504.807	3
505.076	2
505.346	1
505.615	1
505.884	3
506.153	1
506.423	2
506.692	1
506.961	0
507.231	2
507.5	2
507.769	1
508.039	0
508.308	0
508.577	1
508.846	0
509.116	0
509.385	2
509.654	0
509.924	1
510.193	0
510.462	1
510.732	0
511.001	1
511.27	0
511.539	2
511.809	1
512.078	1
512.347	0
512.617	2
512.886	0
513.155	2
513.425	0
513.694	2
513.963	2
514.232	1
514.502	1
514.771	0
515.04	2
515.31	1
515.579	2
515.848	2
516.118	3
516.387	1
516.656	0
516.925	0
517.195	1
517.464	0
517.733	0
518.003	0
518.272	1
518.541	2
518.811	3
519.08	1
519.349	0
519.618	0
519.888	0
520.157	1
520.426	1
520.696	1
520.965	0
521.234	1
521.504	1
521.773	0
522.042	1
522.311	0
522.581	0
522.85	1
523.119	0
523.389	3
523.658	0
523.927	2
524.197	2
524.466	1
524.735	0
525.004	0
525.274	1
525.543	1
525.812	0
526.082	0
526.351	1
526.62	0
526.889	1
527.159	0
527.428	0
527.697	0
527.967	0
528.236	0
528.505	0
528.775	1
529.044	0
529.313	1
529.582	0
529.852	2
530.121	1
530.39	1
530.66	1
530.929	1
531.198	2
531.468	1
531.737	0
532.006	0
532.275	0
532.545	0
532.814	1
533.083	1
533.353	0
533.622	0
533.891	1
534.161	1
534.43	0
534.699	0
534.968	0
535.238	1
535.507	1
535.776	0
536.046	1
536.315	1
536.584	1
536.854	1
537.123	0
537.392	1
537.661	0
537.931	1
538.2	0
538.469	3
538.739	0
539.008	3
539.277	0
539.547	2
539.816	0
540.085	0
540.354	0
540.624	1
540.893	1
541.162	0
541.432	0
541.701	1
541.97	0
542.24	1
542.509	0
542.778	0
543.047	0
543.317	0
543.586	0
543.855	1
544.125	0
544.394	1
544.663	1
544.933	1
545.202	2
545.471	1
545.74	0
546.01	0
546.279	0
546.548	0
546.818	0
547.087	3
547.356	1
547.626	0
547.895	1
548.164	1
548.433	2
548.703	1
548.972	0
549.241	0
549.511	1
549.78	0
550.049	0
550.319	1
550.588	0
550.857	1
551.126	0
551.396	0
551.665	0
551.934	0
552.204	1
552.473	0
552.742	0
553.011	0
553.281	1
553.55	0
553.819	0
554.089	0
554.358	1
554.627	1
554.897	0
555.166	0
555.435	1
555.704	0
555.974	0
556.243	0
556.512	0
556.782	0
557.051	0
557.32	0
557.59	0
557.859	0
558.128	0
558.397	0
558.667	1
558.936	0
559.205	1
559.475	1
559.744	1
560.013	0
560.283	0
560.552	0
560.821	0
561.09	0
561.36	1
561.629	0
561.898	0
562.168	1
562.437	1
562.706	0
562.976	1
563.245	1
563.514	0
563.783	0
564.053	0
564.322	0
564.591	0
564.861	0
565.13	0
565.399	1
565.669	1
565.938	2
566.207	0
566.476	0
566.746	2
567.015	1
567.284	1
567.554	0
567.823	0
568.092	0
568.362	0
568.631	0
568.9	0
569.169	0
569.439	1
569.708	0
569.977	0
570.247	0
570.516	0
570.785	0
571.055	0
571.324	1
571.593	0
571.862	0
572.132	0
572.401	2
572.67	0
572.94	3
573.209	4
573.478	0
573.748	0
574.017	1
574.286	3
574.555	1
574.825	0
575.094	1
575.363	0
575.633	0
575.902	0
576.171	3
576.441	0
576.71	1
576.979	1
577.248	1
577.518	0
577.787	0
578.056	1
578.326	1
578.595	0
578.864	1
579.133	1
579.403	0
579.672	0
579.941	0
580.211	0
580.48	0
580.749	0
581.019	1
581.288	0
581.557	0
581.826	0
582.096	1
582.365	2
582.634	1
582.904	1
583.173	1
583.442	0
583.712	0
583.981	1
584.25	0
584.519	0
584.789	1
585.058	0
585.327	0
585.597	0
585.866	1
586.135	2
586.405	0
586.674	1
586.943	0
587.212	1
587.482	0
587.751	1
588.02	1
588.29	0
588.559	1
588.828	1
589.098	1
589.367	0
589.636	0
589.905	0
590.175	0
590.444	1
590.713	0
590.983	0
591.252	0
591.521	1
591.791	1
592.06	0
592.329	1
592.598	0
592.868	1
593.137	1
593.406	0
593.676	0
593.945	1
594.214	1
594.484	1
594.753	0
595.022	1
595.291	0
595.561	0
595.83	0
596.099	0
596.369	0
596.638	0
596.907	0
597.177	1
597.446	0
597.715	0
597.984	4
598.254	0
598.523	1
598.792	1
599.062	0
599.331	0
599.6	2
599.87	0
600.139	1
600.408	1
600.677	3
600.947	0
601.216	2
601.485	0
601.755	0
602.024	0
602.293	0
602.563	0
602.832	0
603.101	0
603.37	0
603.64	0
603.909	1
604.178	0
604.448	0
604.717	0
604.986	1
605.256	2
605.525	1
605.794	0
606.063	1
606.333	1
606.602	2
606.871	0
607.141	1
607.41	0
607.679	2
607.948	0
608.218	0
608.487	0
608.756	0
609.026	0
609.295	0
609.564	0
609.834	0
610.103	2
610.372	1
610.641	0
610.911	0
611.18	1
611.449	0
611.719	1
611.988	1
612.257	1
612.527	0
612.796	1
613.065	0
613.334	1
613.604	0
613.873	1
614.142	0
614.412	0
614.681	0
614.95	0
615.22	0
615.489	1
615.758	0
616.027	0
616.297	1
616.566	0
616.835	0
617.105	1
617.374	0
617.643	0
617.913	0
618.182	0
618.451	0
618.72	0
618.99	0
619.259	0
619.528	0
619.798	0
620.067	0
620.336	1
620.606	0
620.875	1
621.144	0
621.413	1
621.683	0
621.952	0
622.221	0
622.491	0
622.76	0
623.029	0
623.299	0
623.568	0
623.837	0
624.106	2
624.376	0
624.645	1
624.914	1
625.184	0
625.453	0
625.722	0
625.992	0
626.261	1
626.53	0
626.799	2
627.069	1
627.338	0
627.607	0
627.877	0
628.146	0
628.415	0
628.685	0
628.954	0
629.223	0
629.492	1
629.762	0
630.031	1
630.3	0
630.57	0
630.839	0
631.108	1
631.378	0
631.647	0
631.916	0
632.185	0
632.455	1
632.724	1
632.993	0
633.263	0
633.532	0
633.801	1
634.07	0
634.34	0
634.609	1
634.878	1
635.148	0
635.417	1
635.686	0
635.956	0
636.225	0
636.494	0
636.763	0
637.033	1
637.302	0
637.571	0
637.841	0
638.11	1
638.379	0
638.649	1
638.918	0
639.187	0
639.456	1
639.726	0
639.995	1
640.264	0
640.534	1
640.803	0
641.072	0
641.342	0
641.611	0
641.88	0
642.149	0
642.419	0
642.688	0
642.957	1
643.227	0
643.496	1
643.765	1
644.035	0
644.304	0
644.573	0
644.842	0
645.112	0
645.381	0
645.65	0
645.92	0
646.189	0
646.458	1
646.728	0
646.997	1
647.266	0
647.535	0
647.805	0
648.074	0
648.343	0
648.613	0
648.882	2
649.151	1
649.421	0
649.69	1
649.959	1
650.228	0
650.498	1
650.767	0
651.036	1
651.306	1
651.575	0
651.844	0
652.114	1
652.383	0
652.652	0
652.921	0
653.191	0
653.46	0
653.729	1
653.999	1
654.268	0
654.537	1
654.807	0
655.076	1
655.345	0
655.614	1
655.884	0
656.153	1
656.422	0
656.692	2
656.961	0
657.23	0
657.5	0
657.769	0
658.038	0
658.307	0
658.577	0
658.846	0
659.115	0
659.385	0
659.654	0
659.923	0
660.192	0
660.462	2
660.731	1
661	0
661.27	0
661.539	0
661.808	0
662.078	0
662.347	0
662.616	0
662.885	0
663.155	0
663.424	0
663.693	0
663.963	1
664.232	0
664.501	0
664.771	0
665.04	1
665.309	0
665.578	0
665.848	0
666.117	1
666.386	0
666.656	0
666.925	0
667.194	2
667.464	0
667.733	0
668.002	0
668.271	0
668.541	1
668.81	0
669.079	0
669.349	0
669.618	0
669.887	1
670.157	0
670.426	0
670.695	1
670.964	1
671.234	0
671.503	0
671.772	1
672.042	0
672.311	1
672.58	0
672.85	0
673.119	0
673.388	0
673.657	0
673.927	0
674.196	0
674.465	1
674.735	0
675.004	1
675.273	0
675.543	1
675.812	0
676.081	0
676.35	2
676.62	2
676.889	1
677.158	0
677.428	0
677.697	0
677.966	0
678.236	0
678.505	0
678.774	0
679.043	0
679.313	0
679.582	0
679.851	0
680.121	0
680.39	0
680.659	0
680.929	0
681.198	0
681.467	0
681.736	0
682.006	0
682.275	0
682.544	1
682.814	0
683.083	0
683.352	0
683.622	1
683.891	0
684.16	1
684.429	0
684.699	0
684.968	0
685.237	1
685.507	1
685.776	0
686.045	0
686.315	0
686.584	0
686.853	1
687.122	1
687.392	0
687.661	0
687.93	0
688.2	0
688.469	0
688.738	0
689.007	0
689.277	0
689.546	0
689.815	0
690.085	1
690.354	0
690.623	0
690.893	0
691.162	0
691.431	1
691.7	1
691.97	0
692.239	0
692.508	1
692.778	1
693.047	0
693.316	0
693.586	1
693.855	0
694.124	1
694.393	0
694.663	0
694.932	0
695.201	0
695.471	0
695.74	0
696.009	0
696.279	0
696.548	0
696.817	0
697.086	0
697.356	0
697.625	1
697.894	1
698.164	1
698.433	0
698.702	0
698.972	0
699.241	0
699.51	0
699.779	0
700.049	0
700.318	0
700.587	0
700.857	0
701.126	1
701.395	0
701.665	0
701.934	1
702.203	0
702.472	1
702.742	0
703.011	0
703.28	0
703.55	1
703.819	0
704.088	0
704.358	0
704.627	0
704.896	1
705.165	1
705.435	0
705.704	0
705.973	0
706.243	0
706.512	1
706.781	0
707.051	0
707.32	0
707.589	0
707.858	0
708.128	0
708.397	0
708.666	0
708.936	0
709.205	0
709.474	0
709.744	1
710.013	0
710.282	1
710.551	2
710.821	0
711.09	0
711.359	2
711.629	1
711.898	0
712.167	0
712.437	0
712.706	0
712.975	2
713.244	0
713.514	1
713.783	1
714.052	0
714.322	0
714.591	0
714.86	0
715.129	0
715.399	0
715.668	0
715.937	0
716.207	0
716.476	0
716.745	0
717.015	0
717.284	0
717.553	1
717.822	0
718.092	0
718.361	0
718.63	0
718.9	0
719.169	0
719.438	0
719.708	1
719.977	0
720.246	0
720.515	0
720.785	0
721.054	1
721.323	0
721.593	0
721.862	1
722.131	0
722.401	0
722.67	1
722.939	0
723.208	0
723.478	0
723.747	1
724.016	0
724.286	0
724.555	0
724.824	0
725.094	0
725.363	2
725.632	0
725.901	0
726.171	1
726.44	0
726.709	3
726.979	1
727.248	0
727.517	0
727.787	0
728.056	0
728.325	0
728.594	0
728.864	1
729.133	1
729.402	0
729.672	0
729.941	0
730.21	0
730.48	1
730.749	0
731.018	0
731.287	0
731.557	0
731.826	0
732.095	1
732.365	0
732.634	0
732.903	1
733.173	0
733.442	1
733.711	1
733.98	0
734.25	0
734.519	0
734.788	1
735.058	1
735.327	0
735.596	1
735.866	0
736.135	0
736.404	1
736.673	0
736.943	0
737.212	0
737.481	0
737.751	1
738.02	1
738.289	0
738.559	0
738.828	0
739.097	0
739.366	1
739.636	1
739.905	1
740.174	1
740.444	0
740.713	1
740.982	0
741.251	0
741.521	1
741.79	0
742.059	0
742.329	1
742.598	0
742.867	0
743.137	0
743.406	1
743.675	0
743.944	0
744.214	0
744.483	0
744.752	0
745.022	0
745.291	0
745.56	0
745.83	2
746.099	1
746.368	0
746.637	0
746.907	0
747.176	1
747.445	0
747.715	0
747.984	0
748.253	0
748.523	1
748.792	0
749.061	0
749.33	1
749.6	0
749.869	2
750.138	0
750.408	0
750.677	0
750.946	0
751.216	0
751.485	0
751.754	0
752.023	0
752.293	2
752.562	1
752.831	0
753.101	0
753.37	0
753.639	0
753.909	0
754.178	0
754.447	0
754.716	0
754.986	0
755.255	0
755.524	0
755.794	0
756.063	0
756.332	0
756.602	0
756.871	0
757.14	0
757.409	0
757.679	0
757.948	0
758.217	0
758.487	0
758.756	1
759.025	0
759.295	0
759.564	0
759.833	0
760.102	0
760.372	0
760.641	0
760.91	0
761.18	0
761.449	0
761.718	0
761.988	0
762.257	0
762.526	0
762.795	1
763.065	0
763.334	0
763.603	1
763.873	0
764.142	0
764.411	0
764.681	0
764.95	0
765.219	0
765.488	0
765.758	0
766.027	0
766.296	0
766.566	0
766.835	0
767.104	0
767.374	2
767.643	0
767.912	0
768.181	0
768.451	0
768.72	0
768.989	0
769.259	0
769.528	0
769.797	0
770.066	0
770.336	0
770.605	1
770.874	0
771.144	0
771.413	1
771.682	0
771.952	0
772.221	1
772.49	0
772.759	0
773.029	1
773.298	0
773.567	0
773.837	0
774.106	0
774.375	0
774.645	0
774.914	1
775.183	0
775.452	0
775.722	0
775.991	0
776.26	1
776.53	0
776.799	0
777.068	0
777.338	0
777.607	0
777.876	0
778.145	0
778.415	2
778.684	0
778.953	0
779.223	0
779.492	1
779.761	0
780.031	0
780.3	0
780.569	0
780.838	0
781.108	0
781.377	0
781.646	0
781.916	0
782.185	0
782.454	0
782.724	0
782.993	0
783.262	1
783.531	1
783.801	0
784.07	0
784.339	0
784.609	0
784.878	0
785.147	0
785.417	0
785.686	0
785.955	0
786.224	0
786.494	0
786.763	0
787.032	1
787.302	0
787.571	1
787.84	0
788.11	0
788.379	0
788.648	1
788.917	0
789.187	0
789.456	0
789.725	0
789.995	0
790.264	0
790.533	0
790.803	0
791.072	0
791.341	0
791.61	0
791.88	0
792.149	0
792.418	1
792.688	0
792.957	0
793.226	0
793.496	0
793.765	0
794.034	1
794.303	0
794.573	0
794.842	0
795.111	0
795.381	0
795.65	0
795.919	0
796.188	0
796.458	1
796.727	0
796.996	0
797.266	0
797.535	0
797.804	0
798.074	0
798.343	0
798.612	0
798.881	0
799.151	1
799.42	0
799.689	0
799.959	0
800.228	1
800.497	0
800.767	0
801.036	0
801.305	0
801.574	0
801.844	0
802.113	0
802.382	0
802.652	0
802.921	0
803.19	0
803.46	0
803.729	0
803.998	0
804.267	0
804.537	0
804.806	0
805.075	0
805.345	0
805.614	0
805.883	0
806.153	0
806.422	0
806.691	0
806.96	0
807.23	1
807.499	0
807.768	0
808.038	0
808.307	0
808.576	0
808.846	1
809.115	0
809.384	0
809.653	0
809.923	0
810.192	0
810.461	1
810.731	0
811	0
811.269	0
811.539	0
811.808	0
812.077	0
812.346	0
812.616	0
812.885	0
813.154	0
813.424	0
813.693	0
813.962	1
814.232	0
814.501	0
814.77	0
815.039	0
815.309	0
815.578	0
815.847	0
816.117	0
816.386	0
816.655	1
816.925	0
817.194	0
817.463	0
817.732	0
818.002	0
818.271	1
818.54	0
818.81	0
819.079	0
819.348	0
819.618	1
819.887	0
820.156	0
820.425	0
820.695	0
820.964	0
821.233	0
821.503	0
821.772	0
822.041	0
822.31	0
822.58	0
822.849	1
823.118	0
823.388	0
823.657	0
823.926	0
824.196	0
824.465	0
824.734	0
825.003	0
825.273	0
825.542	0
825.811	0
826.081	0
826.35	0
826.619	0
826.889	0
827.158	0
827.427	0
827.696	0
827.966	0
828.235	0
828.504	0
828.774	0
829.043	0
829.312	0
829.582	0
829.851	0
830.12	0
830.389	0
830.659	0
830.928	0
831.197	0
831.467	0
831.736	0
832.005	0
832.275	0
832.544	1
832.813	0
833.082	0
833.352	0
833.621	0
833.89	0
834.16	1
834.429	0
834.698	0
834.968	0
835.237	1
835.506	0
835.775	0
836.045	0
836.314	0
836.583	0
836.853	0
837.122	0
837.391	0
837.661	0
837.93	0
838.199	0
838.468	0
838.738	0
839.007	0
839.276	0
839.546	0
839.815	0
840.084	1
840.354	0
840.623	1
840.892	1
841.161	0
841.431	0
841.7	0
841.969	0
842.239	0
842.508	0
842.777	0
843.047	0
843.316	0
843.585	0
843.854	0
844.124	0
844.393	0
844.662	0
844.932	0
845.201	0
845.47	0
845.74	0
846.009	0
846.278	0
846.547	0
846.817	0
847.086	0
847.355	0
847.625	1
847.894	0
848.163	0
848.432	0
848.702	1
848.971	0
849.24	0
849.51	0
849.779	0
850.048	0
850.318	0
850.587	1
850.856	0
851.125	0
851.395	1
851.664	0
851.933	0
852.203	1
852.472	0
852.741	0
853.011	0
853.28	0
853.549	0
853.818	0
854.088	0
854.357	0
854.626	0
854.896	0
855.165	0
855.434	0
855.704	0
855.973	0
856.242	0
856.511	0
856.781	0
857.05	0
857.319	0
857.589	0
857.858	1
858.127	0
858.397	0
858.666	0
858.935	0
859.204	0
859.474	0
859.743	0
860.012	1
860.282	0
860.551	2
860.82	0
861.09	0
861.359	0
861.628	0
861.897	0
862.167	0
862.436	0
862.705	0
862.975	0
863.244	0
863.513	0
863.783	0
864.052	0
864.321	0
864.59	0
864.86	0
865.129	0
865.398	0
865.668	0
865.937	0
866.206	0
866.476	0
866.745	0
867.014	0
867.283	0
867.553	0
867.822	0
868.091	0
868.361	0
868.63	0
868.899	0
869.169	0
869.438	0
869.707	0
869.976	1
870.246	0
870.515	0
870.784	0
871.054	0
871.323	0
871.592	0
871.862	0
872.131	0
872.4	0
872.669	0
872.939	0
873.208	0
873.477	0
873.747	0
874.016	0
874.285	0
874.555	0
874.824	0
875.093	0
875.362	0
875.632	0
875.901	0
876.17	0
876.44	0
876.709	0
876.978	0
877.247	0
877.517	1
877.786	0
878.055	0
878.325	0
878.594	1
878.863	0
879.133	0
879.402	0
879.671	0
879.94	1
880.21	0
880.479	0
880.748	1
881.018	0
881.287	0
881.556	0
881.826	0
882.095	0
882.364	0
882.633	0
882.903	0
883.172	0
883.441	0
883.711	1
883.98	0
884.249	0
884.519	0
884.788	0
885.057	0
885.326	0
885.596	0
885.865	0
886.134	0
886.404	0
886.673	0
886.942	0
887.212	0
887.481	0
887.75	0
888.019	0
888.289	1
888.558	0
888.827	0
889.097	0
889.366	0
889.635	0
889.905	0
890.174	0
890.443	0
890.712	0
890.982	0
891.251	0
891.52	0
891.79	1
892.059	0
892.328	0
892.598	0
892.867	0
893.136	0
893.405	0
893.675	0
893.944	0
894.213	0
894.483	0
894.752	0
895.021	0
895.291	0
895.56	0
895.829	0
896.098	0
896.368	0
896.637	0
896.906	0
897.176	0
897.445	0
897.714	0
897.984	0
898.253	1
898.522	0
898.791	0
899.061	0
899.33	0
899.599	0
899.869	0
900.138	0
900.407	0
900.677	0
900.946	0
901.215	0
901.484	1
901.754	0
902.023	0
902.292	0
902.562	0
902.831	0
903.1	0
903.369	0
903.639	0
903.908	0
904.177	0
904.447	0
904.716	0
904.985	0
905.255	0
905.524	0
905.793	0
906.062	0
906.332	0
906.601	0
906.87	0
907.14	0
907.409	0
907.678	0
907.948	0
908.217	0
908.486	0
908.755	0
909.025	0
909.294	0
909.563	0
909.833	0
910.102	0
910.371	0
910.641	0
910.91	0
911.179	0
911.448	0
911.718	0
911.987	0
912.256	1
912.526	0
912.795	0
913.064	0
913.334	0
913.603	0
913.872	0
914.141	0
914.411	2
914.68	0
914.949	0
915.219	0
915.488	0
915.757	0
916.027	0
916.296	0
916.565	0
916.834	1
917.104	0
917.373	0
917.642	0
917.912	0
918.181	0
918.45	0
918.72	0
918.989	0
919.258	0
919.527	1
919.797	0
920.066	0
920.335	0
920.605	0
920.874	0
921.143	0
921.413	0
921.682	0
921.951	1
922.22	0
922.49	0
922.759	0
923.028	0
923.298	0
923.567	0
923.836	0
924.106	0
924.375	0
924.644	0
924.913	0
925.183	0
925.452	0
925.721	0
925.991	0
926.26	0
926.529	0
926.799	0
927.068	0
927.337	0
927.606	0
927.876	0
928.145	0
928.414	1
928.684	0
928.953	0
929.222	1
929.491	1
929.761	0
930.03	0
930.299	0
930.569	0
930.838	0
931.107	0
931.377	0
931.646	0
931.915	0
932.184	0
932.454	1
932.723	0
932.992	0
933.262	0
933.531	0
933.8	0
934.07	0
934.339	0
934.608	0
934.877	0
935.147	0
935.416	0
935.685	0
935.955	2
936.224	1
936.493	0
936.763	0
937.032	0
937.301	0
937.57	0
937.84	0
938.109	0
938.378	0
938.648	0
938.917	0
939.186	0
939.456	0
939.725	0
939.994	0
940.263	0
940.533	0
940.802	0
941.071	0
941.341	0
941.61	1
941.879	0
942.149	0
942.418	0
942.687	0
942.956	0
943.226	1
943.495	0
943.764	1
944.034	0
944.303	0
944.572	0
944.842	1
945.111	0
945.38	0
945.649	0
945.919	0
946.188	0
946.457	0
946.727	0
946.996	0
947.265	0
947.535	0
947.804	0
948.073	0
948.342	0
948.612	0
948.881	0
949.15	0
949.42	0
949.689	0
949.958	0
950.228	0
950.497	0
950.766	0
951.035	0
951.305	0
951.574	0
951.843	1
952.113	0
952.382	0
952.651	0
952.921	0
953.19	0
953.459	1
953.728	0
953.998	0
954.267	0
954.536	0
954.806	0
955.075	0
955.344	0
955.614	0
955.883	1
956.152	2
956.421	0
956.691	0
956.96	0
957.229	0
957.499	0
957.768	0
958.037	0
958.306	1
958.576	0
958.845	1
959.114	1
959.384	0
959.653	0
959.922	0
960.192	0
960.461	0
960.73	0
960.999	0
961.269	1
961.538	0
961.807	0
962.077	0
962.346	0
962.615	0
962.885	0
963.154	0
963.423	0
963.692	0
963.962	0
964.231	0
964.5	0
964.77	0
965.039	0
965.308	0
965.578	0
965.847	0
966.116	0
966.385	0
966.655	0
966.924	0
967.193	0
967.463	0
967.732	0
968.001	2
968.271	0
968.54	0
968.809	0
969.078	0
969.348	0
969.617	0
969.886	0
970.156	0
970.425	0
970.694	0
970.964	0
971.233	0
971.502	0
971.771	0
972.041	0
972.31	3
972.579	0
972.849	0
973.118	0
973.387	0
973.657	1
973.926	0
974.195	0
974.464	0
974.734	0
975.003	0
975.272	0
975.542	0
975.811	0
976.08	0
976.35	0
976.619	0
976.888	0
977.157	1
977.427	0
977.696	0
977.965	0
978.235	0
978.504	0
978.773	0
979.043	0
979.312	0
979.581	0
979.85	0
980.12	0
980.389	0
980.658	0
980.928	2
981.197	0
981.466	0
981.736	0
982.005	0
982.274	1
982.543	0
982.813	1
983.082	0
983.351	0
983.621	0
983.89	0
984.159	1
984.428	0
984.698	0
984.967	0
985.236	0
985.506	0
985.775	0
986.044	0
986.314	0
986.583	0
986.852	0
987.121	0
987.391	0
987.66	0
987.929	0
988.199	0
988.468	0
988.737	0
989.007	0
989.276	0
989.545	0
989.814	0
990.084	0
990.353	0
990.622	0
990.892	1
991.161	0
991.43	0
991.7	0
991.969	0
992.238	0
992.507	0
992.777	0
993.046	0
993.315	0
993.585	0
993.854	0
994.123	0
994.393	0
994.662	0
994.931	0
995.2	0
995.47	0
995.739	0
996.008	0
996.278	0
996.547	0
996.816	0
997.086	1
997.355	0
997.624	0
997.893	1
998.163	0
998.432	0
998.701	0
998.971	1
999.24	0
999.509	0
999.779	0
1000.05	0
1000.32	0
1000.59	0
1000.86	1
1001.13	0
1001.39	0
1001.66	0
1001.93	0
1002.2	0
1002.47	0
1002.74	0
1003.01	0
1003.28	0
1003.55	0
1003.82	0
1004.09	0
1004.36	0
1004.63	0
1004.9	1
1005.16	0
1005.43	0
1005.7	0
1005.97	0
1006.24	0
1006.51	0
1006.78	0
1007.05	0
1007.32	0
1007.59	0
1007.86	0
1008.13	0
1008.4	0
1008.67	0
1008.93	0
1009.2	0
1009.47	0
1009.74	0
1010.01	0
1010.28	0
1010.55	0
1010.82	0
1011.09	0
1011.36	0
1011.63	0
1011.9	0
1012.17	0
1012.44	0
1012.7	0
1012.97	0
1013.24	0
1013.51	0
1013.78	0
1014.05	0
1014.32	0
1014.59	0
1014.86	0
1015.13	0
1015.4	0
1015.67	0
1015.94	0
1016.21	0
1016.48	0
1016.74	0
1017.01	0
1017.28	0
1017.55	0
1017.82	0
1018.09	0
1018.36	0
1018.63	0
1018.9	0
1019.17	0
1019.44	0
1019.71	0
1019.98	0
1020.25	0
1020.51	0
1020.78	0
1021.05	0
1021.32	0
1021.59	0
1021.86	0
1022.13	0
1022.4	0
1022.67	0
1022.94	0
1023.21	0
1023.48	0
1023.75	0
1024.02	0
1024.28	0
1024.55	0
1024.82	0
1025.09	0
1025.36	0
1025.63	0
1025.9	0
1026.17	0
1026.44	0
1026.71	1
1026.98	1
1027.25	0
1027.52	0
1027.79	0
1028.05	0
1028.32	0
1028.59	0
1028.86	0
1029.13	0
1029.4	0
1029.67	0
1029.94	0
1030.21	0
1030.48	0
1030.75	0
1031.02	0
1031.29	0
1031.56	0
1031.83	0
1032.09	0
1032.36	0
1032.63	0
1032.9	0
1033.17	0
1033.44	0
1033.71	1
1033.98	0
1034.25	0
1034.52	1
1034.79	0
1035.06	0
1035.33	1
1035.6	0
1035.86	0
1036.13	0
1036.4	0
1036.67	0
1036.94	0
1037.21	0
1037.48	0
1037.75	1
1038.02	0
1038.29	0
1038.56	0
1038.83	0
1039.1	0
1039.37	0
1039.63	0
1039.9	0
1040.17	0
1040.44	0
1040.71	0
1040.98	0
1041.25	0
1041.52	0
1041.79	0
1042.06	0
1042.33	0
1042.6	0
1042.87	0
1043.14	0
1043.4	0
1043.67	0
1043.94	0
1044.21	0
1044.48	0
1044.75	0
1045.02	0
1045.29	0
1045.56	0
1045.83	0
1046.1	0
1046.37	0
1046.64	0
1046.91	0
1047.18	0
1047.44	0
1047.71	0
1047.98	0
1048.25	0
1048.52	0
1048.79	0
1049.06	0
1049.33	0
1049.6	0
1049.87	0
1050.14	0
1050.41	0
1050.68	0
1050.95	0
1051.21	0
1051.48	0
1051.75	0
1052.02	0
1052.29	0
1052.56	0
1052.83	1
1053.1	0
1053.37	0
1053.64	0
1053.91	0
1054.18	0
1054.45	0
1054.72	0
1054.98	0
1055.25	0
1055.52	0
1055.79	0
1056.06	0
1056.33	0
1056.6	0
1056.87	0
1057.14	0
1057.41	1
1057.68	0
1057.95	0
1058.22	0
1058.49	0
1058.76	0
1059.02	0
1059.29	0
1059.56	0
1059.83	0
1060.1	0
1060.37	0
1060.64	0
1060.91	0
1061.18	0
1061.45	0
1061.72	1
1061.99	0
1062.26	0
1062.53	0
1062.79	0
1063.06	0
1063.33	0
1063.6	0
1063.87	0
1064.14	0
1064.41	1
1064.68	0
1064.95	0
1065.22	0
1065.49	0
1065.76	0
1066.03	0
1066.3	0
1066.56	0
1066.83	2
1067.1	1
1067.37	0
1067.64	0
1067.91	0
1068.18	0
1068.45	0
1068.72	0
1068.99	0
1069.26	0
1069.53	0
1069.8	0
1070.07	0
1070.33	0
1070.6	0
1070.87	0
1071.14	0
1071.41	0
1071.68	0
1071.95	0
1072.22	0
1072.49	0
1072.76	0
1073.03	0
1073.3	0
1073.57	0
1073.84	1
1074.11	0
1074.37	0
1074.64	0
1074.91	0
1075.18	0
1075.45	0
1075.72	0
1075.99	1
1076.26	0
1076.53	0
1076.8	0
1077.07	0
1077.34	0
1077.61	0
1077.88	0
1078.14	0
1078.41	0
1078.68	0
1078.95	0
1079.22	0
1079.49	0
1079.76	0
1080.03	0
1080.3	0
1080.57	0
1080.84	0
1081.11	0
1081.38	0
1081.65	0
1081.91	0
1082.18	0
1082.45	0
1082.72	0
1082.99	0
1083.26	0
1083.53	0
1083.8	0
1084.07	0
1084.34	0
1084.61	1
1084.88	0
1085.15	0
1085.42	0
1085.68	0
1085.95	0
1086.22	0
1086.49	0
1086.76	0
1087.03	0
1087.3	0
1087.57	0
1087.84	0
1088.11	0
1088.38	0
1088.65	0
1088.92	0
1089.19	0
1089.46	1
1089.72	0
1089.99	0
1090.26	0
1090.53	0
1090.8	0
1091.07	0
1091.34	0
1091.61	0
1091.88	0
1092.15	0
1092.42	0
1092.69	0
1092.96	0
1093.23	0
1093.49	0
1093.76	0
1094.03	0
1094.3	0
1094.57	0
1094.84	0
1095.11	0
1095.38	1
1095.65	0
1095.92	0
1096.19	0
1096.46	0
1096.73	0
1097	0
1097.26	0
1097.53	0
1097.8	0
1098.07	0
1098.34	0
1098.61	0
1098.88	0
1099.15	1
1099.42	0
1099.69	1
1099.96	2
1100.23	0
1100.5	0
1100.77	0
1101.03	0
1101.3	0
1101.57	1
1101.84	0
1102.11	0
1102.38	0
1102.65	0
1102.92	0
1103.19	1
1103.46	0
1103.73	0
1104	0
1104.27	0
1104.54	0
1104.81	0
1105.07	0
1105.34	0
1105.61	0
1105.88	0
1106.15	0
1106.42	0
1106.69	0
1106.96	0
1107.23	0
1107.5	0
1107.77	0
1108.04	0
1108.31	0
1108.58	0
1108.84	0
1109.11	0
1109.38	0
1109.65	0
1109.92	0
1110.19	0
1110.46	0
1110.73	0
1111	0
1111.27	0
1111.54	0
1111.81	0
1112.08	0
1112.35	0
1112.61	0
1112.88	0
1113.15	0
1113.42	0
1113.69	0
1113.96	0
1114.23	0
1114.5	0
1114.77	0
1115.04	0
1115.31	0
1115.58	0
1115.85	1
1116.12	0
1116.39	0
1116.65	0
1116.92	1
1117.19	0
1117.46	0
1117.73	0
1118	1
1118.27	0
1118.54	1
1118.81	0
1119.08	0
1119.35	0
1119.62	0
1119.89	0
1120.16	0
1120.42	0
1120.69	0
1120.96	0
1121.23	0
1121.5	0
1121.77	1
1122.04	0
1122.31	0
1122.58	1
1122.85	0
1123.12	0
1123.39	0
1123.66	0
1123.93	0
1124.19	0
1124.46	0
1124.73	0
1125	0
1125.27	0
1125.54	1
1125.81	0
1126.08	0
1126.35	0
1126.62	0
1126.89	0
1127.16	0
1127.43	0
1127.7	0
1127.96	0
1128.23	0
1128.5	0
1128.77	0
1129.04	0
1129.31	0
1129.58	0
1129.85	0
1130.12	0
1130.39	0
1130.66	0
1130.93	0
1131.2	1
1131.47	1
1131.74	0
1132	0
1132.27	0
1132.54	0
1132.81	0
1133.08	0
1133.35	0
1133.62	0
1133.89	0
1134.16	0
1134.43	0
1134.7	0
1134.97	1
1135.24	0
1135.51	0
1135.77	0
1136.04	0
1136.31	0
1136.58	0
1136.85	0
1137.12	0
1137.39	0
1137.66	0
1137.93	0
1138.2	0
1138.47	0
1138.74	0
1139.01	0
1139.28	0
1139.54	0
1139.81	0
1140.08	0
1140.35	0
1140.62	0
1140.89	0
1141.16	0
1141.43	0
1141.7	0
1141.97	0
1142.24	0
1142.51	0
1142.78	0
1143.05	0
1143.31	0
1143.58	0
1143.85	0
1144.12	0
1144.39	0
1144.66	0
1144.93	0
1145.2	0
1145.47	0
1145.74	0
1146.01	0
1146.28	0
1146.55	0
1146.82	0
1147.09	0
1147.35	0
1147.62	0
1147.89	1
1148.16	0
1148.43	0
1148.7	0
1148.97	0
1149.24	0
1149.51	0
1149.78	0
1150.05	0
1150.32	0
1150.59	0
1150.86	0
1151.12	0
1151.39	0
1151.66	0
1151.93	0
1152.2	0
1152.47	0
1152.74	0
1153.01	0
1153.28	0
1153.55	0
1153.82	0
1154.09	0
1154.36	0
1154.63	0
1154.89	0
1155.16	0
1155.43	0
1155.7	0
1155.97	0
1156.24	0
1156.51	0
1156.78	0
1157.05	0
1157.32	0
1157.59	0
1157.86	0
1158.13	0
1158.4	0
1158.66	1
1158.93	0
1159.2	0
1159.47	0
1159.74	1
1160.01	0
1160.28	0
1160.55	0
1160.82	0
1161.09	0
1161.36	0
1161.63	0
1161.9	0
1162.17	1
1162.44	0
1162.7	0
1162.97	0
1163.24	1
1163.51	0
1163.78	0
1164.05	0
1164.32	0
1164.59	0
1164.86	0
1165.13	1
1165.4	0
1165.67	0
1165.94	0
1166.21	0
1166.47	0
1166.74	0
1167.01	0
1167.28	0
1167.55	0
1167.82	0
1168.09	1
1168.36	1
1168.63	0
1168.9	0
1169.17	1
1169.44	0
1169.71	0
1169.98	0
1170.24	0
1170.51	0
1170.78	0
1171.05	0
1171.32	0
1171.59	0
1171.86	0
1172.13	0
1172.4	0
1172.67	1
1172.94	0
1173.21	0
1173.48	0
1173.75	0
1174.01	0
1174.28	0
1174.55	0
1174.82	0
1175.09	0
1175.36	0
1175.63	0
1175.9	0
1176.17	0
1176.44	0
1176.71	0
1176.98	0
1177.25	0
1177.52	0
1177.79	0
1178.05	0
1178.32	0
1178.59	0
1178.86	0
1179.13	0
1179.4	0
1179.67	0
1179.94	0
1180.21	0
1180.48	0
1180.75	0
1181.02	0
1181.29	0
1181.56	0
1181.82	0
1182.09	0
1182.36	0
1182.63	1
1182.9	0
1183.17	0
1183.44	0
1183.71	0
1183.98	0
1184.25	0
1184.52	0
1184.79	0
1185.06	0
1185.33	0
1185.59	0
1185.86	0
1186.13	0
1186.4	0
1186.67	0
1186.94	0
1187.21	0
1187.48	0
1187.75	0
1188.02	0
1188.29	0
1188.56	0
1188.83	0
1189.1	0
1189.37	0
1189.63	0
1189.9	0
1190.17	0
1190.44	0
1190.71	0
1190.98	0
1191.25	0
1191.52	1
1191.79	0
1192.06	0
1192.33	0
1192.6	0
1192.87	0
1193.14	0
1193.4	0
1193.67	0
1193.94	0
1194.21	0
1194.48	0
1194.75	0
1195.02	0
1195.29	0
1195.56	0
1195.83	0
1196.1	0
1196.37	0
1196.64	0
1196.91	0
1197.17	0
1197.44	0
1197.71	0
1197.98	0
1198.25	0
1198.52	0
1198.79	0
1199.06	0
1199.33	0
1199.6	0
1199.87	0
1200.14	0
1200.41	0
1200.68	0
1200.94	0
1201.21	0
1201.48	0
1201.75	0
1202.02	0
1202.29	0
1202.56	0
1202.83	1
1203.1	1
1203.37	0
1203.64	0
1203.91	0
1204.18	0
1204.45	0
1204.72	0
1204.98	0
1205.25	0
1205.52	0
1205.79	0
1206.06	0
1206.33	0
1206.6	0
1206.87	0
1207.14	0
1207.41	0
1207.68	0
1207.95	0
1208.22	1
1208.49	0
1208.75	0
1209.02	0
1209.29	0
1209.56	0
1209.83	0
1210.1	0
1210.37	0
1210.64	0
1210.91	0
1211.18	0
1211.45	0
1211.72	0
1211.99	0
1212.26	0
1212.52	0
1212.79	1
1213.06	0
1213.33	0
1213.6	0
1213.87	0
1214.14	1
1214.41	0
1214.68	0
1214.95	1
1215.22	0
1215.49	0
1215.76	0
1216.03	0
1216.29	0
1216.56	1
1216.83	1
1217.1	0
1217.37	0
1217.64	0
1217.91	0
1218.18	0
1218.45	0
1218.72	0
1218.99	0
1219.26	0
1219.53	0
1219.8	0
1220.07	0
1220.33	0
1220.6	0
1220.87	0
1221.14	0
1221.41	0
1221.68	0
1221.95	0
1222.22	0
1222.49	1
1222.76	0
1223.03	0
1223.3	0
1223.57	0
1223.84	0
1224.1	0
1224.37	0
1224.64	0
1224.91	0
1225.18	0
1225.45	0
1225.72	0
1225.99	0
1226.26	0
1226.53	0
1226.8	0
1227.07	0
1227.34	0
1227.61	0
1227.87	0
1228.14	0
1228.41	0
1228.68	0
1228.95	0
1229.22	0
1229.49	0
1229.76	0
1230.03	0
1230.3	0
1230.57	0
1230.84	0
1231.11	0
1231.38	0
1231.64	0
1231.91	0
1232.18	0
1232.45	0
1232.72	0
1232.99	0
1233.26	0
1233.53	0
1233.8	0
1234.07	0
1234.34	0
1234.61	0
1234.88	0
1235.15	0
1235.42	0
1235.68	0
1235.95	0
1236.22	1
1236.49	0
1236.76	0
1237.03	1
1237.3	1
1237.57	0
1237.84	0
1238.11	0
1238.38	0
1238.65	0
1238.92	0
1239.19	0
1239.45	0
1239.72	0
1239.99	0
1240.26	0
1240.53	0
1240.8	0
1241.07	0
1241.34	0
1241.61	0
1241.88	0
1242.15	0
1242.42	0
1242.69	0
1242.96	0
1243.22	0
1243.49	0
1243.76	0
1244.03	0
1244.3	0
1244.57	0
1244.84	0
1245.11	0
1245.38	0
1245.65	0
1245.92	0
1246.19	0
1246.46	0
1246.73	0
1247	0
1247.26	0
1247.53	0
1247.8	0
1248.07	0
1248.34	1
1248.61	0
1248.88	0
1249.15	0
1249.42	1
1249.69	0
1249.96	0
1250.23	0
1250.5	0
1250.77	0
1251.03	0
1251.3	0
1251.57	0
1251.84	0
1252.11	0
1252.38	0
1252.65	0
1252.92	0
1253.19	0
1253.46	0
1253.73	0
1254	0
1254.27	0
1254.54	0
1254.8	0
1255.07	0
1255.34	0
1255.61	0
1255.88	0
1256.15	0
1256.42	1
1256.69	1
1256.96	0
1257.23	0
1257.5	0
1257.77	0
1258.04	0
1258.31	0
1258.57	0
1258.84	0
1259.11	0
1259.38	0
1259.65	0
1259.92	0
1260.19	0
1260.46	0
1260.73	0
1261	0
1261.27	0
1261.54	0
1261.81	0
1262.08	0
1262.35	0
1262.61	0
1262.88	0
1263.15	0
1263.42	0
1263.69	0
1263.96	0
1264.23	0
1264.5	1
1264.77	0
1265.04	0
1265.31	0
1265.58	0
1265.85	0
1266.12	0
1266.38	0
1266.65	0
1266.92	0
1267.19	0
1267.46	0
1267.73	0
1268	0
1268.27	0
1268.54	0
1268.81	0
1269.08	0
1269.35	0
1269.62	0
1269.89	0
1270.15	0
1270.42	0
1270.69	0
1270.96	0
1271.23	0
1271.5	0
1271.77	0
1272.04	0
1272.31	0
1272.58	0
1272.85	0
1273.12	0
1273.39	0
1273.66	0
1273.92	0
1274.19	0
1274.46	0
1274.73	0
1275	0
1275.27	0
1275.54	0
1275.81	0
1276.08	0
1276.35	0
1276.62	0
1276.89	0
1277.16	0
1277.43	0
1277.7	0
1277.96	0
1278.23	0
1278.5	0
1278.77	0
1279.04	0
1279.31	0
1279.58	0
1279.85	0
1280.12	0
1280.39	0
1280.66	0
1280.93	0
1281.2	0
1281.47	0
1281.73	0
1282	0
1282.27	0
1282.54	0
1282.81	0
1283.08	0
1283.35	0
1283.62	0
1283.89	0
1284.16	0
1284.43	0
1284.7	0
1284.97	0
1285.24	0
1285.5	0
1285.77	0
1286.04	0
1286.31	0
1286.58	0
1286.85	0
1287.12	0
1287.39	0
1287.66	0
1287.93	0
1288.2	0
1288.47	0
1288.74	0
1289.01	1
1289.27	0
1289.54	0
1289.81	0
1290.08	0
1290.35	0
1290.62	0
1290.89	0
1291.16	1
1291.43	0
1291.7	0
1291.97	0
1292.24	0
1292.51	0
1292.78	0
1293.05	0
1293.31	0
1293.58	0
1293.85	0
1294.12	0
1294.39	0
1294.66	1
1294.93	0
1295.2	0
1295.47	0
1295.74	0
1296.01	1
1296.28	1
1296.55	0
1296.82	0
1297.08	0
1297.35	0
1297.62	0
1297.89	1
1298.16	0
1298.43	0
1298.7	0
1298.97	0
1299.24	0
1299.51	0
1299.78	0
1300.05	0
1300.32	0
1300.59	0
1300.85	0
1301.12	0
1301.39	1
1301.66	0
1301.93	0
1302.2	0
1302.47	0
1302.74	0
1303.01	0
1303.28	0
1303.55	0
1303.82	0
1304.09	0
1304.36	0
1304.63	0
1304.89	0
1305.16	0
1305.43	0
1305.7	0
1305.97	0
1306.24	0
1306.51	0
1306.78	0
1307.05	0
1307.32	0
1307.59	0
1307.86	0
1308.13	0
1308.4	0
1308.66	0
1308.93	0
1309.2	0
1309.47	0
1309.74	0
1310.01	0
1310.28	0
1310.55	0
1310.82	0
1311.09	0
1311.36	0
1311.63	0
1311.9	0
1312.17	0
1312.43	0
1312.7	0
1312.97	0
1313.24	0
1313.51	0
1313.78	0
1314.05	0
1314.32	0
1314.59	0
1314.86	0
1315.13	1
1315.4	0
1315.67	0
1315.94	0
1316.2	0
1316.47	0
1316.74	0
1317.01	0
1317.28	0
1317.55	0
1317.82	0
1318.09	0
1318.36	0
1318.63	0
1318.9	0
1319.17	0
1319.44	0
1319.71	0
1319.98	0
1320.24	0
1320.51	0
1320.78	0
1321.05	0
1321.32	0
1321.59	0
1321.86	0
1322.13	0
1322.4	0
1322.67	0
1322.94	0
1323.21	0
1323.48	0
1323.75	0
1324.01	0
1324.28	0
1324.55	0
1324.82	0
1325.09	0
1325.36	0
1325.63	0
1325.9	0
1326.17	0
1326.44	0
1326.71	0
1326.98	0
1327.25	0
1327.52	0
1327.78	0
1328.05	0
1328.32	0
1328.59	0
1328.86	0
1329.13	0
1329.4	0
1329.67	0
1329.94	0
1330.21	0
1330.48	0
1330.75	0
1331.02	0
1331.29	0
1331.55	0
1331.82	0
1332.09	0
1332.36	0
1332.63	0
1332.9	0
1333.17	0
1333.44	0
1333.71	0
1333.98	1
1334.25	0
1334.52	0
1334.79	0
1335.06	0
1335.33	0
1335.59	0
1335.86	0
1336.13	0
1336.4	1
1336.67	0
1336.94	0
1337.21	0
1337.48	0
1337.75	0
1338.02	0
1338.29	0
1338.56	0
1338.83	0
1339.1	0
1339.36	0
1339.63	0
1339.9	0
1340.17	0
1340.44	0
1340.71	0
1340.98	0
1341.25	0
1341.52	0
1341.79	0
1342.06	0
1342.33	0
1342.6	0
1342.87	0
1343.13	0
1343.4	0
1343.67	0
1343.94	0
1344.21	0
1344.48	0
1344.75	1
1345.02	0
1345.29	0
1345.56	0
1345.83	0
1346.1	0
1346.37	0
1346.64	0
1346.9	0
1347.17	0
1347.44	0
1347.71	0
1347.98	0
1348.25	0
1348.52	0
1348.79	0
1349.06	0
1349.33	1
1349.6	0
1349.87	0
1350.14	0
1350.41	0
1350.68	0
1350.94	0
1351.21	0
1351.48	0
1351.75	0
1352.02	0
1352.29	0
1352.56	0
1352.83	0
1353.1	0
1353.37	0
1353.64	0
1353.91	0
1354.18	0
1354.45	0
1354.71	0
1354.98	0
1355.25	0
1355.52	0
1355.79	0
1356.06	0
1356.33	0
1356.6	0
1356.87	0
1357.14	0
1357.41	0
1357.68	0
1357.95	0
1358.22	0
1358.48	0
1358.75	0
1359.02	0
1359.29	0
1359.56	0
1359.83	0
1360.1	0
1360.37	0
1360.64	0
1360.91	0
1361.18	0
1361.45	0
1361.72	0
1361.99	0
1362.25	0
1362.52	0
1362.79	0
1363.06	0
1363.33	0
1363.6	0
1363.87	0
1364.14	0
1364.41	0
1364.68	1
1364.95	0
1365.22	0
1365.49	0
1365.76	0
1366.03	0
1366.29	0
1366.56	0
1366.83	0
1367.1	0
1367.37	1
1367.64	0
1367.91	0
1368.18	0
1368.45	1
1368.72	0
1368.99	0
1369.26	0
1369.53	0
1369.8	0
1370.06	0
1370.33	0
1370.6	0
1370.87	0
1371.14	0
1371.41	0
1371.68	0
1371.95	0
1372.22	0
1372.49	0
1372.76	0
1373.03	0
1373.3	0
1373.57	0
1373.83	0
1374.1	0
1374.37	0
1374.64	0
1374.91	0
1375.18	0
1375.45	0
1375.72	0
1375.99	0
1376.26	0
1376.53	0
1376.8	1
1377.07	0
1377.34	0
1377.61	0
1377.87	0
1378.14	0
1378.41	0
1378.68	0
1378.95	0
1379.22	0
1379.49	0
1379.76	0
1380.03	0
1380.3	0
1380.57	0
1380.84	0
1381.11	0
1381.38	0
1381.64	0
1381.91	0
1382.18	0
1382.45	0
1382.72	1
1382.99	0
1383.26	0
1383.53	0
1383.8	0
1384.07	0
1384.34	1
1384.61	0
1384.88	0
1385.15	0
1385.41	0
1385.68	0
1385.95	0
1386.22	0
1386.49	0
1386.76	0
1387.03	0
1387.3	0
1387.57	1
1387.84	0
1388.11	0
1388.38	0
1388.65	0
1388.92	0
1389.18	0
1389.45	0
1389.72	0
1389.99	0
1390.26	0
1390.53	0
1390.8	0
1391.07	1
1391.34	0
1391.61	0
1391.88	0
1392.15	0
1392.42	0
1392.69	0
1392.96	0
1393.22	0
1393.49	0
1393.76	0
1394.03	0
1394.3	0
1394.57	0
1394.84	0
1395.11	0
1395.38	0
1395.65	0
1395.92	0
1396.19	0
1396.46	1
1396.73	0
1396.99	0
1397.26	0
1397.53	0
1397.8	0
1398.07	0
1398.34	0
1398.61	0
1398.88	0
1399.15	0
1399.42	0
1399.69	0
1399.96	0
1400.23	0
1400.5	0
1400.76	0
1401.03	0
1401.3	0
1401.57	0
1401.84	0
1402.11	0
1402.38	0
1402.65	0
1402.92	0
1403.19	0
1403.46	0
1403.73	0
1404	0
1404.27	0
1404.53	0
1404.8	0
1405.07	1
1405.34	0
1405.61	0
1405.88	0
1406.15	1
1406.42	1
1406.69	0
1406.96	0
1407.23	0
1407.5	0
1407.77	0
1408.04	0
1408.31	0
1408.57	1
1408.84	0
1409.11	0
1409.38	0
1409.65	0
1409.92	0
1410.19	0
1410.46	0
1410.73	0
1411	0
1411.27	0
1411.54	0
1411.81	0
1412.08	0
1412.34	0
1412.61	0
1412.88	1
1413.15	0
1413.42	0
1413.69	0
1413.96	0
1414.23	0
1414.5	0
1414.77	0
1415.04	0
1415.31	0
1415.58	0
1415.85	0
1416.11	1
1416.38	0
1416.65	0
1416.92	0
1417.19	0
1417.46	0
1417.73	0
1418	0
1418.27	0
1418.54	0
1418.81	0
1419.08	0
1419.35	0
1419.62	0
1419.88	0
1420.15	0
1420.42	0
1420.69	0
1420.96	0
1421.23	1
1421.5	0
1421.77	0
1422.04	1
1422.31	0
1422.58	0
1422.85	0
1423.12	0
1423.39	0
1423.66	1
1423.92	0
1424.19	0
1424.46	0
1424.73	0
1425	0
1425.27	0
1425.54	0
1425.81	0
1426.08	1
1426.35	0
1426.62	0
1426.89	0
1427.16	0
1427.43	0
1427.69	0
1427.96	0
1428.23	0
1428.5	0
1428.77	0
1429.04	0
1429.31	0
1429.58	1
1429.85	0
1430.12	0
1430.39	0
1430.66	0
1430.93	0
1431.2	0
1431.46	0
1431.73	1
1432	0
1432.27	0
1432.54	0
1432.81	0
1433.08	0
1433.35	1
1433.62	0
1433.89	2
1434.16	0
1434.43	0
1434.7	0
1434.97	0
1435.24	0
1435.5	0
1435.77	0
1436.04	0
1436.31	0
1436.58	0
1436.85	0
1437.12	0
1437.39	0
1437.66	0
1437.93	0
1438.2	0
1438.47	0
1438.74	0
1439.01	0
1439.27	0
1439.54	0
1439.81	0
1440.08	0
1440.35	0
1440.62	0
1440.89	0
1441.16	0
1441.43	0
1441.7	0
1441.97	0
1442.24	0
1442.51	0
1442.78	0
1443.04	0
1443.31	0
1443.58	0
1443.85	0
1444.12	0
1444.39	0
1444.66	0
1444.93	0
1445.2	0
1445.47	0
1445.74	0
1446.01	2
1446.28	0
1446.55	0
1446.81	0
1447.08	0
1447.35	1
1447.62	1
1447.89	0
1448.16	0
1448.43	0
1448.7	0
1448.97	0
1449.24	0
1449.51	1
1449.78	0
1450.05	0
1450.32	1
1450.59	0
1450.85	0
1451.12	0
1451.39	0
1451.66	0
1451.93	0
1452.2	0
1452.47	0
1452.74	0
1453.01	0
1453.28	0
1453.55	0
1453.82	0
1454.09	0
1454.36	0
1454.62	0
1454.89	0
1455.16	0
1455.43	1
1455.7	0
1455.97	0
1456.24	0
1456.51	0
1456.78	0
1457.05	0
1457.32	2
1457.59	0
1457.86	1
1458.13	0
1458.39	0
1458.66	0
1458.93	0
1459.2	0
1459.47	0
1459.74	0
1460.01	0
1460.28	0
1460.55	0
1460.82	0
1461.09	0
1461.36	0
1461.63	1
1461.9	1
1462.16	0
1462.43	0
1462.7	0
1462.97	0
1463.24	0
1463.51	0
1463.78	0
1464.05	1
1464.32	0
1464.59	0
1464.86	0
1465.13	0
1465.4	0
1465.67	0
1465.94	0
1466.2	0
1466.47	0
1466.74	0
1467.01	0
1467.28	0
1467.55	0
1467.82	0
1468.09	0
1468.36	0
1468.63	0
1468.9	0
1469.17	0
1469.44	0
1469.71	0
1469.97	0
1470.24	0
1470.51	0
1470.78	0
1471.05	0
1471.32	0
1471.59	0
1471.86	0
1472.13	0
1472.4	0
1472.67	0
1472.94	0
1473.21	0
1473.48	0
1473.74	1
1474.01	0
1474.28	0
1474.55	0
1474.82	1
1475.09	0
1475.36	0
1475.63	0
1475.9	0
1476.17	0
1476.44	0
1476.71	0
1476.98	0
1477.25	0
1477.51	0
1477.78	0
1478.05	0
1478.32	0
1478.59	0
1478.86	0
1479.13	0
1479.4	0
1479.67	1
1479.94	1
1480.21	0
1480.48	0
1480.75	0
1481.02	0
1481.29	0
1481.55	0
1481.82	0
1482.09	0
1482.36	0
1482.63	0
1482.9	0
1483.17	0
1483.44	0
1483.71	0
1483.98	0
1484.25	0
1484.52	0
1484.79	0
1485.06	0
1485.32	0
1485.59	0
1485.86	0
1486.13	0
1486.4	0
1486.67	0
1486.94	0
1487.21	0
1487.48	0
1487.75	0
1488.02	0
1488.29	0
1488.56	0
1488.83	0
1489.09	0
1489.36	0
1489.63	0
1489.9	0
1490.17	0
1490.44	0
1490.71	0
1490.98	0
1491.25	0
1491.52	0
1491.79	0
1492.06	0
1492.33	0
1492.6	0
1492.87	0
1493.13	0
1493.4	0
1493.67	0
1493.94	0
1494.21	0
1494.48	0
1494.75	0
1495.02	0
1495.29	0
1495.56	0
1495.83	0
1496.1	0
1496.37	0
1496.64	0
1496.9	0
1497.17	0
1497.44	0
1497.71	0
1497.98	0
1498.25	0
1498.52	1
1498.79	0
1499.06	0
1499.33	0
1499.6	0
1499.87	0
1500.14	0
1500.41	0
1500.67	0
1500.94	0
1501.21	0
1501.48	0
1501.75	0
1502.02	0
1502.29	0
1502.56	0
1502.83	0
1503.1	0
1503.37	0
1503.64	0
1503.91	0
1504.18	0
1504.44	0
1504.71	0
1504.98	0
1505.25	0
1505.52	0
1505.79	0
1506.06	0
1506.33	0
1506.6	0
1506.87	0
1507.14	0
1507.41	0
1507.68	0
1507.95	0
1508.22	0
1508.48	0
1508.75	0
1509.02	0
1509.29	0
1509.56	0
1509.83	0
1510.1	0
1510.37	0
1510.64	0
1510.91	0
1511.18	0
1511.45	0
1511.72	0
1511.99	0
1512.25	0
1512.52	0
1512.79	0
1513.06	0
1513.33	0
1513.6	0
1513.87	0
1514.14	0
1514.41	0
1514.68	0
1514.95	0
1515.22	0
1515.49	0
1515.76	0
1516.02	0
1516.29	0
1516.56	1
1516.83	0
1517.1	0
1517.37	0
1517.64	0
1517.91	0
1518.18	0
1518.45	0
1518.72	0
1518.99	0
1519.26	0
1519.53	0
1519.79	1
1520.06	0
1520.33	0
1520.6	0
1520.87	0
1521.14	0
1521.41	0
1521.68	0
1521.95	0
1522.22	0
1522.49	0
1522.76	0
1523.03	0
1523.3	0
1523.57	0
1523.83	0
1524.1	0
1524.37	0
1524.64	0
1524.91	0
1525.18	0
1525.45	0
1525.72	0
1525.99	0
1526.26	0
1526.53	0
1526.8	0
1527.07	0
1527.34	0
1527.6	0
1527.87	0
1528.14	0
1528.41	0
1528.68	0
1528.95	0
1529.22	0
1529.49	0
1529.76	0
1530.03	0
1530.3	0
1530.57	0
1530.84	0
1531.11	0
1531.37	0
1531.64	0
1531.91	0
1532.18	0
1532.45	0
1532.72	0
1532.99	0
1533.26	0
1533.53	0
1533.8	0
1534.07	0
1534.34	0
1534.61	0
1534.88	0
1535.14	0
1535.41	0
1535.68	0
1535.95	0
1536.22	0
1536.49	0
1536.76	0
1537.03	0
1537.3	0
1537.57	0
1537.84	0
1538.11	0
1538.38	0
1538.65	0
1538.92	0
1539.18	0
1539.45	0
1539.72	0
1539.99	0
1540.26	0
1540.53	0
1540.8	0
1541.07	0
1541.34	0
1541.61	1
1541.88	0
1542.15	0
1542.42	0
1542.69	0
1542.95	0
1543.22	0
1543.49	0
1543.76	0
1544.03	0
1544.3	0
1544.57	0
1544.84	0
1545.11	0
1545.38	0
1545.65	0
1545.92	0
1546.19	0
1546.46	0
1546.72	0
1546.99	1
1547.26	0
1547.53	0
1547.8	0
1548.07	0
1548.34	0
1548.61	0
1548.88	0
1549.15	0
1549.42	0
1549.69	0
1549.96	0
1550.23	0
1550.49	0
1550.76	0
1551.03	0
1551.3	0
1551.57	0
1551.84	0
1552.11	0
1552.38	0
1552.65	0
1552.92	0
1553.19	0
1553.46	0
1553.73	0
1554	0
1554.27	0
1554.53	0
1554.8	0
1555.07	0
1555.34	0
1555.61	0
1555.88	0
1556.15	0
1556.42	0
1556.69	0
1556.96	0
1557.23	0
1557.5	0
1557.77	0
1558.04	0
1558.3	0
1558.57	0
1558.84	0
1559.11	0
1559.38	0
1559.65	0
1559.92	0
1560.19	0
1560.46	0
1560.73	0
1561	0
1561.27	0
1561.54	0
1561.81	0
1562.07	0
1562.34	0
1562.61	0
1562.88	0
1563.15	0
1563.42	0
1563.69	0
1563.96	0
1564.23	0
1564.5	0
1564.77	0
1565.04	0
1565.31	0
1565.58	0
1565.85	0
1566.11	1
1566.38	0
1566.65	0
1566.92	0
1567.19	0
1567.46	0
1567.73	0
1568	0
1568.27	0
1568.54	0
1568.81	0
1569.08	0
1569.35	0
1569.62	0
1569.88	0
1570.15	0
1570.42	0
1570.69	0
1570.96	0
1571.23	0
1571.5	0
1571.77	0
1572.04	0
1572.31	0
1572.58	0
1572.85	0
1573.12	0
1573.39	0
1573.65	0
1573.92	0
1574.19	0
1574.46	0
1574.73	0
1575	0
1575.27	0
1575.54	0
1575.81	0
1576.08	0
1576.35	0
1576.62	0
1576.89	0
1577.16	0
1577.42	0
1577.69	0
1577.96	0
1578.23	0
1578.5	0
1578.77	0
1579.04	0
1579.31	0
1579.58	0
1579.85	0
1580.12	0
1580.39	0
1580.66	0
1580.93	0
1581.2	0
1581.46	0
1581.73	0
1582	0
1582.27	0
1582.54	0
1582.81	0
1583.08	0
1583.35	0
1583.62	0
1583.89	0
1584.16	0
1584.43	0
1584.7	0
1584.97	0
1585.23	0
1585.5	0
1585.77	0
1586.04	0
1586.31	0
1586.58	0
1586.85	0
1587.12	0
1587.39	0
1587.66	0
1587.93	0
1588.2	0
1588.47	0
1588.74	0
1589	0
1589.27	0
1589.54	0
1589.81	0
1590.08	0
1590.35	0
1590.62	0
1590.89	0
1591.16	0
1591.43	0
1591.7	0
1591.97	0
1592.24	0
1592.51	0
1592.77	0
1593.04	0
1593.31	0
1593.58	0
1593.85	0
1594.12	0
1594.39	0
1594.66	0
1594.93	0
1595.2	0
1595.47	0
1595.74	0
1596.01	0
1596.28	0
1596.55	0
1596.81	0
1597.08	0
1597.35	0
1597.62	0
1597.89	0
1598.16	0
1598.43	0
1598.7	0
1598.97	0
1599.24	0
1599.51	0
1599.78	0
1600.05	0
1600.32	0
1600.58	0
1600.85	0
1601.12	0
1601.39	0
1601.66	0
1601.93	0
1602.2	0
1602.47	0
1602.74	0
1603.01	0
1603.28	0
1603.55	0
1603.82	0
1604.09	0
1604.35	0
1604.62	0
1604.89	0
1605.16	0
1605.43	0
1605.7	0
1605.97	0
1606.24	0
1606.51	0
1606.78	0
1607.05	0
1607.32	0
1607.59	0
1607.86	0
1608.12	0
1608.39	0
1608.66	0
1608.93	0
1609.2	0
1609.47	0
1609.74	1
1610.01	0
1610.28	1
1610.55	0
1610.82	0
1611.09	0
1611.36	0
1611.63	0
1611.9	0
1612.16	0
1612.43	0
1612.7	0
1612.97	0
1613.24	0
1613.51	0
1613.78	0
1614.05	0
1614.32	0
1614.59	0
1614.86	0
1615.13	0
1615.4	0
1615.67	0
1615.93	0
1616.2	0
1616.47	0
1616.74	0
1617.01	0
1617.28	0
1617.55	0
1617.82	0
1618.09	0
1618.36	0
1618.63	0
1618.9	0
1619.17	0
1619.44	0
1619.7	0
1619.97	0
1620.24	0
1620.51	0
1620.78	0
1621.05	0
1621.32	0
1621.59	0
1621.86	0
1622.13	0
1622.4	0
1622.67	0
1622.94	0
1623.21	0
1623.48	0
1623.74	0
1624.01	0
1624.28	0
1624.55	0
1624.82	0
1625.09	0
1625.36	0
1625.63	0
1625.9	0
1626.17	0
1626.44	0
1626.71	0
1626.98	0
1627.25	0
1627.51	1
1627.78	0
1628.05	0
1628.32	0
1628.59	0
1628.86	0
1629.13	0
1629.4	0
1629.67	0
1629.94	0
1630.21	0
1630.48	0
1630.75	0
1631.02	0
1631.28	0
1631.55	0
1631.82	0
1632.09	0
1632.36	0
1632.63	0
1632.9	0
1633.17	0
1633.44	0
1633.71	0
1633.98	0
1634.25	0
1634.52	0
1634.79	0
1635.05	0
1635.32	0
1635.59	0
1635.86	0
1636.13	0
1636.4	0
1636.67	0
1636.94	0
1637.21	0
1637.48	0
1637.75	0
1638.02	0
1638.29	0
1638.56	0
1638.83	0
1639.09	0
1639.36	0
1639.63	0
1639.9	0
1640.17	0
1640.44	0
1640.71	0
1640.98	0
1641.25	0
1641.52	0
1641.79	0
1642.06	0
1642.33	0
1642.6	0
1642.86	0
1643.13	0
1643.4	0
1643.67	0
1643.94	0
1644.21	0
1644.48	0
1644.75	0
1645.02	0
1645.29	0
1645.56	0
1645.83	0
1646.1	0
1646.37	0
1646.63	0
1646.9	0
1647.17	0
1647.44	0
1647.71	0
1647.98	0
1648.25	0
1648.52	0
1648.79	0
1649.06	0
1649.33	0
1649.6	0
1649.87	0
1650.14	0
1650.4	0
1650.67	0
1650.94	0
1651.21	0
1651.48	0
1651.75	0
1652.02	0
1652.29	0
1652.56	0
1652.83	0
1653.1	0
1653.37	0
1653.64	0
1653.91	0
1654.18	0
1654.44	0
1654.71	0
1654.98	0
1655.25	0
1655.52	0
1655.79	0
1656.06	0
1656.33	0
1656.6	0
1656.87	0
1657.14	0
1657.41	0
1657.68	0
1657.95	0
1658.21	0
1658.48	0
1658.75	0
1659.02	0
1659.29	0
1659.56	0
1659.83	0
1660.1	0
1660.37	0
1660.64	0
1660.91	0
1661.18	0
1661.45	0
1661.72	0
1661.98	0
1662.25	0
1662.52	0
1662.79	0
1663.06	0
1663.33	0
1663.6	0
1663.87	0
1664.14	0
1664.41	0
1664.68	0
1664.95	0
1665.22	0
1665.49	0
1665.75	0
1666.02	0
1666.29	0
1666.56	0
1666.83	0
1667.1	0
1667.37	0
1667.64	0
1667.91	0
1668.18	0
1668.45	0
1668.72	0
1668.99	0
1669.26	0
1669.53	0
1669.79	1
1670.06	0
1670.33	0
1670.6	0
1670.87	0
1671.14	0
1671.41	0
1671.68	0
1671.95	0
1672.22	0
1672.49	0
1672.76	0
1673.03	0
1673.3	0
1673.56	1
1673.83	0
1674.1	0
1674.37	0
1674.64	0
1674.91	0
1675.18	0
1675.45	0
1675.72	0
1675.99	0
1676.26	0
1676.53	0
1676.8	0
1677.07	0
1677.33	0
1677.6	0
1677.87	0
1678.14	0
1678.41	1
1678.68	0
1678.95	0
1679.22	0
1679.49	0
1679.76	0
1680.03	0
1680.3	0
1680.57	0
1680.84	0
1681.11	0
1681.37	0
1681.64	0
1681.91	0
1682.18	0
1682.45	0
1682.72	0
1682.99	0
1683.26	0
1683.53	0
1683.8	0
1684.07	0
1684.34	0
1684.61	0
1684.88	0
1685.14	0
1685.41	0
1685.68	0
1685.95	0
1686.22	0
1686.49	0
1686.76	0
1687.03	0
1687.3	0
1687.57	0
1687.84	0
1688.11	0
1688.38	0
1688.65	0
1688.91	0
1689.18	0
1689.45	0
1689.72	0
1689.99	0
1690.26	0
1690.53	0
1690.8	0
1691.07	0
1691.34	0
1691.61	0
1691.88	0
1692.15	0
1692.42	0
1692.68	0
1692.95	0
1693.22	0
1693.49	0
1693.76	0
1694.03	0
1694.3	0
1694.57	0
1694.84	0
1695.11	0
1695.38	0
1695.65	0
1695.92	0
1696.19	0
1696.46	0
1696.72	0
1696.99	0
1697.26	0
1697.53	0
1697.8	0
1698.07	0
1698.34	0
1698.61	0
1698.88	0
1699.15	0
1699.42	0
1699.69	0
1699.96	0
1700.23	0
1700.49	0
1700.76	0
1701.03	0
1701.3	0
1701.57	0
1701.84	0
1702.11	0
1702.38	0
1702.65	0
1702.92	0
1703.19	0
1703.46	0
1703.73	0
1704	0
1704.26	0
1704.53	0
1704.8	0
1705.07	0
1705.34	0
1705.61	0
1705.88	0
1706.15	0
1706.42	0
1706.69	0
1706.96	0
1707.23	0
1707.5	0
1707.77	0
1708.03	0
1708.3	0
1708.57	0
1708.84	0
1709.11	0
1709.38	0
1709.65	0
1709.92	0
1710.19	0
1710.46	0
1710.73	0
1711	0
1711.27	0
1711.54	0
1711.81	0
1712.07	0
1712.34	0
1712.61	0
1712.88	0
1713.15	0
1713.42	0
1713.69	0
1713.96	0
1714.23	0
1714.5	0
1714.77	0
1715.04	0
1715.31	0
1715.58	0
1715.84	0
1716.11	0
1716.38	0
1716.65	0
1716.92	0
1717.19	0
1717.46	0
1717.73	0
1718	0
1718.27	0
1718.54	0
1718.81	0
1719.08	0
1719.35	0
1719.61	0
1719.88	0
1720.15	0
1720.42	0
1720.69	0
1720.96	0
1721.23	0
1721.5	0
1721.77	0
1722.04	0
1722.31	0
1722.58	0
1722.85	0
1723.12	0
1723.38	0
1723.65	0
1723.92	0
1724.19	0
1724.46	0
1724.73	0
1725	0
1725.27	0
1725.54	0
1725.81	0
1726.08	0
1726.35	0
1726.62	0
1726.89	0
1727.16	0
1727.42	0
1727.69	0
1727.96	0
1728.23	0
1728.5	0
1728.77	0
1729.04	0
1729.31	0
1729.58	0
1729.85	0
1730.12	0
1730.39	0
1730.66	0
1730.93	0
1731.19	0
1731.46	0
1731.73	0
1732	0
1732.27	0
1732.54	0
1732.81	0
1733.08	0
1733.35	0
1733.62	0
1733.89	0
1734.16	0
1734.43	0
1734.7	0
1734.96	0
1735.23	0
1735.5	0
1735.77	0
1736.04	0
1736.31	0
1736.58	0
1736.85	0
1737.12	0
1737.39	0
1737.66	0
1737.93	0
1738.2	0
1738.47	0
1738.73	0
1739	0
1739.27	0
1739.54	0
1739.81	0
1740.08	0
1740.35	0
1740.62	0
1740.89	0
1741.16	0
1741.43	0
1741.7	0
1741.97	0
1742.24	0
1742.51	0
1742.77	0
1743.04	0
1743.31	0
1743.58	0
1743.85	0
1744.12	0
1744.39	0
1744.66	0
1744.93	0
1745.2	0
1745.47	0
1745.74	0
1746.01	0
1746.28	0
1746.54	0
1746.81	0
1747.08	0
1747.35	0
1747.62	0
1747.89	0
1748.16	0
1748.43	0
1748.7	0
1748.97	0
1749.24	0
1749.51	0
1749.78	0
1750.05	0
1750.31	0
1750.58	0
1750.85	0
1751.12	0
1751.39	0
1751.66	0
1751.93	0
1752.2	0
1752.47	0
1752.74	0
1753.01	0
1753.28	0
1753.55	0
1753.82	0
1754.09	0
1754.35	0
1754.62	0
1754.89	0
1755.16	0
1755.43	0
1755.7	0
1755.97	0
1756.24	0
1756.51	0
1756.78	0
1757.05	0
1757.32	0
1757.59	0
1757.86	0
1758.12	0
1758.39	0
1758.66	0
1758.93	0
1759.2	0
1759.47	0
1759.74	0
1760.01	0
1760.28	0
1760.55	0
1760.82	0
1761.09	0
1761.36	0
1761.63	0
1761.89	0
1762.16	0
1762.43	0
1762.7	0
1762.97	0
1763.24	0
1763.51	0
1763.78	0
1764.05	0
1764.32	0
1764.59	0
1764.86	0
1765.13	0
1765.4	0
1765.66	0
1765.93	0
1766.2	0
1766.47	0
1766.74	0
1767.01	0
1767.28	0
1767.55	0
1767.82	0
1768.09	0
1768.36	0
1768.63	0
1768.9	0
1769.17	0
1769.44	0
1769.7	0
1769.97	0
1770.24	0
1770.51	0
1770.78	0
1771.05	0
1771.32	0
1771.59	0
1771.86	0
1772.13	0
1772.4	0
1772.67	0
1772.94	0
1773.21	0
1773.47	0
1773.74	0
1774.01	0
1774.28	0
1774.55	0
1774.82	0
1775.09	0
1775.36	0
1775.63	0
1775.9	0
1776.17	0
1776.44	0
1776.71	0
1776.98	0
1777.24	0
1777.51	0
1777.78	0
1778.05	0
1778.32	0
1778.59	0
1778.86	0
1779.13	0
1779.4	0
1779.67	0
1779.94	0
1780.21	0
1780.48	0
1780.75	0
1781.01	0
1781.28	0
1781.55	0
1781.82	0
1782.09	0
1782.36	0
1782.63	0
1782.9	0
1783.17	0
1783.44	0
1783.71	0
1783.98	0
1784.25	0
1784.52	0
1784.79	1
1785.05	0
1785.32	0
1785.59	0
1785.86	0
1786.13	0
1786.4	0
1786.67	0
1786.94	0
1787.21	0
1787.48	0
1787.75	0
1788.02	0
1788.29	0
1788.56	0
1788.82	0
1789.09	0
1789.36	0
1789.63	0
1789.9	0
1790.17	0
1790.44	0
1790.71	0
1790.98	0
1791.25	0
1791.52	0
1791.79	0
1792.06	0
1792.33	0
1792.59	0
1792.86	0
1793.13	0
1793.4	0
1793.67	0
1793.94	0
1794.21	0
1794.48	0
1794.75	0
1795.02	0
1795.29	0
1795.56	0
1795.83	0
1796.1	0
1796.36	0
1796.63	0
1796.9	0
1797.17	0
1797.44	0
1797.71	0
1797.98	0
1798.25	0
1798.52	0
1798.79	0
1799.06	0
1799.33	0
1799.6	0
1799.87	0
1800.14	0
1800.4	0
1800.67	0
1800.94	0
1801.21	0
1801.48	0
1801.75	0
1802.02	0
1802.29	0
1802.56	0
1802.83	0
1803.1	0
1803.37	0
1803.64	0
1803.91	0
1804.17	0
1804.44	0
1804.71	0
1804.98	0
1805.25	0
1805.52	0
1805.79	0
1806.06	0
1806.33	0
1806.6	1
1806.87	0
1807.14	0
1807.41	0
1807.68	0
1807.94	0
1808.21	0
1808.48	0
1808.75	0
1809.02	0
1809.29	0
1809.56	0
1809.83	0
1810.1	0
1810.37	0
1810.64	0
1810.91	0
1811.18	0
1811.45	0
1811.72	0
1811.98	0
1812.25	0
1812.52	0
1812.79	0
1813.06	0
1813.33	0
1813.6	0
1813.87	0
1814.14	0
1814.41	0
1814.68	0
1814.95	0
1815.22	0
1815.49	0
1815.75	0
1816.02	0
1816.29	0
1816.56	0
1816.83	0
1817.1	0
1817.37	0
1817.64	0
1817.91	0
1818.18	0
1818.45	0
1818.72	0
1818.99	0
1819.26	0
1819.52	0
1819.79	0
1820.06	0
1820.33	0
1820.6	0
1820.87	0
1821.14	0
1821.41	0
1821.68	0
1821.95	0
1822.22	0
1822.49	0
1822.76	0
1823.03	0
1823.29	0
1823.56	0
1823.83	0
1824.1	0
1824.37	0
1824.64	0
1824.91	0
1825.18	0
1825.45	0
1825.72	0
1825.99	0
1826.26	0
1826.53	0
1826.8	0
1827.07	0
1827.33	0
1827.6	0
1827.87	0
1828.14	0
1828.41	0
1828.68	0
1828.95	0
1829.22	1
1829.49	0
1829.76	0
1830.03	0
1830.3	0
1830.57	0
1830.84	0
1831.1	0
1831.37	0
1831.64	0
1831.91	0
1832.18	0
1832.45	0
1832.72	0
1832.99	0
1833.26	0
1833.53	0
1833.8	0
1834.07	0
1834.34	0
1834.61	0
1834.87	0
1835.14	0
1835.41	0
1835.68	0
1835.95	0
1836.22	0
1836.49	0
1836.76	0
1837.03	0
1837.3	0
1837.57	0
1837.84	0
1838.11	0
1838.38	0
1838.64	0
1838.91	0
1839.18	0
1839.45	0
1839.72	0
1839.99	0
1840.26	0
1840.53	0
1840.8	0
1841.07	0
1841.34	0
1841.61	0
1841.88	0
1842.15	0
1842.42	0
1842.68	0
1842.95	0
1843.22	0
1843.49	0
1843.76	0
1844.03	0
1844.3	0
1844.57	0
1844.84	0
1845.11	0
1845.38	0
1845.65	0
1845.92	0
1846.19	0
1846.45	0
1846.72	0
1846.99	0
1847.26	0
1847.53	0
1847.8	0
1848.07	0
1848.34	0
1848.61	0
1848.88	0
1849.15	0
1849.42	0
1849.69	0
1849.96	0
1850.22	0
1850.49	0
1850.76	0
1851.03	0
1851.3	0
1851.57	0
1851.84	1
1852.11	0
1852.38	0
1852.65	0
1852.92	0
1853.19	0
1853.46	0
1853.73	0
1853.99	0
1854.26	0
1854.53	0
1854.8	0
1855.07	1
1855.34	0
1855.61	0
1855.88	0
1856.15	0
1856.42	0
1856.69	0
1856.96	0
1857.23	0
1857.5	0
1857.77	0
1858.03	0
1858.3	0
1858.57	0
1858.84	0
1859.11	0
1859.38	0
1859.65	0
1859.92	0
1860.19	0
1860.46	0
1860.73	0
1861	0
1861.27	0
1861.54	0
1861.8	0
1862.07	0
1862.34	0
1862.61	0
1862.88	0
1863.15	0
1863.42	0
1863.69	0
1863.96	0
1864.23	0
1864.5	0
1864.77	0
1865.04	0
1865.31	0
1865.57	0
1865.84	0
1866.11	0
1866.38	0
1866.65	0
1866.92	0
1867.19	0
1867.46	0
1867.73	0
1868	0
1868.27	0
1868.54	0
1868.81	0
1869.08	0
1869.35	0
1869.61	0
1869.88	0
1870.15	0
1870.42	0
1870.69	0
1870.96	0
1871.23	0
1871.5	0
1871.77	0
1872.04	0
1872.31	0
1872.58	0
1872.85	0
1873.12	0
1873.38	0
1873.65	0
1873.92	0
1874.19	0
1874.46	0
1874.73	0
1875	0
1875.27	0
1875.54	0
1875.81	0
1876.08	0
1876.35	0
1876.62	0
1876.89	0
1877.15	0
1877.42	0
1877.69	0
1877.96	0
1878.23	0
1878.5	0
1878.77	0
1879.04	0
1879.31	0
1879.58	0
1879.85	0
1880.12	0
1880.39	0
1880.66	0
1880.92	0
1881.19	0
1881.46	0
1881.73	0
1882	0
1882.27	0
1882.54	0
1882.81	0
1883.08	0
1883.35	0
1883.62	0
1883.89	0
1884.16	0
1884.43	0
1884.7	0
1884.96	0
1885.23	0
1885.5	0
1885.77	0
1886.04	0
1886.31	0
1886.58	0
1886.85	0
1887.12	0
1887.39	0
1887.66	0
1887.93	0
1888.2	0
1888.47	0
1888.73	0
1889	0
1889.27	0
1889.54	0
1889.81	0
1890.08	0
1890.35	0
1890.62	0
1890.89	0
1891.16	0
1891.43	0
1891.7	0
1891.97	0
1892.24	0
1892.5	0
1892.77	0
1893.04	0
1893.31	0
1893.58	0
1893.85	0
1894.12	0
1894.39	0
1894.66	0
1894.93	0
1895.2	0
1895.47	0
1895.74	0
1896.01	0
1896.27	0
1896.54	0
1896.81	0
1897.08	0
1897.35	0
1897.62	0
1897.89	0
1898.16	0
1898.43	0
1898.7	0
1898.97	0
1899.24	0
1899.51	0
1899.78	0
1900.05	0
1900.31	0
1900.58	0
1900.85	0
1901.12	0
1901.39	0
1901.66	0
1901.93	0
1902.2	0
1902.47	0
1902.74	0
1903.01	0
1903.28	0
1903.55	0
1903.82	0
1904.08	0
1904.35	0
1904.62	0
1904.89	0
1905.16	0
1905.43	0
1905.7	0
1905.97	0
1906.24	0
1906.51	0
1906.78	0
1907.05	0
1907.32	0
1907.59	0
1907.85	0
1908.12	0
1908.39	0
1908.66	0
1908.93	0
1909.2	0
1909.47	0
1909.74	0
1910.01	0
1910.28	0
1910.55	0
1910.82	0
1911.09	0
1911.36	0
1911.62	0
1911.89	0
1912.16	0
1912.43	0
1912.7	0
1912.97	0
1913.24	0
1913.51	0
1913.78	0
1914.05	0
1914.32	0
1914.59	0
1914.86	0
1915.13	0
1915.4	0
1915.66	0
1915.93	0
1916.2	0
1916.47	0
1916.74	0
1917.01	0
1917.28	0
1917.55	0
1917.82	0
1918.09	0
1918.36	0
1918.63	0
1918.9	0
1919.17	0
1919.43	0
1919.7	0
1919.97	0
1920.24	0
1920.51	0
1920.78	0
1921.05	0
1921.32	0
1921.59	0
1921.86	0
1922.13	0
1922.4	0
1922.67	0
1922.94	0
1923.2	0
1923.47	0
1923.74	0
1924.01	0
1924.28	0
1924.55	0
1924.82	0
1925.09	0
1925.36	0
1925.63	0
1925.9	0
1926.17	0
1926.44	0
1926.71	0
1926.97	0
1927.24	0
1927.51	0
1927.78	0
1928.05	0
1928.32	0
1928.59	0
1928.86	0
1929.13	0
1929.4	0
1929.67	0
1929.94	0
1930.21	0
1930.48	0
1930.75	0
1931.01	0
1931.28	0
1931.55	0
1931.82	0
1932.09	0
1932.36	0
1932.63	0
1932.9	0
1933.17	0
1933.44	0
1933.71	0
1933.98	0
1934.25	0
1934.52	0
1934.78	0
1935.05	0
1935.32	0
1935.59	0
1935.86	0
1936.13	0
1936.4	0
1936.67	0
1936.94	0
1937.21	0
1937.48	0
1937.75	0
1938.02	0
1938.29	0
1938.55	0
1938.82	0
1939.09	0
1939.36	0
1939.63	0
1939.9	0
1940.17	0
1940.44	0
1940.71	0
1940.98	0
1941.25	0
1941.52	0
1941.79	0
1942.06	0
1942.33	0
1942.59	0
1942.86	0
1943.13	0
1943.4	0
1943.67	0
1943.94	0
1944.21	0
1944.48	0
1944.75	0
1945.02	0
1945.29	0
1945.56	0
1945.83	0
1946.1	0
1946.36	0
1946.63	0
1946.9	0
1947.17	0
1947.44	0
1947.71	0
1947.98	0
1948.25	0
1948.52	0
1948.79	0
1949.06	0
1949.33	0
1949.6	0
1949.87	0
1950.13	0
1950.4	0
1950.67	0
1950.94	1
1951.21	0
1951.48	0
1951.75	0
1952.02	0
1952.29	0
1952.56	0
1952.83	0
1953.1	0
1953.37	0
1953.64	0
1953.9	0
1954.17	0
1954.44	0
1954.71	0
1954.98	0
1955.25	0
1955.52	0
1955.79	0
1956.06	0
1956.33	0
1956.6	0
1956.87	0
1957.14	0
1957.41	0
1957.68	0
1957.94	0
1958.21	0
1958.48	0
1958.75	0
1959.02	0
1959.29	0
1959.56	0
1959.83	0
1960.1	0
1960.37	0
1960.64	0
1960.91	0
1961.18	0
1961.45	0
1961.71	0
1961.98	0
1962.25	0
1962.52	0
1962.79	0
1963.06	0
1963.33	0
1963.6	0
1963.87	0
1964.14	0
1964.41	0
1964.68	0
1964.95	0
1965.22	0
1965.48	0
1965.75	0
1966.02	0
1966.29	0
1966.56	0
1966.83	0
1967.1	0
1967.37	0
1967.64	0
1967.91	0
1968.18	0
1968.45	0
1968.72	0
1968.99	0
1969.25	0
1969.52	0
1969.79	0
1970.06	0
1970.33	0
1970.6	0
1970.87	0
1971.14	0
1971.41	0
1971.68	0
1971.95	0
1972.22	0
1972.49	0
1972.76	0
1973.03	0
1973.29	0
1973.56	0
1973.83	1
1974.1	0
1974.37	0
1974.64	0
1974.91	0
1975.18	0
1975.45	0
1975.72	0
1975.99	0
1976.26	0
1976.53	0
1976.8	0
1977.06	0
1977.33	0
1977.6	0
1977.87	0
1978.14	0
1978.41	0
1978.68	0
1978.95	0
1979.22	0
1979.49	0
1979.76	0
1980.03	0
1980.3	0
1980.57	0
1980.83	0
1981.1	0
1981.37	0
1981.64	0
1981.91	0
1982.18	0
1982.45	0
1982.72	0
1982.99	0
1983.26	0
1983.53	0
1983.8	0
1984.07	0
1984.34	0
1984.6	0
1984.87	0
1985.14	0
1985.41	0
1985.68	0
1985.95	0
1986.22	0
1986.49	0
1986.76	0
1987.03	0
1987.3	0
1987.57	0
1987.84	0
1988.11	0
1988.38	0
1988.64	0
1988.91	0
1989.18	0
1989.45	0
1989.72	0
1989.99	0
1990.26	0
1990.53	0
1990.8	0
1991.07	0
1991.34	0
1991.61	0
1991.88	0
1992.15	0
1992.41	0
1992.68	0
1992.95	0
1993.22	0
1993.49	0
1993.76	0
1994.03	0
1994.3	0
1994.57	0
1994.84	0
1995.11	0
1995.38	0
1995.65	0
1995.92	0
1996.18	0
1996.45	0
1996.72	0
1996.99	0
1997.26	0
1997.53	0
1997.8	0
1998.07	0
1998.34	0
1998.61	0
1998.88	0
1999.15	0
1999.42	0
1999.69	0
1999.96	0
2000.22	0
2000.49	0
2000.76	0
2001.03	0
2001.3	0
2001.57	0
2001.84	0
2002.11	0
2002.38	0
2002.65	0
2002.92	0
2003.19	0
2003.46	0
2003.73	0
2003.99	0
2004.26	0
2004.53	0
2004.8	0
2005.07	0
2005.34	0
2005.61	0
2005.88	0
2006.15	0
2006.42	0
2006.69	0
2006.96	0
2007.23	0
2007.5	0
2007.76	0
2008.03	0
2008.3	0
2008.57	0
2008.84	0
2009.11	0
2009.38	0
2009.65	0
2009.92	0
2010.19	0
2010.46	0
2010.73	0
2011	0
2011.27	0
2011.53	0
2011.8	0
2012.07	0
2012.34	0
2012.61	0
2012.88	0
2013.15	0
2013.42	0
2013.69	0
2013.96	0
2014.23	1
2014.5	0
2014.77	0
2015.04	0
2015.31	0
2015.57	0
2015.84	0
2016.11	0
2016.38	0
2016.65	0
2016.92	0
2017.19	0
2017.46	0
2017.73	0
2018	0
2018.27	0
2018.54	0
2018.81	0
2019.08	0
2019.34	0
2019.61	0
2019.88	0
2020.15	0
2020.42	0
2020.69	0
2020.96	0
2021.23	0
2021.5	0
2021.77	0
2022.04	0
2022.31	0
2022.58	0
2022.85	0
2023.11	0
2023.38	0
2023.65	0
2023.92	0
2024.19	0
2024.46	0
2024.73	0
2025	0
2025.27	0
2025.54	0
2025.81	0
2026.08	0
2026.35	0
2026.62	0
2026.88	0
2027.15	0
2027.42	0
2027.69	0
2027.96	0
2028.23	0
2028.5	0
2028.77	0
2029.04	0
2029.31	0
2029.58	0
2029.85	0
2030.12	0
2030.39	0
2030.66	0
2030.92	0
2031.19	0
2031.46	0
2031.73	0
2032	0
2032.27	0
2032.54	0
2032.81	0
2033.08	0
2033.35	0
2033.62	0
2033.89	0
2034.16	0
2034.43	0
2034.69	0
2034.96	0
2035.23	0
2035.5	0
2035.77	0
2036.04	0
2036.31	0
2036.58	0
2036.85	0
2037.12	0
2037.39	0
2037.66	0
2037.93	0
2038.2	0
2038.46	0
2038.73	0
2039	0
2039.27	0
2039.54	0
2039.81	0
2040.08	0
2040.35	0
2040.62	0
2040.89	0
2041.16	0
2041.43	0
2041.7	0
2041.97	0
2042.23	0
2042.5	0
2042.77	0
2043.04	0
2043.31	0
2043.58	0
2043.85	0
2044.12	0
2044.39	0
2044.66	0
2044.93	0
2045.2	0
2045.47	0
2045.74	0
2046.01	1
2046.27	0
2046.54	0
2046.81	0
2047.08	0
2047.35	0
2047.62	0
2047.89	0
2048.16	0
2048.43	0
2048.7	0
2048.97	0
2049.24	0
2049.51	0
2049.78	0
2050.04	0
2050.31	0
2050.58	0
2050.85	0
2051.12	0
2051.39	0
2051.66	0
2051.93	0
2052.2	0
2052.47	0
2052.74	0
2053.01	0
2053.28	0
2053.55	0
2053.81	0
2054.08	0
2054.35	0
2054.62	0
2054.89	0
2055.16	0
2055.43	0
2055.7	0
2055.97	0
2056.24	0
2056.51	0
2056.78	0
2057.05	0
2057.32	0
2057.59	0
2057.85	0
2058.12	0
2058.39	0
2058.66	0
2058.93	0
2059.2	0
2059.47	0
2059.74	0
2060.01	0
2060.28	0
2060.55	0
2060.82	0
2061.09	0
2061.36	0
2061.62	0
2061.89	0
2062.16	0
2062.43	0
2062.7	0
2062.97	0
2063.24	0
2063.51	0
2063.78	0
2064.05	0
2064.32	0
2064.59	0
2064.86	0
2065.13	0
2065.39	0
2065.66	0
2065.93	0
2066.2	0
2066.47	0
2066.74	0
2067.01	0
2067.28	0
2067.55	0
2067.82	0
2068.09	0
2068.36	0
2068.63	0
2068.9	0
2069.16	0
2069.43	0
2069.7	0
2069.97	0
2070.24	0
2070.51	0
2070.78	0
2071.05	0
2071.32	0
2071.59	0
2071.86	0
2072.13	0
2072.4	0
2072.67	0
2072.94	0
2073.2	0
2073.47	0
2073.74	0
2074.01	0
2074.28	0
2074.55	0
2074.82	0
2075.09	0
2075.36	0
2075.63	0
2075.9	0
2076.17	0
2076.44	0
2076.71	0
2076.97	0
2077.24	0
2077.51	0
2077.78	0
2078.05	0
2078.32	0
2078.59	0
2078.86	0
2079.13	0
2079.4	0
2079.67	0
2079.94	0
2080.21	0
2080.48	0
2080.74	0
2081.01	0
2081.28	0
2081.55	0
2081.82	0
2082.09	0
2082.36	0
2082.63	0
2082.9	0
2083.17	0
2083.44	0
2083.71	0
2083.98	0
2084.25	0
2084.51	0
2084.78	0
2085.05	0
2085.32	0
2085.59	0
2085.86	0
2086.13	0
2086.4	0
2086.67	0
2086.94	0
2087.21	0
2087.48	0
2087.75	0
2088.02	0
2088.29	0
2088.55	0
2088.82	0
2089.09	0
2089.36	0
2089.63	0
2089.9	0
2090.17	0
2090.44	0
2090.71	0
2090.98	0
2091.25	0
2091.52	0
2091.79	0
2092.06	0
2092.32	1
2092.59	0
2092.86	0
2093.13	0
2093.4	0
2093.67	0
2093.94	0
2094.21	0
2094.48	0
2094.75	0
2095.02	0
2095.29	0
2095.56	0
2095.83	0
2096.09	0
2096.36	0
2096.63	0
2096.9	0
2097.17	0
2097.44	0
2097.71	0
2097.98	0
2098.25	0
2098.52	0
2098.79	0
2099.06	0
2099.33	0
2099.6	0
2099.86	0
2100.13	0
2100.4	0
2100.67	0
2100.94	0
2101.21	0
2101.48	0
2101.75	0
2102.02	0
2102.29	0
2102.56	0
2102.83	0
2103.1	0
2103.37	0
2103.64	0
2103.9	0
2104.17	0
2104.44	0
2104.71	0
2104.98	0
2105.25	0
2105.52	0
2105.79	0
2106.06	0
2106.33	0
2106.6	0
2106.87	0
2107.14	0
2107.41	0
2107.67	0
2107.94	0
2108.21	0
2108.48	0
2108.75	0
2109.02	0
2109.29	1
2109.56	0
2109.83	0
2110.1	0
2110.37	0
2110.64	0
2110.91	0
2111.18	0
2111.44	0
2111.71	0
2111.98	0
2112.25	0
2112.52	0
2112.79	0
2113.06	0
2113.33	0
2113.6	0
2113.87	0
2114.14	0
2114.41	0
2114.68	0
2114.95	0
2115.21	0
2115.48	0
2115.75	0
2116.02	0
2116.29	0
2116.56	0
2116.83	0
2117.1	0
2117.37	0
2117.64	0
2117.91	0
2118.18	0
2118.45	0
2118.72	0
2118.99	0
2119.25	0
2119.52	0
2119.79	0
2120.06	0
2120.33	0
2120.6	0
2120.87	0
2121.14	0
2121.41	0
2121.68	0
2121.95	0
2122.22	0
2122.49	1
2122.76	0
2123.02	0
2123.29	0
2123.56	0
2123.83	0
2124.1	0
2124.37	0
2124.64	0
2124.91	0
2125.18	0
2125.45	0
2125.72	0
2125.99	0
2126.26	0
2126.53	0
2126.79	0
2127.06	0
2127.33	0
2127.6	0
2127.87	0
2128.14	0
2128.41	0
2128.68	0
2128.95	0
2129.22	0
2129.49	0
2129.76	0
2130.03	0
2130.3	0
2130.57	0
2130.83	0
2131.1	0
2131.37	0
2131.64	0
2131.91	0
2132.18	0
2132.45	0
2132.72	0
2132.99	0
2133.26	0
2133.53	1
2133.8	0
2134.07	0
2134.34	0
2134.6	0
2134.87	0
2135.14	0
2135.41	0
2135.68	0
2135.95	0
2136.22	0
2136.49	0
2136.76	0
2137.03	0
2137.3	0
2137.57	0
2137.84	0
2138.11	0
2138.37	0
2138.64	0
2138.91	0
2139.18	0
2139.45	0
2139.72	0
2139.99	0
2140.26	0
2140.53	0
2140.8	0
2141.07	0
2141.34	0
2141.61	0
2141.88	0
2142.14	0
2142.41	0
2142.68	0
2142.95	0
2143.22	0
2143.49	0
2143.76	0
2144.03	0
2144.3	0
2144.57	0
2144.84	0
2145.11	0
2145.38	0
2145.65	0
2145.92	0
2146.18	0
2146.45	0
2146.72	0
2146.99	0
2147.26	0
2147.53	0
2147.8	0
2148.07	0
2148.34	0
2148.61	0
2148.88	0
2149.15	0
2149.42	0
2149.69	0
2149.95	0
2150.22	0
2150.49	0
2150.76	0
2151.03	0
2151.3	0
2151.57	0
2151.84	0
2152.11	0
2152.38	0
2152.65	0
2152.92	0
2153.19	0
2153.46	0
2153.72	0
2153.99	0
2154.26	0
2154.53	0
2154.8	0
2155.07	0
2155.34	0
2155.61	0
2155.88	0
2156.15	0
2156.42	0
2156.69	0
2156.96	0
2157.23	0
2157.49	0
2157.76	0
2158.03	0
2158.3	0
2158.57	0
2158.84	0
2159.11	0
2159.38	0
2159.65	0
2159.92	0
2160.19	0
2160.46	0
2160.73	0
2161	0
2161.27	0
2161.53	0
2161.8	0
2162.07	0
2162.34	0
2162.61	0
2162.88	0
2163.15	0
2163.42	0
2163.69	0
2163.96	0
2164.23	0
2164.5	0
2164.77	0
2165.04	0
2165.3	0
2165.57	0
2165.84	0
2166.11	0
2166.38	0
2166.65	0
2166.92	0
2167.19	0
2167.46	0
2167.73	0
2168	0
2168.27	0
2168.54	0
2168.81	0
2169.07	0
2169.34	0
2169.61	0
2169.88	0
2170.15	0
2170.42	0
2170.69	0
2170.96	0
2171.23	0
2171.5	0
2171.77	0
2172.04	0
2172.31	0
2172.58	0
2172.84	0
2173.11	0
2173.38	0
2173.65	0
2173.92	0
2174.19	0
2174.46	0
2174.73	0
2175	0
2175.27	0
2175.54	0
2175.81	0
2176.08	0
2176.35	0
2176.62	0
2176.88	0
2177.15	0
2177.42	0
2177.69	0
2177.96	0
2178.23	0
2178.5	0
2178.77	0
2179.04	0
2179.31	0
2179.58	0
2179.85	0
2180.12	0
2180.39	0
2180.65	0
2180.92	0
2181.19	0
2181.46	0
2181.73	0
2182	0
2182.27	0
2182.54	0
2182.81	0
2183.08	0
2183.35	0
2183.62	0
2183.89	0
2184.16	0
2184.42	0
2184.69	0
2184.96	0
2185.23	0
2185.5	0
2185.77	0
2186.04	0
2186.31	0
2186.58	0
2186.85	0
2187.12	0
2187.39	0
2187.66	0
2187.93	0
2188.2	0
2188.46	0
2188.73	0
2189	0
2189.27	0
2189.54	0
2189.81	0
2190.08	0
2190.35	0
2190.62	0
2190.89	0
2191.16	0
2191.43	0
2191.7	0
2191.97	0
2192.23	0
