Ausgabe der Eingabe=

510112

0000  00000000  00000000  00000000  00000000  00000004  
0005  00000193  00000003  00000004  00000008  00000010  
0010  00000022  00000014  00000027  00000025  00000024  
0015  00000035  00000040  00000031  00000032  00000039  
0020  00000044  00000039  00000041  00000031  00000047  
0025  00000049  00000070  00000087  00000100  00000136  
0030  00000208  00000219  00000317  00000424  00000643  
0035  00000768  00001049  00001641  00002341  00002594  
0040  00001992  00001077  00000445  00000230  00000165  
0045  00000113  00000073  00000055  00000054  00000040  
0050  00000029  00000024  00000023  00000041  00000046  
0055  00000107  00000194  00000322  00000442  00000513  
0060  00000506  00000487  00000506  00000538  00000511  
0065  00000510  00000456  00000529  00000509  00000522  
0070  00000461  00000447  00000417  00000455  00000401  
0075  00000410  00000425  00000374  00000387  00000354  
0080  00000323  00000334  00000354  00000365  00000302  
0085  00000340  00000336  00000295  00000265  00000302  
0090  00000263  00000278  00000264  00000240  00000240  
0095  00000259  00000229  00000207  00000247  00000221  
0100  00000209  00000234  00000214  00000194  00000198  
0105  00000200  00000180  00000166  00000187  00000162  
0110  00000154  00000157  00000164  00000157  00000131  
0115  00000152  00000150  00000136  00000162  00000158  
0120  00000112  00000130  00000123  00000135  00000130  
0125  00000112  00000098  00000122  00000113  00000100  
0130  00000085  00000097  00000092  00000101  00000078  
0135  00000092  00000090  00000067  00000082  00000085  
0140  00000084  00000082  00000071  00000079  00000076  
0145  00000069  00000077  00000072  00000080  00000055  
0150  00000064  00000051  00000061  00000066  00000057  
0155  00000069  00000048  00000056  00000047  00000071  
0160  00000043  00000051  00000046  00000050  00000053  
0165  00000046  00000040  00000035  00000044  00000030  
0170  00000039  00000029  00000042  00000029  00000038  
0175  00000031  00000036  00000029  00000032  00000051  
0180  00000036  00000029  00000030  00000028  00000021  
0185  00000027  00000025  00000023  00000024  00000033  
0190  00000019  00000030  00000020  00000024  00000022  
0195  00000033  00000027  00000018  00000021  00000015  
0200  00000009  00000021  00000011  00000015  00000017  
0205  00000024  00000017  00000024  00000011  00000010  
0210  00000009  00000010  00000011  00000018  00000011  
0215  00000010  00000012  00000010  00000015  00000013  
0220  00000011  00000010  00000011  00000007  00000010  
0225  00000009  00000012  00000013  00000007  00000008  
0230  00000010  00000010  00000012  00000016  00000009  
0235  00000008  00000007  00000011  00000011  00000005  
0240  00000009  00000007  00000005  00000005  00000010  
0245  00000008  00000004  00000006  00000008  00000004  
0250  00000007  00000009  00000009  00000012  00000006  
0255  00000000