-13.5936	0
-13.3243	0
-13.055	0
-12.7857	0
-12.5164	0
-12.2471	0
-11.9778	0
-11.7085	0
-11.4392	0
-11.1699	0
-10.9006	0
-10.6313	0
-10.362	0
-10.0927	0
-9.82341	0
-9.55411	0
-9.28482	0
-9.01552	0
-8.74622	0
-8.47692	0
-8.20762	0
-7.93832	0
-7.66902	0
-7.39972	0
-7.13042	0
-6.86113	0
-6.59183	0
-6.32253	1
-6.05323	0
-5.78393	0
-5.51463	0
-5.24533	0
-4.97603	0
-4.70673	0
-4.43743	0
-4.16813	0
-3.89884	0
-3.62954	0
-3.36024	0
-3.09094	0
-2.82164	0
-2.55234	0
-2.28304	1
-2.01374	1
-1.74444	0
-1.47514	0
-1.20585	0
-0.936547	0
-0.667248	0
-0.397949	0
-0.12865	0
0.140649	1
0.409948	0
0.679247	0
0.948546	0
1.21785	0
1.48714	0
1.75644	0
2.02574	0
2.29504	0
2.56434	0
2.83364	0
3.10294	0
3.37224	0
3.64154	0
3.91084	0
4.18013	0
4.44943	0
4.71873	0
4.98803	0
5.25733	0
5.52663	0
5.79593	0
6.06523	0
6.33453	0
6.60382	0
6.87312	1
7.14242	0
7.41172	0
7.68102	0
7.95032	0
8.21962	0
8.48892	0
8.75822	0
9.02752	1
9.29682	1
9.56611	1
9.83541	1
10.1047	3
10.374	0
10.6433	4
10.9126	6
11.1819	5
11.4512	2
11.7205	8
11.9898	8
12.2591	6
12.5284	16
12.7977	15
13.067	20
13.3363	23
13.6056	33
13.8749	29
14.1442	36
14.4135	32
14.6828	40
14.9521	43
15.2214	51
15.4907	62
15.76	63
16.0293	86
16.2986	90
16.5679	93
16.8372	91
17.1065	125
17.3758	123
17.6451	139
17.9144	160
18.1837	138
18.453	196
18.7223	193
18.9916	261
19.2609	236
19.5302	265
19.7995	337
20.0688	324
20.3381	376
20.6074	364
20.8767	406
21.146	429
21.4153	488
21.6846	482
21.9539	569
22.2232	566
22.4925	629
22.7618	684
23.0311	684
23.3004	727
23.5697	747
23.839	741
24.1083	862
24.3776	856
24.6469	900
24.9162	989
25.1855	960
25.4548	992
25.7241	1048
25.9934	1122
26.2627	1145
26.532	1086
26.8012	1192
27.0705	1166
27.3398	1177
27.6091	1179
27.8784	1234
28.1477	1251
28.417	1273
28.6863	1299
28.9556	1290
29.2249	1269
29.4942	1335
29.7635	1258
30.0328	1251
30.3021	1198
30.5714	1232
30.8407	1222
31.11	1121
31.3793	1199
31.6486	1129
31.9179	1141
32.1872	1037
32.4565	1104
32.7258	1014
32.9951	993
33.2644	975
33.5337	919
33.803	969
34.0723	902
34.3416	911
34.6109	877
34.8802	798
35.1495	738
35.4188	730
35.6881	697
35.9574	658
36.2267	618
36.496	570
36.7653	594
37.0346	578
37.3039	517
37.5732	508
37.8425	495
38.1118	468
38.3811	455
38.6504	431
38.9197	376
39.189	328
39.4583	372
39.7276	328
39.9969	295
40.2662	306
40.5355	279
40.8048	260
41.0741	268
41.3434	251
41.6127	217
41.882	226
42.1513	212
42.4206	161
42.6899	166
42.9592	201
43.2285	178
43.4978	156
43.7671	148
44.0364	158
44.3057	126
44.575	160
44.8443	128
45.1136	158
45.3829	110
45.6522	111
45.9215	98
46.1908	88
46.4601	105
46.7294	105
46.9987	122
47.268	99
47.5373	110
47.8066	108
48.0759	108
48.3452	104
48.6145	100
48.8838	99
49.1531	97
49.4224	101
49.6917	72
49.961	102
50.2303	110
50.4996	120
50.7689	108
51.0382	108
51.3075	109
51.5768	111
51.8461	103
52.1154	107
52.3847	107
52.654	108
52.9233	124
53.1926	131
53.4619	114
53.7312	135
54.0004	95
54.2697	134
54.539	119
54.8083	119
55.0776	132
55.3469	121
55.6162	131
55.8855	136
56.1548	127
56.4241	129
56.6934	137
56.9627	144
57.232	150
57.5013	160
57.7706	134
58.0399	157
58.3092	142
58.5785	132
58.8478	129
59.1171	157
59.3864	141
59.6557	148
59.925	146
60.1943	149
60.4636	154
60.7329	148
61.0022	158
61.2715	155
61.5408	147
61.8101	136
62.0794	113
62.3487	143
62.618	161
62.8873	141
63.1566	126
63.4259	138
63.6952	142
63.9645	134
64.2338	144
64.5031	156
64.7724	132
65.0417	138
65.311	151
65.5803	130
65.8496	155
66.1189	131
66.3882	139
66.6575	129
66.9268	123
67.1961	138
67.4654	127
67.7347	148
68.004	128
68.2733	124
68.5426	124
68.8119	136
69.0812	161
69.3505	134
69.6198	143
69.8891	159
70.1584	143
70.4277	139
70.697	158
70.9663	149
71.2356	148
71.5049	121
71.7742	124
72.0435	143
72.3128	155
72.5821	129
72.8514	143
73.1207	137
73.39	136
73.6593	145
73.9286	132
74.1979	156
74.4672	166
74.7365	137
75.0058	156
75.2751	171
75.5444	151
75.8137	157
76.083	164
76.3523	149
76.6216	158
76.8909	145
77.1602	149
77.4295	136
77.6988	155
77.9681	153
78.2374	154
78.5067	157
78.776	144
79.0453	162
79.3146	179
79.5839	170
79.8532	162
80.1225	164
80.3918	153
80.6611	169
80.9303	176
81.1996	168
81.4689	182
81.7382	179
82.0075	207
82.2768	183
82.5461	191
82.8154	177
83.0847	204
83.354	217
83.6233	203
83.8926	184
84.1619	220
84.4312	205
84.7005	238
84.9698	214
85.2391	220
85.5084	240
85.7777	218
86.047	213
86.3163	237
86.5856	252
86.8549	269
87.1242	234
87.3935	266
87.6628	251
87.9321	281
88.2014	288
88.4707	312
88.74	327
89.0093	298
89.2786	327
89.5479	319
89.8172	341
90.0865	321
90.3558	355
90.6251	350
90.8944	323
91.1637	375
91.433	406
91.7023	352
91.9716	416
92.2409	443
92.5102	418
92.7795	438
93.0488	400
93.3181	430
93.5874	438
93.8567	439
94.126	468
94.3953	487
94.6646	514
94.9339	460
95.2032	480
95.4725	525
95.7418	504
96.0111	557
96.2804	471
96.5497	508
96.819	541
97.0883	543
97.3576	545
97.6269	573
97.8962	538
98.1655	578
98.4348	546
98.7041	559
98.9734	528
99.2427	598
99.512	541
99.7813	603
100.051	547
100.32	545
100.589	601
100.858	530
101.128	599
101.397	552
101.666	538
101.936	529
102.205	571
102.474	542
102.744	532
103.013	544
103.282	556
103.551	541
103.821	566
104.09	511
104.359	510
104.629	485
104.898	542
105.167	530
105.437	459
105.706	506
105.975	475
106.244	436
106.514	457
106.783	453
107.052	456
107.322	442
107.591	430
107.86	420
108.13	454
108.399	392
108.668	382
108.937	433
109.207	399
109.476	354
109.745	355
110.015	367
110.284	349
110.553	319
110.823	342
111.092	319
111.361	291
111.63	301
111.9	264
112.169	292
112.438	281
112.708	248
112.977	287
113.246	236
113.516	235
113.785	235
114.054	210
114.323	236
114.593	212
114.862	209
115.131	161
115.401	189
115.67	162
115.939	172
116.209	183
116.478	133
116.747	154
117.016	159
117.286	161
117.555	147
117.824	151
118.094	130
118.363	132
118.632	137
118.902	122
119.171	121
119.44	99
119.709	119
119.979	99
120.248	106
120.517	112
120.787	101
121.056	100
121.325	99
121.594	90
121.864	101
122.133	71
122.402	88
122.672	93
122.941	75
123.21	95
123.48	59
123.749	67
124.018	65
124.287	78
124.557	77
124.826	54
125.095	75
125.365	72
125.634	65
125.903	74
126.173	61
126.442	77
126.711	65
126.98	67
127.25	66
127.519	60
127.788	80
128.058	70
128.327	59
128.596	61
128.866	74
129.135	75
129.404	55
129.673	73
129.943	68
130.212	61
130.481	62
130.751	75
131.02	70
131.289	74
131.559	72
131.828	59
132.097	51
132.366	57
132.636	48
132.905	61
133.174	69
133.444	64
133.713	74
133.982	59
134.252	63
134.521	63
134.79	66
135.059	77
135.329	60
135.598	75
135.867	59
136.137	73
136.406	64
136.675	65
136.945	70
137.214	73
137.483	71
137.752	70
138.022	75
138.291	68
138.56	59
138.83	63
139.099	61
139.368	58
139.638	62
139.907	71
140.176	58
140.445	84
140.715	75
140.984	85
141.253	71
141.523	66
141.792	86
142.061	84
142.331	49
142.6	77
142.869	71
143.138	67
143.408	82
143.677	80
143.946	71
144.216	65
144.485	75
144.754	68
145.024	67
145.293	84
145.562	85
145.831	91
146.101	67
146.37	78
146.639	75
146.909	79
147.178	78
147.447	67
147.717	70
147.986	72
148.255	70
148.524	68
148.794	88
149.063	76
149.332	76
149.602	71
149.871	84
150.14	53
150.409	81
150.679	71
150.948	88
151.217	71
151.487	78
151.756	79
152.025	77
152.295	86
152.564	78
152.833	93
153.102	94
153.372	59
153.641	68
153.91	68
154.18	62
154.449	74
154.718	103
154.988	64
155.257	86
155.526	74
155.795	91
156.065	76
156.334	75
156.603	70
156.873	71
157.142	63
157.411	69
157.681	84
157.95	81
158.219	71
158.488	79
158.758	89
159.027	78
159.296	86
159.566	68
159.835	74
160.104	80
160.374	73
160.643	65
160.912	71
161.181	80
161.451	78
161.72	76
161.989	73
162.259	61
162.528	72
162.797	62
163.067	61
163.336	79
163.605	70
163.874	77
164.144	78
164.413	78
164.682	81
164.952	75
165.221	58
165.49	68
165.76	59
166.029	66
166.298	67
166.567	82
166.837	78
167.106	96
167.375	64
167.645	80
167.914	80
168.183	71
168.453	83
168.722	78
168.991	68
169.26	70
169.53	83
169.799	63
170.068	70
170.338	69
170.607	82
170.876	70
171.146	74
171.415	81
171.684	69
171.953	78
172.223	70
172.492	75
172.761	73
173.031	64
173.3	55
173.569	90
173.839	78
174.108	72
174.377	90
174.646	76
174.916	77
175.185	93
175.454	76
175.724	84
175.993	79
176.262	72
176.531	88
176.801	74
177.07	65
177.339	64
177.609	90
177.878	88
178.147	85
178.417	78
178.686	77
178.955	82
179.224	87
179.494	73
179.763	77
180.032	77
180.302	75
180.571	95
180.84	75
181.11	95
181.379	81
181.648	87
181.917	91
182.187	85
182.456	74
182.725	82
182.995	76
183.264	86
183.533	85
183.803	82
184.072	89
184.341	79
184.61	91
184.88	112
185.149	86
185.418	90
185.688	84
185.957	84
186.226	74
186.496	85
186.765	108
187.034	87
187.303	90
187.573	93
187.842	88
188.111	104
188.381	94
188.65	87
188.919	71
189.189	78
189.458	88
189.727	99
189.996	103
190.266	93
190.535	95
190.804	104
191.074	101
191.343	108
191.612	91
191.882	87
192.151	84
192.42	96
192.689	89
192.959	99
193.228	107
193.497	97
193.767	94
194.036	91
194.305	86
194.575	98
194.844	83
195.113	113
195.382	98
195.652	91
195.921	92
196.19	85
196.46	98
196.729	100
196.998	97
197.268	107
197.537	125
197.806	92
198.075	94
198.345	88
198.614	92
198.883	102
199.153	94
199.422	93
199.691	92
199.961	96
200.23	95
200.499	106
200.768	87
201.038	107
201.307	109
201.576	76
201.846	96
202.115	93
202.384	84
202.653	82
202.923	121
203.192	78
203.461	101
203.731	84
204	98
204.269	93
204.539	99
204.808	98
205.077	97
205.346	101
205.616	85
205.885	94
206.154	94
206.424	76
206.693	96
206.962	100
207.232	96
207.501	94
207.77	92
208.039	92
208.309	88
208.578	86
208.847	98
209.117	87
209.386	85
209.655	69
209.925	88
210.194	85
210.463	91
210.732	85
211.002	103
211.271	80
211.54	69
211.81	72
212.079	86
212.348	70
212.618	93
212.887	91
213.156	84
213.425	119
213.695	70
213.964	98
214.233	84
214.503	68
214.772	77
215.041	90
215.311	74
215.58	81
215.849	90
216.118	70
216.388	81
216.657	76
216.926	86
217.196	85
217.465	82
217.734	82
218.004	89
218.273	89
218.542	76
218.811	99
219.081	69
219.35	76
219.619	78
219.889	79
220.158	76
220.427	80
220.697	78
220.966	75
221.235	80
221.504	64
221.774	78
222.043	71
222.312	88
222.582	71
222.851	73
223.12	77
223.39	70
223.659	55
223.928	64
224.197	77
224.467	67
224.736	86
225.005	73
225.275	79
225.544	74
225.813	75
226.083	78
226.352	73
226.621	73
226.89	72
227.16	58
227.429	74
227.698	66
227.968	63
228.237	82
228.506	52
228.775	77
229.045	66
229.314	52
229.583	71
229.853	79
230.122	70
230.391	64
230.661	58
230.93	66
231.199	67
231.468	59
231.738	54
232.007	74
232.276	82
232.546	71
232.815	66
233.084	68
233.354	52
233.623	68
233.892	69
234.161	67
234.431	69
234.7	71
234.969	58
235.239	56
235.508	68
235.777	58
236.047	56
236.316	64
236.585	62
236.854	57
237.124	51
237.393	52
237.662	78
237.932	53
238.201	67
238.47	71
238.74	58
239.009	59
239.278	60
239.547	62
239.817	59
240.086	45
240.355	58
240.625	62
240.894	49
241.163	48
241.433	41
241.702	50
241.971	51
242.24	60
242.51	50
242.779	60
243.048	75
243.318	59
243.587	58
243.856	66
244.126	62
244.395	60
244.664	46
244.933	63
245.203	53
245.472	53
245.741	49
246.011	51
246.28	64
246.549	53
246.819	62
247.088	49
247.357	59
247.626	58
247.896	64
248.165	45
248.434	48
248.704	48
248.973	56
249.242	49
249.512	48
249.781	51
250.05	42
250.319	51
250.589	54
250.858	39
251.127	58
251.397	53
251.666	53
251.935	47
252.205	54
252.474	50
252.743	47
253.012	50
253.282	47
253.551	55
253.82	47
254.09	50
254.359	45
254.628	57
254.898	50
255.167	58
255.436	38
255.705	53
255.975	54
256.244	60
256.513	41
256.783	65
257.052	49
257.321	47
257.59	60
257.86	45
258.129	39
258.398	51
258.668	41
258.937	42
259.206	49
259.476	45
259.745	35
260.014	38
260.283	44
260.553	46
260.822	48
261.091	55
261.361	51
261.63	45
261.899	42
262.169	58
262.438	43
262.707	40
262.976	47
263.246	51
263.515	44
263.784	46
264.054	37
264.323	38
264.592	31
264.862	43
265.131	52
265.4	49
265.669	34
265.939	38
266.208	33
266.477	36
266.747	41
267.016	41
267.285	42
267.555	33
267.824	42
268.093	41
268.362	45
268.632	36
268.901	38
269.17	36
269.44	31
269.709	42
269.978	37
270.248	47
270.517	52
270.786	48
271.055	37
271.325	33
271.594	46
271.863	41
272.133	47
272.402	43
272.671	41
272.941	34
273.21	35
273.479	32
273.748	49
274.018	32
274.287	34
274.556	52
274.826	35
275.095	33
275.364	27
275.634	39
275.903	41
276.172	34
276.441	34
276.711	38
276.98	34
277.249	37
277.519	43
277.788	46
278.057	47
278.327	44
278.596	41
278.865	49
279.134	28
279.404	47
279.673	36
279.942	38
280.212	41
280.481	44
280.75	36
281.02	35
281.289	38
281.558	47
281.827	43
282.097	43
282.366	35
282.635	25
282.905	43
283.174	39
283.443	34
283.712	35
283.982	28
284.251	27
284.52	38
284.79	39
285.059	35
285.328	42
285.598	29
285.867	38
286.136	32
286.405	32
286.675	34
286.944	34
287.213	28
287.483	46
287.752	34
288.021	39
288.291	44
288.56	35
288.829	30
289.098	25
289.368	36
289.637	35
289.906	36
290.176	39
290.445	31
290.714	44
290.984	26
291.253	24
291.522	46
291.791	37
292.061	36
292.33	41
292.599	25
292.869	31
293.138	28
293.407	40
293.677	34
293.946	42
294.215	27
294.484	33
294.754	28
295.023	42
295.292	25
295.562	36
295.831	22
296.1	27
296.37	40
296.639	33
296.908	34
297.177	36
297.447	31
297.716	31
297.985	28
298.255	32
298.524	36
298.793	21
299.063	26
299.332	30
299.601	32
299.87	33
300.14	36
300.409	39
300.678	26
300.948	31
301.217	30
301.486	18
301.756	26
302.025	30
302.294	35
302.563	30
302.833	39
303.102	38
303.371	34
303.641	28
303.91	33
304.179	35
304.449	35
304.718	36
304.987	20
305.256	29
305.526	38
305.795	36
306.064	24
306.334	31
306.603	39
306.872	24
307.142	33
307.411	30
307.68	21
307.949	39
308.219	26
308.488	34
308.757	24
309.027	29
309.296	33
309.565	30
309.834	32
310.104	31
310.373	28
310.642	37
310.912	26
311.181	24
311.45	23
311.72	22
311.989	32
312.258	40
312.527	39
312.797	31
313.066	28
313.335	32
313.605	35
313.874	41
314.143	28
314.413	35
314.682	27
314.951	27
315.22	25
315.49	34
315.759	29
316.028	32
316.298	33
316.567	27
316.836	35
317.106	35
317.375	29
317.644	38
317.913	34
318.183	49
318.452	34
318.721	31
318.991	33
319.26	45
319.529	33
319.799	29
320.068	28
320.337	46
320.606	28
320.876	36
321.145	36
321.414	39
321.684	29
321.953	32
322.222	30
322.492	34
322.761	39
323.03	33
323.299	46
323.569	36
323.838	41
324.107	36
324.377	43
324.646	34
324.915	59
325.185	47
325.454	47
325.723	34
325.992	33
326.262	45
326.531	46
326.8	41
327.07	36
327.339	49
327.608	47
327.878	36
328.147	47
328.416	45
328.685	45
328.955	39
329.224	49
329.493	39
329.763	42
330.032	49
330.301	40
330.571	30
330.84	36
331.109	38
331.378	48
331.648	43
331.917	50
332.186	43
332.456	37
332.725	51
332.994	42
333.264	38
333.533	42
333.802	53
334.071	43
334.341	46
334.61	33
334.879	44
335.149	46
335.418	53
335.687	52
335.957	56
336.226	47
336.495	56
336.764	49
337.034	57
337.303	50
337.572	53
337.842	55
338.111	53
338.38	54
338.649	51
338.919	43
339.188	60
339.457	50
339.727	48
339.996	62
340.265	52
340.535	66
340.804	56
341.073	57
341.342	66
341.612	67
341.881	65
342.15	52
342.42	58
342.689	53
342.958	70
343.228	76
343.497	76
343.766	66
344.035	56
344.305	81
344.574	70
344.843	53
345.113	57
345.382	45
345.651	61
345.921	65
346.19	63
346.459	68
346.728	75
346.998	52
347.267	55
347.536	78
347.806	64
348.075	59
348.344	63
348.614	65
348.883	68
349.152	57
349.421	63
349.691	56
349.96	69
350.229	62
350.499	67
350.768	68
351.037	77
351.307	71
351.576	81
351.845	75
352.114	64
352.384	69
352.653	85
352.922	63
353.192	81
353.461	73
353.73	80
354	77
354.269	64
354.538	66
354.807	97
355.077	67
355.346	96
355.615	73
355.885	87
356.154	88
356.423	70
356.693	75
356.962	66
357.231	89
357.5	78
357.77	71
358.039	91
358.308	72
358.578	67
358.847	58
359.116	79
359.386	87
359.655	84
359.924	79
360.193	73
360.463	94
360.732	69
361.001	71
361.271	85
361.54	84
361.809	104
362.079	76
362.348	82
362.617	93
362.886	82
363.156	86
363.425	75
363.694	87
363.964	102
364.233	93
364.502	70
364.771	83
365.041	101
365.31	81
365.579	91
365.849	76
366.118	78
366.387	85
366.657	84
366.926	83
367.195	87
367.464	84
367.734	80
368.003	95
368.272	104
368.542	79
368.811	74
369.08	96
369.35	88
369.619	104
369.888	81
370.157	89
370.427	85
370.696	90
370.965	81
371.235	74
371.504	84
371.773	83
372.043	98
372.312	87
372.581	77
372.85	86
373.12	73
373.389	93
373.658	105
373.928	104
374.197	102
374.466	91
374.736	93
375.005	89
375.274	72
375.543	83
375.813	88
376.082	78
376.351	74
376.621	98
376.89	87
377.159	89
377.429	86
377.698	80
377.967	97
378.236	67
378.506	71
378.775	103
379.044	91
379.314	94
379.583	86
379.852	80
380.122	94
380.391	73
380.66	97
380.929	89
381.199	96
381.468	73
381.737	81
382.007	94
382.276	96
382.545	83
382.815	93
383.084	95
383.353	88
383.622	106
383.892	92
384.161	84
384.43	81
384.7	87
384.969	90
385.238	93
385.508	74
385.777	102
386.046	98
386.315	84
386.585	84
386.854	93
387.123	65
387.393	82
387.662	92
387.931	83
388.201	84
388.47	82
388.739	103
389.008	79
389.278	87
389.547	68
389.816	87
390.086	92
390.355	90
390.624	93
390.893	86
391.163	81
391.432	103
391.701	74
391.971	64
392.24	81
392.509	91
392.779	90
393.048	94
393.317	69
393.586	90
393.856	80
394.125	84
394.394	88
394.664	92
394.933	84
395.202	96
395.472	95
395.741	92
396.01	84
396.279	73
396.549	94
396.818	88
397.087	68
397.357	87
397.626	76
397.895	78
398.165	62
398.434	85
398.703	91
398.972	99
399.242	93
399.511	85
399.78	85
400.05	69
400.319	80
400.588	84
400.858	77
401.127	64
401.396	70
401.665	90
401.935	74
402.204	78
402.473	84
402.743	69
403.012	72
403.281	71
403.551	84
403.82	85
404.089	82
404.358	87
404.628	72
404.897	71
405.166	72
405.436	77
405.705	87
405.974	102
406.244	84
406.513	77
406.782	79
407.051	97
407.321	82
407.59	85
407.859	78
408.129	93
408.398	95
408.667	90
408.937	77
409.206	85
409.475	75
409.744	81
410.014	86
410.283	95
410.552	77
410.822	87
411.091	92
411.36	86
411.63	87
411.899	81
412.168	104
412.437	104
412.707	86
412.976	79
413.245	81
413.515	112
413.784	92
414.053	96
414.323	103
414.592	126
414.861	106
415.13	103
415.4	116
415.669	97
415.938	104
416.208	114
416.477	110
416.746	96
417.016	92
417.285	103
417.554	96
417.823	89
418.093	115
418.362	108
418.631	104
418.901	116
419.17	106
419.439	111
419.708	128
419.978	105
420.247	114
420.516	122
420.786	124
421.055	98
421.324	129
421.594	129
421.863	126
422.132	118
422.401	122
422.671	99
422.94	100
423.209	132
423.479	139
423.748	117
424.017	129
424.287	148
424.556	128
424.825	129
425.094	116
425.364	127
425.633	129
425.902	140
426.172	134
426.441	137
426.71	149
426.98	129
427.249	131
427.518	114
427.787	160
428.057	130
428.326	143
428.595	147
428.865	154
429.134	150
429.403	137
429.673	122
429.942	121
430.211	148
430.48	179
430.75	152
431.019	144
431.288	152
431.558	162
431.827	157
432.096	133
432.366	157
432.635	167
432.904	151
433.173	161
433.443	142
433.712	165
433.981	158
434.251	156
434.52	144
434.789	177
435.059	188
435.328	180
435.597	174
435.866	156
436.136	173
436.405	166
436.674	150
436.944	162
437.213	198
437.482	189
437.752	171
438.021	172
438.29	179
438.559	176
438.829	182
439.098	174
439.367	189
439.637	161
439.906	166
440.175	179
440.445	208
440.714	178
440.983	208
441.252	197
441.522	175
441.791	208
442.06	192
442.33	206
442.599	167
442.868	199
443.138	178
443.407	184
443.676	168
443.945	190
444.215	200
444.484	182
444.753	187
445.023	171
445.292	168
445.561	188
445.83	181
446.1	165
446.369	185
446.638	180
446.908	195
447.177	183
447.446	169
447.716	184
447.985	180
448.254	183
448.523	197
448.793	202
449.062	197
449.331	176
449.601	188
449.87	163
450.139	211
450.409	185
450.678	163
450.947	188
451.216	180
451.486	195
451.755	191
452.024	153
452.294	184
452.563	172
452.832	179
453.102	196
453.371	137
453.64	212
453.909	180
454.179	164
454.448	186
454.717	163
454.987	171
455.256	189
455.525	182
455.795	183
456.064	178
456.333	169
456.602	170
456.872	197
457.141	199
457.41	199
457.68	160
457.949	179
458.218	170
458.488	152
458.757	173
459.026	191
459.295	180
459.565	151
459.834	175
460.103	218
460.373	140
460.642	159
460.911	144
461.181	168
461.45	156
461.719	174
461.988	160
462.258	195
462.527	166
462.796	166
463.066	188
463.335	146
463.604	168
463.874	174
464.143	160
464.412	153
464.681	145
464.951	135
465.22	141
465.489	145
465.759	170
466.028	176
466.297	146
466.567	152
466.836	143
467.105	150
467.374	143
467.644	154
467.913	153
468.182	140
468.452	150
468.721	129
468.99	146
469.26	135
469.529	149
469.798	150
470.067	137
470.337	138
470.606	163
470.875	127
471.145	135
471.414	117
471.683	131
471.952	123
472.222	124
472.491	112
472.76	105
473.03	134
473.299	157
473.568	133
473.838	139
474.107	121
474.376	118
474.645	131
474.915	120
475.184	112
475.453	124
475.723	120
475.992	120
476.261	112
476.531	112
476.8	113
477.069	105
477.338	124
477.608	110
477.877	96
478.146	108
478.416	115
478.685	97
478.954	110
479.224	105
479.493	99
479.762	90
480.031	94
480.301	111
480.57	105
480.839	100
481.109	100
481.378	107
481.647	101
481.917	73
482.186	98
482.455	96
482.724	91
482.994	98
483.263	97
483.532	97
483.802	82
484.071	96
484.34	92
484.61	78
484.879	82
485.148	74
485.417	86
485.687	85
485.956	95
486.225	97
486.495	93
486.764	83
487.033	97
487.303	80
487.572	75
487.841	86
488.11	92
488.38	79
488.649	75
488.918	72
489.188	76
489.457	90
489.726	74
489.996	65
490.265	67
490.534	92
490.803	80
491.073	78
491.342	64
491.611	76
491.881	51
492.15	64
492.419	74
492.689	73
492.958	72
493.227	85
493.496	79
493.766	82
494.035	66
494.304	64
494.574	60
494.843	50
495.112	49
495.382	62
495.651	46
495.92	59
496.189	58
496.459	47
496.728	54
496.997	45
497.267	67
497.536	65
497.805	52
498.075	50
498.344	52
498.613	58
498.882	65
499.152	54
499.421	43
499.69	46
499.96	52
500.229	56
500.498	46
500.767	47
501.037	57
501.306	43
501.575	57
501.845	43
502.114	49
502.383	52
502.653	45
502.922	56
503.191	42
503.46	37
503.73	39
503.999	40
504.268	42
504.538	37
504.807	36
505.076	36
505.346	45
505.615	56
505.884	39
506.153	44
506.423	35
506.692	38
506.961	54
507.231	53
507.5	41
507.769	41
508.039	37
508.308	45
508.577	50
508.846	37
509.116	44
509.385	39
509.654	42
509.924	38
510.193	36
510.462	38
510.732	41
511.001	49
511.27	20
511.539	40
511.809	45
512.078	38
512.347	40
512.617	33
512.886	39
513.155	30
513.425	40
513.694	33
513.963	34
514.232	22
514.502	48
514.771	36
515.04	29
515.31	32
515.579	35
515.848	27
516.118	37
516.387	31
516.656	33
516.925	28
517.195	33
517.464	41
517.733	42
518.003	29
518.272	20
518.541	31
518.811	18
519.08	26
519.349	31
519.618	27
519.888	31
520.157	29
520.426	37
520.696	30
520.965	29
521.234	25
521.504	37
521.773	18
522.042	24
522.311	28
522.581	22
522.85	28
523.119	24
523.389	28
523.658	18
523.927	28
524.197	24
524.466	29
524.735	13
525.004	20
525.274	23
525.543	27
525.812	28
526.082	20
526.351	33
526.62	25
526.889	12
527.159	23
527.428	15
527.697	25
527.967	23
528.236	22
528.505	24
528.775	16
529.044	25
529.313	22
529.582	15
529.852	19
530.121	13
530.39	20
530.66	29
530.929	22
531.198	19
531.468	19
531.737	20
532.006	21
532.275	20
532.545	21
532.814	22
533.083	17
533.353	20
533.622	12
533.891	20
534.161	18
534.43	20
534.699	17
534.968	13
535.238	14
535.507	18
535.776	19
536.046	18
536.315	16
536.584	13
536.854	16
537.123	15
537.392	17
537.661	17
537.931	19
538.2	15
538.469	12
538.739	13
539.008	22
539.277	19
539.547	14
539.816	14
540.085	14
540.354	19
540.624	21
540.893	20
541.162	18
541.432	14
541.701	15
541.97	19
542.24	12
542.509	15
542.778	11
543.047	22
543.317	11
543.586	16
543.855	13
544.125	16
544.394	21
544.663	15
544.933	14
545.202	9
545.471	14
545.74	13
546.01	22
546.279	17
546.548	12
546.818	12
547.087	16
547.356	14
547.626	14
547.895	13
548.164	10
548.433	10
548.703	11
548.972	16
549.241	12
549.511	12
549.78	9
550.049	11
550.319	19
550.588	15
550.857	14
551.126	9
551.396	10
551.665	14
551.934	14
552.204	21
552.473	16
552.742	10
553.011	11
553.281	15
553.55	13
553.819	16
554.089	18
554.358	16
554.627	15
554.897	9
555.166	9
555.435	12
555.704	18
555.974	16
556.243	17
556.512	23
556.782	10
557.051	8
557.32	10
557.59	15
557.859	11
558.128	5
558.397	7
558.667	17
558.936	13
559.205	14
559.475	7
559.744	14
560.013	12
560.283	5
560.552	13
560.821	16
561.09	10
561.36	10
561.629	13
561.898	14
562.168	21
562.437	8
562.706	4
562.976	18
563.245	11
563.514	12
563.783	12
564.053	10
564.322	10
564.591	14
564.861	12
565.13	15
565.399	13
565.669	7
565.938	8
566.207	16
566.476	8
566.746	12
567.015	7
567.284	12
567.554	11
567.823	13
568.092	11
568.362	6
568.631	10
568.9	10
569.169	8
569.439	10
569.708	7
569.977	5
570.247	13
570.516	8
570.785	9
571.055	15
571.324	16
571.593	11
571.862	14
572.132	16
572.401	13
572.67	11
572.94	10
573.209	10
573.478	10
573.748	18
574.017	21
574.286	7
574.555	11
574.825	9
575.094	12
575.363	10
575.633	9
575.902	15
576.171	12
576.441	13
576.71	5
576.979	5
577.248	15
577.518	13
577.787	9
578.056	12
578.326	7
578.595	10
578.864	12
579.133	7
579.403	7
579.672	9
579.941	7
580.211	5
580.48	13
580.749	8
581.019	4
581.288	12
581.557	6
581.826	5
582.096	7
582.365	12
582.634	10
582.904	9
583.173	13
583.442	12
583.712	10
583.981	8
584.25	8
584.519	8
584.789	10
585.058	10
585.327	7
585.597	4
585.866	6
586.135	2
586.405	4
586.674	16
586.943	8
587.212	4
587.482	8
587.751	6
588.02	3
588.29	6
588.559	4
588.828	5
589.098	4
589.367	8
589.636	5
589.905	10
590.175	4
590.444	9
590.713	3
590.983	4
591.252	5
591.521	3
591.791	3
592.06	4
592.329	3
592.598	9
592.868	10
593.137	8
593.406	5
593.676	7
593.945	8
594.214	6
594.484	3
594.753	7
595.022	4
595.291	5
595.561	2
595.83	6
596.099	7
596.369	2
596.638	3
596.907	4
597.177	4
597.446	8
597.715	4
597.984	6
598.254	3
598.523	6
598.792	7
599.062	3
599.331	2
599.6	7
599.87	5
600.139	9
600.408	10
600.677	1
600.947	2
601.216	5
601.485	5
601.755	6
602.024	6
602.293	5
602.563	3
602.832	6
603.101	6
603.37	1
603.64	7
603.909	3
604.178	3
604.448	4
604.717	4
604.986	5
605.256	7
605.525	3
605.794	3
606.063	5
606.333	5
606.602	5
606.871	8
607.141	1
607.41	6
607.679	7
607.948	3
608.218	2
608.487	4
608.756	4
609.026	3
609.295	3
609.564	8
609.834	1
610.103	3
610.372	4
610.641	5
610.911	8
611.18	4
611.449	2
611.719	3
611.988	4
612.257	2
612.527	1
612.796	4
613.065	0
613.334	3
613.604	3
613.873	4
614.142	4
614.412	4
614.681	1
614.95	1
615.22	3
615.489	0
615.758	2
616.027	3
616.297	4
616.566	1
616.835	5
617.105	1
617.374	1
617.643	3
617.913	4
618.182	3
618.451	1
618.72	3
618.99	6
619.259	4
619.528	1
619.798	1
620.067	2
620.336	1
620.606	3
620.875	2
621.144	2
621.413	0
621.683	2
621.952	1
622.221	5
622.491	4
622.76	2
623.029	0
623.299	0
623.568	2
623.837	3
624.106	1
624.376	1
624.645	1
624.914	1
625.184	1
625.453	5
625.722	1
625.992	1
626.261	2
626.53	2
626.799	1
627.069	0
627.338	0
627.607	0
627.877	0
628.146	0
628.415	2
628.685	1
628.954	3
629.223	0
629.492	0
629.762	2
630.031	3
630.3	2
630.57	1
630.839	0
631.108	2
631.378	0
631.647	1
631.916	0
632.185	0
632.455	1
632.724	0
632.993	2
633.263	2
633.532	2
633.801	1
634.07	4
634.34	3
634.609	0
634.878	0
635.148	1
635.417	2
635.686	1
635.956	1
636.225	2
636.494	0
636.763	4
637.033	2
637.302	1
637.571	1
637.841	1
638.11	0
638.379	0
638.649	2
638.918	1
639.187	1
639.456	1
639.726	1
639.995	2
640.264	1
640.534	0
640.803	2
641.072	2
641.342	0
641.611	0
641.88	1
642.149	2
642.419	0
642.688	1
642.957	1
643.227	0
643.496	3
643.765	1
644.035	1
644.304	1
644.573	1
644.842	0
645.112	1
645.381	1
645.65	0
645.92	2
646.189	2
646.458	2
646.728	0
646.997	0
647.266	0
647.535	0
647.805	1
648.074	2
648.343	0
648.613	0
648.882	0
649.151	1
649.421	1
649.69	0
649.959	1
650.228	0
650.498	2
650.767	0
651.036	0
651.306	1
651.575	1
651.844	2
652.114	0
652.383	0
652.652	0
652.921	1
653.191	0
653.46	0
653.729	4
653.999	0
654.268	2
654.537	2
654.807	0
655.076	1
655.345	1
655.614	0
655.884	0
656.153	1
656.422	1
656.692	1
656.961	0
657.23	0
657.5	1
657.769	1
658.038	1
658.307	1
658.577	0
658.846	0
659.115	0
659.385	1
659.654	1
659.923	0
660.192	1
660.462	2
660.731	0
661	1
661.27	0
661.539	0
661.808	1
662.078	3
662.347	0
662.616	0
662.885	0
663.155	0
663.424	0
663.693	0
663.963	2
664.232	1
664.501	1
664.771	3
665.04	0
665.309	1
665.578	1
665.848	0
666.117	0
666.386	1
666.656	1
666.925	0
667.194	0
667.464	1
667.733	0
668.002	0
668.271	0
668.541	1
668.81	1
669.079	0
669.349	0
669.618	1
669.887	0
670.157	0
670.426	1
670.695	0
670.964	0
671.234	0
671.503	4
671.772	1
672.042	0
672.311	0
672.58	1
672.85	0
673.119	0
673.388	0
673.657	1
673.927	0
674.196	0
674.465	1
674.735	0
675.004	1
675.273	0
675.543	0
675.812	1
676.081	0
676.35	0
676.62	0
676.889	0
677.158	0
677.428	0
677.697	0
677.966	0
678.236	1
678.505	0
678.774	1
679.043	1
679.313	1
679.582	0
679.851	0
680.121	0
680.39	0
680.659	0
680.929	0
681.198	0
681.467	0
681.736	1
682.006	3
682.275	0
682.544	0
682.814	1
683.083	1
683.352	1
683.622	0
683.891	1
684.16	2
684.429	1
684.699	1
684.968	0
685.237	0
685.507	0
685.776	0
686.045	0
686.315	1
686.584	0
686.853	0
687.122	0
687.392	2
687.661	0
687.93	0
688.2	0
688.469	0
688.738	0
689.007	0
689.277	1
689.546	1
689.815	0
690.085	0
690.354	1
690.623	0
690.893	0
691.162	2
691.431	0
691.7	0
691.97	1
692.239	1
692.508	0
692.778	0
693.047	0
693.316	0
693.586	1
693.855	1
694.124	0
694.393	0
694.663	0
694.932	0
695.201	0
695.471	0
695.74	1
696.009	0
696.279	0
696.548	0
696.817	1
697.086	0
697.356	1
697.625	2
697.894	0
698.164	1
698.433	0
698.702	0
698.972	1
699.241	0
699.51	0
699.779	0
700.049	1
700.318	0
700.587	1
700.857	1
701.126	1
701.395	0
701.665	1
701.934	0
702.203	0
702.472	0
702.742	0
703.011	0
703.28	0
703.55	1
703.819	0
704.088	0
704.358	0
704.627	0
704.896	0
705.165	0
705.435	1
705.704	0
705.973	1
706.243	0
706.512	0
706.781	0
707.051	0
707.32	0
707.589	0
707.858	0
708.128	0
708.397	0
708.666	1
708.936	0
709.205	0
709.474	0
709.744	0
710.013	0
710.282	0
710.551	0
710.821	0
711.09	1
711.359	0
711.629	0
711.898	0
712.167	0
712.437	1
712.706	0
712.975	0
713.244	0
713.514	0
713.783	1
714.052	0
714.322	1
714.591	1
714.86	0
715.129	0
715.399	1
715.668	1
715.937	0
716.207	0
716.476	0
716.745	0
717.015	1
717.284	0
717.553	0
717.822	0
718.092	1
718.361	0
718.63	0
718.9	1
719.169	0
719.438	0
719.708	0
719.977	0
720.246	2
720.515	0
720.785	0
721.054	0
721.323	0
721.593	0
721.862	1
722.131	0
722.401	0
722.67	2
722.939	0
723.208	0
723.478	0
723.747	1
724.016	0
724.286	1
724.555	2
724.824	0
725.094	0
725.363	0
725.632	1
725.901	1
726.171	1
726.44	0
726.709	0
726.979	1
727.248	0
727.517	0
727.787	1
728.056	0
728.325	0
728.594	1
728.864	0
729.133	0
729.402	0
729.672	0
729.941	0
730.21	0
730.48	0
730.749	0
731.018	0
731.287	0
731.557	0
731.826	0
732.095	0
732.365	0
732.634	0
732.903	0
733.173	0
733.442	0
733.711	0
733.98	1
734.25	1
734.519	1
734.788	0
735.058	0
735.327	0
735.596	0
735.866	0
736.135	0
736.404	0
736.673	0
736.943	1
737.212	1
737.481	1
737.751	0
738.02	1
738.289	0
738.559	0
738.828	0
739.097	1
739.366	0
739.636	0
739.905	0
740.174	1
740.444	0
740.713	1
740.982	0
741.251	2
741.521	0
741.79	0
742.059	0
742.329	0
742.598	0
742.867	0
743.137	1
743.406	1
743.675	1
743.944	0
744.214	0
744.483	0
744.752	0
745.022	0
745.291	0
745.56	0
745.83	3
746.099	0
746.368	0
746.637	1
746.907	0
747.176	0
747.445	0
747.715	0
747.984	1
748.253	1
748.523	0
748.792	0
749.061	0
749.33	1
749.6	1
749.869	1
750.138	1
750.408	0
750.677	0
750.946	0
751.216	0
751.485	0
751.754	0
752.023	0
752.293	0
752.562	1
752.831	0
753.101	0
753.37	0
753.639	0
753.909	0
754.178	1
754.447	0
754.716	0
754.986	1
755.255	0
755.524	0
755.794	1
756.063	0
756.332	1
756.602	1
756.871	2
757.14	0
757.409	0
757.679	0
757.948	0
758.217	1
758.487	0
758.756	1
759.025	1
759.295	2
759.564	0
759.833	0
760.102	0
760.372	0
760.641	0
760.91	0
761.18	0
761.449	0
761.718	2
761.988	0
762.257	0
762.526	1
762.795	0
763.065	0
763.334	0
763.603	0
763.873	1
764.142	0
764.411	0
764.681	0
764.95	0
765.219	0
765.488	0
765.758	0
766.027	1
766.296	1
766.566	0
766.835	0
767.104	0
767.374	0
767.643	0
767.912	0
768.181	0
768.451	0
768.72	0
768.989	0
769.259	1
769.528	0
769.797	0
770.066	0
770.336	0
770.605	0
770.874	0
771.144	0
771.413	0
771.682	0
771.952	0
772.221	0
772.49	1
772.759	0
773.029	0
773.298	0
773.567	0
773.837	0
774.106	0
774.375	0
774.645	0
774.914	0
775.183	0
775.452	0
775.722	0
775.991	0
776.26	0
776.53	0
776.799	0
777.068	0
777.338	0
777.607	1
777.876	0
778.145	2
778.415	0
778.684	0
778.953	0
779.223	0
779.492	1
779.761	0
780.031	0
780.3	0
780.569	0
780.838	0
781.108	0
781.377	0
781.646	1
781.916	1
782.185	0
782.454	0
782.724	0
782.993	0
783.262	0
783.531	1
783.801	0
784.07	0
784.339	0
784.609	0
784.878	0
785.147	0
785.417	0
785.686	0
785.955	0
786.224	1
786.494	0
786.763	0
787.032	0
787.302	0
787.571	0
787.84	0
788.11	1
788.379	0
788.648	0
788.917	0
789.187	0
789.456	0
789.725	0
789.995	0
790.264	1
790.533	0
790.803	0
791.072	0
791.341	0
791.61	1
791.88	0
792.149	0
792.418	0
792.688	0
792.957	1
793.226	0
793.496	1
793.765	0
794.034	1
794.303	0
794.573	0
794.842	0
795.111	0
795.381	0
795.65	0
795.919	0
796.188	0
796.458	0
796.727	0
796.996	0
797.266	0
797.535	0
797.804	0
798.074	1
798.343	0
798.612	0
798.881	0
799.151	0
799.42	0
799.689	1
799.959	0
800.228	0
800.497	0
800.767	0
801.036	0
801.305	0
801.574	0
801.844	0
802.113	0
802.382	0
802.652	0
802.921	0
803.19	0
803.46	0
803.729	1
803.998	0
804.267	1
804.537	0
804.806	1
805.075	0
805.345	0
805.614	0
805.883	0
806.153	2
806.422	0
806.691	0
806.96	1
807.23	0
807.499	0
807.768	0
808.038	0
808.307	1
808.576	0
808.846	0
809.115	2
809.384	0
809.653	0
809.923	0
810.192	0
810.461	0
810.731	1
811	0
811.269	0
811.539	0
811.808	0
812.077	1
812.346	1
812.616	0
812.885	0
813.154	0
813.424	1
813.693	0
813.962	1
814.232	1
814.501	1
814.77	0
815.039	0
815.309	0
815.578	0
815.847	1
816.117	0
816.386	0
816.655	1
816.925	0
817.194	0
817.463	0
817.732	0
818.002	0
818.271	0
818.54	0
818.81	1
819.079	0
819.348	0
819.618	0
819.887	1
820.156	0
820.425	1
820.695	0
820.964	0
821.233	0
821.503	0
821.772	1
822.041	1
822.31	0
822.58	0
822.849	0
823.118	1
823.388	0
823.657	0
823.926	0
824.196	0
824.465	0
824.734	0
825.003	0
825.273	1
825.542	0
825.811	0
826.081	0
826.35	0
826.619	1
826.889	0
827.158	1
827.427	1
827.696	0
827.966	0
828.235	0
828.504	0
828.774	0
829.043	0
829.312	0
829.582	0
829.851	0
830.12	0
830.389	1
830.659	0
830.928	0
831.197	1
831.467	0
831.736	1
832.005	0
832.275	0
832.544	0
832.813	0
833.082	1
833.352	0
833.621	0
833.89	0
834.16	0
834.429	0
834.698	0
834.968	0
835.237	0
835.506	0
835.775	0
836.045	0
836.314	0
836.583	1
836.853	0
837.122	0
837.391	0
837.661	0
837.93	0
838.199	0
838.468	0
838.738	1
839.007	2
839.276	0
839.546	0
839.815	0
840.084	0
840.354	1
840.623	0
840.892	2
841.161	0
841.431	0
841.7	0
841.969	2
842.239	0
842.508	1
842.777	0
843.047	1
843.316	0
843.585	0
843.854	0
844.124	0
844.393	1
844.662	2
844.932	0
845.201	0
845.47	0
845.74	0
846.009	0
846.278	0
846.547	0
846.817	0
847.086	0
847.355	0
847.625	0
847.894	0
848.163	0
848.432	0
848.702	0
848.971	0
849.24	1
849.51	0
849.779	0
850.048	0
850.318	0
850.587	0
850.856	1
851.125	0
851.395	0
851.664	0
851.933	0
852.203	0
852.472	0
852.741	0
853.011	1
853.28	0
853.549	0
853.818	1
854.088	0
854.357	0
854.626	0
854.896	0
855.165	1
855.434	0
855.704	0
855.973	0
856.242	0
856.511	0
856.781	0
857.05	0
857.319	0
857.589	0
857.858	0
858.127	1
858.397	0
858.666	1
858.935	0
859.204	1
859.474	0
859.743	1
860.012	0
860.282	0
860.551	0
860.82	0
861.09	0
861.359	0
861.628	0
861.897	0
862.167	0
862.436	0
862.705	0
862.975	1
863.244	0
863.513	0
863.783	1
864.052	0
864.321	0
864.59	0
864.86	0
865.129	0
865.398	0
865.668	0
865.937	0
866.206	1
866.476	0
866.745	0
867.014	0
867.283	0
867.553	0
867.822	0
868.091	0
868.361	0
868.63	0
868.899	0
869.169	0
869.438	0
869.707	0
869.976	0
870.246	0
870.515	0
870.784	0
871.054	0
871.323	0
871.592	0
871.862	1
872.131	0
872.4	0
872.669	0
872.939	0
873.208	0
873.477	0
873.747	1
874.016	0
874.285	0
874.555	0
874.824	0
875.093	1
875.362	0
875.632	0
875.901	0
876.17	0
876.44	0
876.709	0
876.978	0
877.247	0
877.517	1
877.786	0
878.055	0
878.325	0
878.594	0
878.863	1
879.133	1
879.402	0
879.671	0
879.94	0
880.21	0
880.479	0
880.748	0
881.018	0
881.287	0
881.556	0
881.826	0
882.095	0
882.364	1
882.633	1
882.903	0
883.172	0
883.441	0
883.711	0
883.98	0
884.249	0
884.519	0
884.788	0
885.057	2
885.326	0
885.596	0
885.865	0
886.134	0
886.404	0
886.673	0
886.942	0
887.212	0
887.481	0
887.75	0
888.019	2
888.289	0
888.558	0
888.827	0
889.097	0
889.366	0
889.635	0
889.905	0
890.174	1
890.443	0
890.712	0
890.982	0
891.251	0
891.52	0
891.79	0
892.059	0
892.328	0
892.598	0
892.867	0
893.136	0
893.405	0
893.675	0
893.944	0
894.213	0
894.483	0
894.752	2
895.021	0
895.291	0
895.56	0
895.829	0
896.098	0
896.368	0
896.637	0
896.906	0
897.176	0
897.445	0
897.714	0
897.984	1
898.253	1
898.522	0
898.791	0
899.061	0
899.33	0
899.599	0
899.869	0
900.138	0
900.407	1
900.677	0
900.946	0
901.215	0
901.484	0
901.754	0
902.023	0
902.292	0
902.562	0
902.831	0
903.1	0
903.369	0
903.639	0
903.908	0
904.177	0
904.447	0
904.716	0
904.985	0
905.255	0
905.524	0
905.793	1
906.062	0
906.332	0
906.601	0
906.87	0
907.14	0
907.409	0
907.678	0
907.948	0
908.217	0
908.486	0
908.755	0
909.025	0
909.294	0
909.563	1
909.833	0
910.102	0
910.371	0
910.641	0
910.91	0
911.179	0
911.448	0
911.718	0
911.987	0
912.256	0
912.526	0
912.795	0
913.064	0
913.334	0
913.603	0
913.872	0
914.141	0
914.411	0
914.68	0
914.949	0
915.219	1
915.488	0
915.757	0
916.027	0
916.296	0
916.565	1
916.834	0
917.104	0
917.373	0
917.642	0
917.912	0
918.181	0
918.45	0
918.72	0
918.989	0
919.258	0
919.527	0
919.797	0
920.066	0
920.335	1
920.605	0
920.874	0
921.143	0
921.413	0
921.682	1
921.951	0
922.22	1
922.49	0
922.759	0
923.028	0
923.298	0
923.567	0
923.836	0
924.106	0
924.375	0
924.644	0
924.913	0
925.183	0
925.452	0
925.721	0
925.991	0
926.26	0
926.529	0
926.799	1
927.068	0
927.337	0
927.606	0
927.876	0
928.145	0
928.414	0
928.684	1
928.953	0
929.222	0
929.491	0
929.761	0
930.03	0
930.299	0
930.569	0
930.838	0
931.107	0
931.377	0
931.646	0
931.915	0
932.184	0
932.454	1
932.723	1
932.992	0
933.262	2
933.531	1
933.8	0
934.07	0
934.339	0
934.608	0
934.877	1
935.147	0
935.416	0
935.685	0
935.955	0
936.224	0
936.493	0
936.763	0
937.032	0
937.301	0
937.57	1
937.84	0
938.109	0
938.378	0
938.648	0
938.917	0
939.186	0
939.456	1
939.725	1
939.994	0
940.263	0
940.533	0
940.802	0
941.071	0
941.341	0
941.61	0
941.879	0
942.149	0
942.418	0
942.687	0
942.956	0
943.226	0
943.495	0
943.764	0
944.034	0
944.303	0
944.572	0
944.842	0
945.111	0
945.38	0
945.649	0
945.919	0
946.188	0
946.457	0
946.727	0
946.996	0
947.265	0
947.535	0
947.804	0
948.073	0
948.342	0
948.612	0
948.881	0
949.15	0
949.42	1
949.689	0
949.958	0
950.228	1
950.497	0
950.766	0
951.035	0
951.305	0
951.574	0
951.843	0
952.113	0
952.382	0
952.651	0
952.921	0
953.19	0
953.459	1
953.728	0
953.998	1
954.267	1
954.536	0
954.806	0
955.075	0
955.344	0
955.614	0
955.883	0
956.152	1
956.421	0
956.691	0
956.96	0
957.229	0
957.499	0
957.768	0
958.037	0
958.306	0
958.576	0
958.845	0
959.114	0
959.384	0
959.653	0
959.922	0
960.192	1
960.461	0
960.73	1
960.999	0
961.269	0
961.538	0
961.807	0
962.077	0
962.346	0
962.615	0
962.885	0
963.154	0
963.423	0
963.692	0
963.962	0
964.231	0
964.5	0
964.77	0
965.039	0
965.308	0
965.578	0
965.847	0
966.116	0
966.385	0
966.655	0
966.924	0
967.193	0
967.463	1
967.732	0
968.001	0
968.271	0
968.54	0
968.809	0
969.078	0
969.348	0
969.617	0
969.886	0
970.156	0
970.425	0
970.694	0
970.964	0
971.233	1
971.502	0
971.771	0
972.041	0
972.31	0
972.579	0
972.849	0
973.118	0
973.387	0
973.657	0
973.926	0
974.195	0
974.464	0
974.734	0
975.003	0
975.272	0
975.542	0
975.811	0
976.08	1
976.35	0
976.619	1
976.888	0
977.157	0
977.427	0
977.696	0
977.965	0
978.235	0
978.504	0
978.773	0
979.043	0
979.312	0
979.581	0
979.85	0
980.12	1
980.389	0
980.658	0
980.928	0
981.197	0
981.466	0
981.736	0
982.005	0
982.274	0
982.543	0
982.813	0
983.082	0
983.351	0
983.621	0
983.89	0
984.159	0
984.428	1
984.698	1
984.967	0
985.236	1
985.506	0
985.775	0
986.044	0
986.314	0
986.583	0
986.852	0
987.121	0
987.391	0
987.66	0
987.929	0
988.199	0
988.468	0
988.737	0
989.007	0
989.276	0
989.545	0
989.814	0
990.084	0
990.353	0
990.622	0
990.892	1
991.161	0
991.43	1
991.7	1
991.969	1
992.238	0
992.507	0
992.777	0
993.046	0
993.315	0
993.585	0
993.854	0
994.123	0
994.393	0
994.662	0
994.931	0
995.2	0
995.47	0
995.739	0
996.008	0
996.278	0
996.547	0
996.816	0
997.086	0
997.355	0
997.624	0
997.893	0
998.163	0
998.432	0
998.701	0
998.971	0
999.24	0
999.509	0
999.779	0
1000.05	0
1000.32	0
1000.59	0
1000.86	0
1001.13	0
1001.39	0
1001.66	0
1001.93	0
1002.2	0
1002.47	0
1002.74	0
1003.01	0
1003.28	0
1003.55	0
1003.82	0
1004.09	1
1004.36	0
1004.63	0
1004.9	0
1005.16	0
1005.43	0
1005.7	0
1005.97	0
1006.24	0
1006.51	0
1006.78	0
1007.05	0
1007.32	0
1007.59	0
1007.86	0
1008.13	0
1008.4	0
1008.67	0
1008.93	0
1009.2	0
1009.47	0
1009.74	0
1010.01	0
1010.28	0
1010.55	0
1010.82	1
1011.09	0
1011.36	0
1011.63	0
1011.9	0
1012.17	0
1012.44	0
1012.7	0
1012.97	0
1013.24	1
1013.51	0
1013.78	1
1014.05	0
1014.32	0
1014.59	0
1014.86	0
1015.13	0
1015.4	0
1015.67	0
1015.94	0
1016.21	0
1016.48	0
1016.74	0
1017.01	0
1017.28	0
1017.55	1
1017.82	0
1018.09	0
1018.36	0
1018.63	0
1018.9	0
1019.17	0
1019.44	0
1019.71	0
1019.98	0
1020.25	0
1020.51	0
1020.78	0
1021.05	0
1021.32	0
1021.59	0
1021.86	0
1022.13	0
1022.4	0
1022.67	1
1022.94	1
1023.21	0
1023.48	0
1023.75	0
1024.02	0
1024.28	1
1024.55	0
1024.82	0
1025.09	0
1025.36	0
1025.63	0
1025.9	0
1026.17	1
1026.44	0
1026.71	0
1026.98	0
1027.25	0
1027.52	0
1027.79	0
1028.05	0
1028.32	0
1028.59	0
1028.86	0
1029.13	0
1029.4	0
1029.67	0
1029.94	0
1030.21	0
1030.48	0
1030.75	0
1031.02	0
1031.29	0
1031.56	0
1031.83	0
1032.09	0
1032.36	0
1032.63	0
1032.9	0
1033.17	0
1033.44	0
1033.71	0
1033.98	0
1034.25	0
1034.52	0
1034.79	0
1035.06	0
1035.33	0
1035.6	0
1035.86	0
1036.13	0
1036.4	0
1036.67	0
1036.94	0
1037.21	0
1037.48	0
1037.75	1
1038.02	0
1038.29	2
1038.56	1
1038.83	0
1039.1	0
1039.37	1
1039.63	0
1039.9	0
1040.17	0
1040.44	0
1040.71	0
1040.98	0
1041.25	0
1041.52	0
1041.79	0
1042.06	0
1042.33	0
1042.6	0
1042.87	0
1043.14	0
1043.4	0
1043.67	0
1043.94	0
1044.21	0
1044.48	0
1044.75	0
1045.02	0
1045.29	0
1045.56	0
1045.83	0
1046.1	0
1046.37	0
1046.64	0
1046.91	0
1047.18	0
1047.44	0
1047.71	0
1047.98	0
1048.25	0
1048.52	0
1048.79	0
1049.06	0
1049.33	0
1049.6	0
1049.87	0
1050.14	0
1050.41	0
1050.68	0
1050.95	0
1051.21	0
1051.48	0
1051.75	0
1052.02	0
1052.29	0
1052.56	0
1052.83	0
1053.1	0
1053.37	0
1053.64	0
1053.91	0
1054.18	0
1054.45	0
1054.72	1
1054.98	0
1055.25	0
1055.52	0
1055.79	0
1056.06	0
1056.33	0
1056.6	0
1056.87	0
1057.14	1
1057.41	0
1057.68	0
1057.95	1
1058.22	0
1058.49	0
1058.76	0
1059.02	0
1059.29	0
1059.56	0
1059.83	0
1060.1	0
1060.37	0
1060.64	0
1060.91	0
1061.18	0
1061.45	0
1061.72	0
1061.99	0
1062.26	0
1062.53	0
1062.79	1
1063.06	0
1063.33	0
1063.6	0
1063.87	0
1064.14	0
1064.41	0
1064.68	0
1064.95	0
1065.22	0
1065.49	0
1065.76	0
1066.03	0
1066.3	0
1066.56	0
1066.83	0
1067.1	0
1067.37	0
1067.64	0
1067.91	0
1068.18	0
1068.45	0
1068.72	0
1068.99	0
1069.26	0
1069.53	0
1069.8	0
1070.07	0
1070.33	0
1070.6	0
1070.87	0
1071.14	0
1071.41	0
1071.68	0
1071.95	0
1072.22	0
1072.49	0
1072.76	0
1073.03	0
1073.3	0
1073.57	0
1073.84	0
1074.11	1
1074.37	0
1074.64	0
1074.91	0
1075.18	0
1075.45	0
1075.72	0
1075.99	0
1076.26	0
1076.53	0
1076.8	0
1077.07	0
1077.34	0
1077.61	0
1077.88	1
1078.14	0
1078.41	0
1078.68	0
1078.95	0
1079.22	0
1079.49	0
1079.76	0
1080.03	0
1080.3	0
1080.57	0
1080.84	0
1081.11	0
1081.38	0
1081.65	0
1081.91	0
1082.18	0
1082.45	1
1082.72	0
1082.99	1
1083.26	0
1083.53	0
1083.8	0
1084.07	0
1084.34	0
1084.61	0
1084.88	0
1085.15	0
1085.42	0
1085.68	0
1085.95	0
1086.22	0
1086.49	0
1086.76	0
1087.03	0
1087.3	0
1087.57	0
1087.84	0
1088.11	0
1088.38	0
1088.65	0
1088.92	0
1089.19	0
1089.46	0
1089.72	0
1089.99	0
1090.26	0
1090.53	0
1090.8	0
1091.07	0
1091.34	0
1091.61	0
1091.88	0
1092.15	0
1092.42	0
1092.69	0
1092.96	0
1093.23	0
1093.49	0
1093.76	0
1094.03	0
1094.3	0
1094.57	0
1094.84	0
1095.11	0
1095.38	0
1095.65	0
1095.92	0
1096.19	0
1096.46	0
1096.73	0
1097	0
1097.26	0
1097.53	0
1097.8	0
1098.07	0
1098.34	1
1098.61	0
1098.88	0
1099.15	0
1099.42	0
1099.69	0
1099.96	0
1100.23	0
1100.5	0
1100.77	1
1101.03	0
1101.3	1
1101.57	1
1101.84	0
1102.11	0
1102.38	0
1102.65	0
1102.92	0
1103.19	0
1103.46	1
1103.73	0
1104	0
1104.27	0
1104.54	0
1104.81	0
1105.07	1
1105.34	0
1105.61	0
1105.88	0
1106.15	0
1106.42	0
1106.69	0
1106.96	0
1107.23	0
1107.5	0
1107.77	1
1108.04	0
1108.31	0
1108.58	0
1108.84	0
1109.11	0
1109.38	0
1109.65	0
1109.92	0
1110.19	0
1110.46	0
1110.73	0
1111	0
1111.27	0
1111.54	0
1111.81	0
1112.08	0
1112.35	0
1112.61	0
1112.88	0
1113.15	0
1113.42	0
1113.69	0
1113.96	0
1114.23	0
1114.5	0
1114.77	0
1115.04	0
1115.31	0
1115.58	0
1115.85	0
1116.12	0
1116.39	0
1116.65	0
1116.92	0
1117.19	0
1117.46	0
1117.73	0
1118	0
1118.27	1
1118.54	0
1118.81	0
1119.08	0
1119.35	0
1119.62	0
1119.89	0
1120.16	0
1120.42	0
1120.69	0
1120.96	0
1121.23	0
1121.5	0
1121.77	0
1122.04	0
1122.31	0
1122.58	0
1122.85	0
1123.12	0
1123.39	0
1123.66	0
1123.93	0
1124.19	0
1124.46	0
1124.73	0
1125	0
1125.27	0
1125.54	0
1125.81	0
1126.08	0
1126.35	0
1126.62	0
1126.89	0
1127.16	0
1127.43	0
1127.7	0
1127.96	0
1128.23	0
1128.5	0
1128.77	0
1129.04	0
1129.31	0
1129.58	0
1129.85	0
1130.12	0
1130.39	0
1130.66	0
1130.93	0
1131.2	0
1131.47	0
1131.74	0
1132	0
1132.27	0
1132.54	0
1132.81	0
1133.08	0
1133.35	0
1133.62	0
1133.89	0
1134.16	0
1134.43	0
1134.7	0
1134.97	0
1135.24	1
1135.51	1
1135.77	0
1136.04	0
1136.31	0
1136.58	0
1136.85	0
1137.12	0
1137.39	0
1137.66	0
1137.93	0
1138.2	0
1138.47	0
1138.74	0
1139.01	0
1139.28	0
1139.54	0
1139.81	0
1140.08	0
1140.35	0
1140.62	0
1140.89	0
1141.16	0
1141.43	0
1141.7	0
1141.97	0
1142.24	0
1142.51	0
1142.78	0
1143.05	0
1143.31	0
1143.58	0
1143.85	0
1144.12	0
1144.39	1
1144.66	0
1144.93	0
1145.2	1
1145.47	0
1145.74	0
1146.01	0
1146.28	0
1146.55	0
1146.82	0
1147.09	0
1147.35	0
1147.62	0
1147.89	0
1148.16	0
1148.43	0
1148.7	0
1148.97	0
1149.24	0
1149.51	0
1149.78	0
1150.05	0
1150.32	0
1150.59	0
1150.86	0
1151.12	0
1151.39	0
1151.66	0
1151.93	0
1152.2	0
1152.47	0
1152.74	0
1153.01	0
1153.28	0
1153.55	0
1153.82	0
1154.09	0
1154.36	0
1154.63	0
1154.89	0
1155.16	0
1155.43	1
1155.7	0
1155.97	0
1156.24	0
1156.51	1
1156.78	0
1157.05	0
1157.32	0
1157.59	0
1157.86	0
1158.13	0
1158.4	0
1158.66	0
1158.93	0
1159.2	0
1159.47	0
1159.74	0
1160.01	0
1160.28	0
1160.55	0
1160.82	0
1161.09	0
1161.36	0
1161.63	0
1161.9	0
1162.17	0
1162.44	0
1162.7	0
1162.97	0
1163.24	0
1163.51	0
1163.78	0
1164.05	0
1164.32	0
1164.59	0
1164.86	0
1165.13	1
1165.4	1
1165.67	0
1165.94	0
1166.21	1
1166.47	0
1166.74	0
1167.01	0
1167.28	0
1167.55	0
1167.82	0
1168.09	0
1168.36	0
1168.63	0
1168.9	0
1169.17	0
1169.44	0
1169.71	0
1169.98	0
1170.24	0
1170.51	0
1170.78	0
1171.05	0
1171.32	0
1171.59	0
1171.86	0
1172.13	0
1172.4	0
1172.67	0
1172.94	1
1173.21	0
1173.48	0
1173.75	0
1174.01	0
1174.28	0
1174.55	0
1174.82	0
1175.09	0
1175.36	0
1175.63	0
1175.9	0
1176.17	0
1176.44	0
1176.71	0
1176.98	0
1177.25	0
1177.52	0
1177.79	0
1178.05	0
1178.32	0
1178.59	0
1178.86	0
1179.13	0
1179.4	0
1179.67	0
1179.94	1
1180.21	0
1180.48	0
1180.75	0
1181.02	0
1181.29	0
1181.56	0
1181.82	1
1182.09	0
1182.36	0
1182.63	0
1182.9	0
1183.17	0
1183.44	0
1183.71	0
1183.98	0
1184.25	0
1184.52	0
1184.79	0
1185.06	0
1185.33	0
1185.59	0
1185.86	0
1186.13	0
1186.4	0
1186.67	0
1186.94	0
1187.21	0
1187.48	0
1187.75	0
1188.02	0
1188.29	0
1188.56	0
1188.83	0
1189.1	0
1189.37	0
1189.63	0
1189.9	0
1190.17	0
1190.44	1
1190.71	0
1190.98	0
1191.25	1
1191.52	0
1191.79	1
1192.06	0
1192.33	0
1192.6	0
1192.87	0
1193.14	0
1193.4	0
1193.67	0
1193.94	0
1194.21	0
1194.48	0
1194.75	0
1195.02	0
1195.29	0
1195.56	0
1195.83	0
1196.1	0
1196.37	0
1196.64	1
1196.91	0
1197.17	0
1197.44	1
1197.71	0
1197.98	0
1198.25	0
1198.52	0
1198.79	0
1199.06	0
1199.33	0
1199.6	0
1199.87	0
1200.14	0
1200.41	0
1200.68	0
1200.94	0
1201.21	0
1201.48	0
1201.75	0
1202.02	0
1202.29	0
1202.56	0
1202.83	0
1203.1	0
1203.37	0
1203.64	0
1203.91	0
1204.18	0
1204.45	0
1204.72	0
1204.98	0
1205.25	0
1205.52	0
1205.79	0
1206.06	0
1206.33	0
1206.6	0
1206.87	0
1207.14	0
1207.41	0
1207.68	0
1207.95	0
1208.22	0
1208.49	0
1208.75	0
1209.02	0
1209.29	0
1209.56	0
1209.83	0
1210.1	0
1210.37	0
1210.64	0
1210.91	0
1211.18	0
1211.45	0
1211.72	0
1211.99	0
1212.26	0
1212.52	0
1212.79	0
1213.06	0
1213.33	0
1213.6	0
1213.87	0
1214.14	0
1214.41	0
1214.68	0
1214.95	0
1215.22	0
1215.49	0
1215.76	1
1216.03	0
1216.29	0
1216.56	0
1216.83	0
1217.1	0
1217.37	0
1217.64	0
1217.91	0
1218.18	0
1218.45	0
1218.72	0
1218.99	0
1219.26	0
1219.53	0
1219.8	0
1220.07	0
1220.33	0
1220.6	0
1220.87	0
1221.14	0
1221.41	0
1221.68	1
1221.95	0
1222.22	0
1222.49	0
1222.76	0
1223.03	0
1223.3	0
1223.57	0
1223.84	0
1224.1	0
1224.37	0
1224.64	0
1224.91	0
1225.18	0
1225.45	0
1225.72	0
1225.99	0
1226.26	1
1226.53	0
1226.8	0
1227.07	0
1227.34	0
1227.61	0
1227.87	0
1228.14	0
1228.41	0
1228.68	0
1228.95	0
1229.22	0
1229.49	0
1229.76	0
1230.03	0
1230.3	0
1230.57	0
1230.84	0
1231.11	1
1231.38	0
1231.64	0
1231.91	0
1232.18	0
1232.45	0
1232.72	1
1232.99	0
1233.26	0
1233.53	0
1233.8	0
1234.07	0
1234.34	0
1234.61	0
1234.88	0
1235.15	0
1235.42	0
1235.68	0
1235.95	0
1236.22	0
1236.49	0
1236.76	0
1237.03	0
1237.3	0
1237.57	1
1237.84	0
1238.11	0
1238.38	0
1238.65	0
1238.92	0
1239.19	0
1239.45	0
1239.72	0
1239.99	0
1240.26	0
1240.53	0
1240.8	0
1241.07	0
1241.34	1
1241.61	0
1241.88	0
1242.15	0
1242.42	0
1242.69	1
1242.96	0
1243.22	0
1243.49	0
1243.76	0
1244.03	0
1244.3	0
1244.57	0
1244.84	0
1245.11	0
1245.38	0
1245.65	0
1245.92	0
1246.19	0
1246.46	0
1246.73	0
1247	0
1247.26	0
1247.53	0
1247.8	0
1248.07	0
1248.34	0
1248.61	0
1248.88	0
1249.15	1
1249.42	0
1249.69	0
1249.96	0
1250.23	0
1250.5	0
1250.77	0
1251.03	0
1251.3	0
1251.57	0
1251.84	0
1252.11	0
1252.38	0
1252.65	0
1252.92	0
1253.19	0
1253.46	0
1253.73	0
1254	0
1254.27	0
1254.54	0
1254.8	0
1255.07	0
1255.34	1
1255.61	0
1255.88	0
1256.15	0
1256.42	0
1256.69	0
1256.96	0
1257.23	0
1257.5	0
1257.77	0
1258.04	0
1258.31	0
1258.57	1
1258.84	0
1259.11	0
1259.38	0
1259.65	0
1259.92	1
1260.19	0
1260.46	0
1260.73	1
1261	0
1261.27	0
1261.54	0
1261.81	0
1262.08	0
1262.35	0
1262.61	0
1262.88	0
1263.15	0
1263.42	0
1263.69	0
1263.96	0
1264.23	0
1264.5	0
1264.77	0
1265.04	0
1265.31	0
1265.58	0
1265.85	0
1266.12	0
1266.38	0
1266.65	0
1266.92	0
1267.19	0
1267.46	0
1267.73	0
1268	0
1268.27	0
1268.54	0
1268.81	0
1269.08	0
1269.35	0
1269.62	0
1269.89	0
1270.15	0
1270.42	0
1270.69	0
1270.96	0
1271.23	0
1271.5	0
1271.77	0
1272.04	0
1272.31	0
1272.58	0
1272.85	0
1273.12	0
1273.39	0
1273.66	0
1273.92	0
1274.19	0
1274.46	0
1274.73	0
1275	0
1275.27	0
1275.54	0
1275.81	0
1276.08	0
1276.35	0
1276.62	0
1276.89	0
1277.16	0
1277.43	0
1277.7	0
1277.96	0
1278.23	0
1278.5	0
1278.77	0
1279.04	0
1279.31	0
1279.58	0
1279.85	1
1280.12	1
1280.39	0
1280.66	0
1280.93	0
1281.2	0
1281.47	0
1281.73	0
1282	0
1282.27	0
1282.54	0
1282.81	0
1283.08	0
1283.35	0
1283.62	0
1283.89	0
1284.16	0
1284.43	0
1284.7	0
1284.97	0
1285.24	0
1285.5	0
1285.77	0
1286.04	0
1286.31	0
1286.58	1
1286.85	0
1287.12	0
1287.39	0
1287.66	0
1287.93	0
1288.2	0
1288.47	0
1288.74	0
1289.01	0
1289.27	0
1289.54	0
1289.81	0
1290.08	0
1290.35	0
1290.62	0
1290.89	0
1291.16	0
1291.43	0
1291.7	0
1291.97	0
1292.24	0
1292.51	0
1292.78	0
1293.05	0
1293.31	0
1293.58	0
1293.85	0
1294.12	0
1294.39	0
1294.66	0
1294.93	0
1295.2	1
1295.47	0
1295.74	0
1296.01	0
1296.28	0
1296.55	0
1296.82	0
1297.08	0
1297.35	0
1297.62	0
1297.89	0
1298.16	0
1298.43	0
1298.7	0
1298.97	1
1299.24	0
1299.51	0
1299.78	0
1300.05	0
1300.32	0
1300.59	0
1300.85	0
1301.12	0
1301.39	0
1301.66	0
1301.93	0
1302.2	0
1302.47	0
1302.74	0
1303.01	0
1303.28	0
1303.55	0
1303.82	0
1304.09	0
1304.36	1
1304.63	0
1304.89	0
1305.16	0
1305.43	0
1305.7	0
1305.97	0
1306.24	0
1306.51	0
1306.78	0
1307.05	1
1307.32	0
1307.59	0
1307.86	1
1308.13	0
1308.4	0
1308.66	0
1308.93	0
1309.2	0
1309.47	0
1309.74	0
1310.01	0
1310.28	0
1310.55	0
1310.82	0
1311.09	1
1311.36	0
1311.63	0
1311.9	0
1312.17	0
1312.43	0
1312.7	0
1312.97	0
1313.24	0
1313.51	0
1313.78	0
1314.05	0
1314.32	0
1314.59	0
1314.86	0
1315.13	1
1315.4	0
1315.67	0
1315.94	0
1316.2	0
1316.47	0
1316.74	0
1317.01	0
1317.28	0
1317.55	0
1317.82	0
1318.09	0
1318.36	0
1318.63	0
1318.9	0
1319.17	0
1319.44	0
1319.71	0
1319.98	0
1320.24	0
1320.51	0
1320.78	0
1321.05	0
1321.32	0
1321.59	0
1321.86	0
1322.13	0
1322.4	0
1322.67	0
1322.94	0
1323.21	0
1323.48	0
1323.75	0
1324.01	0
1324.28	1
1324.55	0
1324.82	0
1325.09	0
1325.36	0
1325.63	0
1325.9	0
1326.17	0
1326.44	0
1326.71	0
1326.98	0
1327.25	0
1327.52	0
1327.78	0
1328.05	0
1328.32	0
1328.59	0
1328.86	0
1329.13	0
1329.4	0
1329.67	0
1329.94	0
1330.21	0
1330.48	0
1330.75	0
1331.02	0
1331.29	0
1331.55	0
1331.82	0
1332.09	0
1332.36	0
1332.63	0
1332.9	0
1333.17	0
1333.44	0
1333.71	0
1333.98	0
1334.25	0
1334.52	0
1334.79	0
1335.06	0
1335.33	0
1335.59	0
1335.86	0
1336.13	0
1336.4	0
1336.67	0
1336.94	0
1337.21	0
1337.48	0
1337.75	0
1338.02	0
1338.29	0
1338.56	0
1338.83	0
1339.1	0
1339.36	0
1339.63	0
1339.9	0
1340.17	0
1340.44	0
1340.71	0
1340.98	1
1341.25	1
1341.52	0
1341.79	0
1342.06	0
1342.33	0
1342.6	0
1342.87	0
1343.13	0
1343.4	0
1343.67	0
1343.94	0
1344.21	0
1344.48	0
1344.75	0
1345.02	0
1345.29	0
1345.56	0
1345.83	0
1346.1	0
1346.37	0
1346.64	0
1346.9	0
1347.17	0
1347.44	0
1347.71	0
1347.98	0
1348.25	0
1348.52	0
1348.79	0
1349.06	0
1349.33	0
1349.6	0
1349.87	0
1350.14	0
1350.41	0
1350.68	0
1350.94	0
1351.21	0
1351.48	1
1351.75	0
1352.02	0
1352.29	0
1352.56	0
1352.83	0
1353.1	0
1353.37	0
1353.64	0
1353.91	0
1354.18	0
1354.45	0
1354.71	0
1354.98	0
1355.25	0
1355.52	0
1355.79	0
1356.06	0
1356.33	0
1356.6	0
1356.87	0
1357.14	0
1357.41	0
1357.68	0
1357.95	0
1358.22	0
1358.48	0
1358.75	0
1359.02	0
1359.29	0
1359.56	0
1359.83	0
1360.1	0
1360.37	0
1360.64	0
1360.91	0
1361.18	0
1361.45	0
1361.72	1
1361.99	0
1362.25	0
1362.52	0
1362.79	0
1363.06	0
1363.33	1
1363.6	0
1363.87	0
1364.14	0
1364.41	0
1364.68	1
1364.95	0
1365.22	0
1365.49	0
1365.76	1
1366.03	0
1366.29	0
1366.56	0
1366.83	1
1367.1	0
1367.37	0
1367.64	0
1367.91	0
1368.18	0
1368.45	0
1368.72	0
1368.99	0
1369.26	0
1369.53	0
1369.8	0
1370.06	0
1370.33	0
1370.6	0
1370.87	0
1371.14	0
1371.41	0
1371.68	0
1371.95	0
1372.22	0
1372.49	1
1372.76	0
1373.03	0
1373.3	0
1373.57	1
1373.83	0
1374.1	0
1374.37	0
1374.64	0
1374.91	0
1375.18	0
1375.45	0
1375.72	0
1375.99	0
1376.26	0
1376.53	0
1376.8	0
1377.07	0
1377.34	0
1377.61	0
1377.87	0
1378.14	0
1378.41	0
1378.68	0
1378.95	0
1379.22	0
1379.49	0
1379.76	0
1380.03	0
1380.3	0
1380.57	0
1380.84	0
1381.11	0
1381.38	1
1381.64	0
1381.91	0
1382.18	0
1382.45	0
1382.72	0
1382.99	0
1383.26	0
1383.53	0
1383.8	0
1384.07	0
1384.34	0
1384.61	0
1384.88	0
1385.15	0
1385.41	0
1385.68	0
1385.95	0
1386.22	1
1386.49	0
1386.76	0
1387.03	0
1387.3	0
1387.57	0
1387.84	0
1388.11	0
1388.38	1
1388.65	0
1388.92	0
1389.18	0
1389.45	0
1389.72	0
1389.99	0
1390.26	0
1390.53	0
1390.8	0
1391.07	0
1391.34	0
1391.61	0
1391.88	0
1392.15	0
1392.42	0
1392.69	0
1392.96	0
1393.22	0
1393.49	0
1393.76	0
1394.03	0
1394.3	0
1394.57	0
1394.84	0
1395.11	0
1395.38	0
1395.65	0
1395.92	0
1396.19	0
1396.46	0
1396.73	0
1396.99	0
1397.26	0
1397.53	0
1397.8	0
1398.07	0
1398.34	0
1398.61	1
1398.88	1
1399.15	0
1399.42	0
1399.69	0
1399.96	0
1400.23	1
1400.5	0
1400.76	1
1401.03	0
1401.3	1
1401.57	0
1401.84	0
1402.11	0
1402.38	0
1402.65	0
1402.92	0
1403.19	0
1403.46	0
1403.73	0
1404	0
1404.27	0
1404.53	0
1404.8	0
1405.07	0
1405.34	0
1405.61	0
1405.88	0
1406.15	0
1406.42	0
1406.69	0
1406.96	0
1407.23	0
1407.5	0
1407.77	0
1408.04	0
1408.31	0
1408.57	0
1408.84	0
1409.11	0
1409.38	0
1409.65	0
1409.92	0
1410.19	0
1410.46	0
1410.73	0
1411	0
1411.27	0
1411.54	0
1411.81	0
1412.08	0
1412.34	0
1412.61	0
1412.88	0
1413.15	0
1413.42	0
1413.69	0
1413.96	0
1414.23	0
1414.5	0
1414.77	0
1415.04	0
1415.31	0
1415.58	0
1415.85	0
1416.11	0
1416.38	0
1416.65	1
1416.92	0
1417.19	0
1417.46	0
1417.73	0
1418	0
1418.27	0
1418.54	0
1418.81	0
1419.08	0
1419.35	0
1419.62	0
1419.88	0
1420.15	0
1420.42	0
1420.69	0
1420.96	0
1421.23	0
1421.5	0
1421.77	0
1422.04	0
1422.31	1
1422.58	0
1422.85	0
1423.12	0
1423.39	0
1423.66	0
1423.92	0
1424.19	0
1424.46	0
1424.73	1
1425	0
1425.27	0
1425.54	0
1425.81	0
1426.08	0
1426.35	0
1426.62	0
1426.89	0
1427.16	0
1427.43	0
1427.69	0
1427.96	0
1428.23	1
1428.5	0
1428.77	0
1429.04	0
1429.31	0
1429.58	0
1429.85	0
1430.12	0
1430.39	1
1430.66	0
1430.93	0
1431.2	0
1431.46	0
1431.73	0
1432	0
1432.27	0
1432.54	0
1432.81	0
1433.08	0
1433.35	0
1433.62	0
1433.89	0
1434.16	0
1434.43	0
1434.7	0
1434.97	0
1435.24	0
1435.5	0
1435.77	0
1436.04	0
1436.31	0
1436.58	0
1436.85	0
1437.12	0
1437.39	0
1437.66	0
1437.93	0
1438.2	0
1438.47	0
1438.74	0
1439.01	0
1439.27	0
1439.54	0
1439.81	0
1440.08	0
1440.35	0
1440.62	0
1440.89	0
1441.16	0
1441.43	0
1441.7	0
1441.97	0
1442.24	0
1442.51	0
1442.78	0
1443.04	0
1443.31	0
1443.58	0
1443.85	0
1444.12	0
1444.39	0
1444.66	0
1444.93	0
1445.2	0
1445.47	0
1445.74	0
1446.01	0
1446.28	0
1446.55	0
1446.81	0
1447.08	0
1447.35	0
1447.62	0
1447.89	0
1448.16	0
1448.43	0
1448.7	0
1448.97	0
1449.24	0
1449.51	0
1449.78	0
1450.05	0
1450.32	0
1450.59	0
1450.85	0
1451.12	0
1451.39	0
1451.66	0
1451.93	0
1452.2	0
1452.47	0
1452.74	0
1453.01	0
1453.28	0
1453.55	0
1453.82	0
1454.09	0
1454.36	0
1454.62	0
1454.89	0
1455.16	0
1455.43	1
1455.7	0
1455.97	0
1456.24	0
1456.51	1
1456.78	0
1457.05	0
1457.32	0
1457.59	0
1457.86	0
1458.13	0
1458.39	0
1458.66	0
1458.93	0
1459.2	0
1459.47	0
1459.74	1
1460.01	0
1460.28	0
1460.55	0
1460.82	0
1461.09	0
1461.36	0
1461.63	0
1461.9	0
1462.16	0
1462.43	0
1462.7	0
1462.97	0
1463.24	0
1463.51	0
1463.78	0
1464.05	0
1464.32	0
1464.59	0
1464.86	0
1465.13	0
1465.4	0
1465.67	0
1465.94	0
1466.2	0
1466.47	0
1466.74	0
1467.01	0
1467.28	0
1467.55	0
1467.82	0
1468.09	0
1468.36	0
1468.63	0
1468.9	0
1469.17	0
1469.44	0
1469.71	0
1469.97	0
1470.24	0
1470.51	0
1470.78	0
1471.05	0
1471.32	0
1471.59	1
1471.86	0
1472.13	0
1472.4	0
1472.67	0
1472.94	0
1473.21	0
1473.48	1
1473.74	0
1474.01	0
1474.28	0
1474.55	0
1474.82	0
1475.09	1
1475.36	0
1475.63	0
1475.9	0
1476.17	0
1476.44	0
1476.71	0
1476.98	0
1477.25	0
1477.51	0
1477.78	0
1478.05	0
1478.32	0
1478.59	0
1478.86	0
1479.13	0
1479.4	0
1479.67	0
1479.94	0
1480.21	0
1480.48	0
1480.75	0
1481.02	0
1481.29	0
1481.55	0
1481.82	0
1482.09	0
1482.36	0
1482.63	0
1482.9	0
1483.17	0
1483.44	0
1483.71	0
1483.98	0
1484.25	0
1484.52	0
1484.79	0
1485.06	0
1485.32	0
1485.59	0
1485.86	0
1486.13	0
1486.4	0
1486.67	0
1486.94	0
1487.21	0
1487.48	0
1487.75	0
1488.02	0
1488.29	0
1488.56	0
1488.83	0
1489.09	0
1489.36	0
1489.63	0
1489.9	0
1490.17	0
1490.44	0
1490.71	0
1490.98	0
1491.25	0
1491.52	0
1491.79	0
1492.06	0
1492.33	0
1492.6	0
1492.87	0
1493.13	0
1493.4	0
1493.67	0
1493.94	0
1494.21	0
1494.48	0
1494.75	0
1495.02	0
1495.29	0
1495.56	0
1495.83	0
1496.1	0
1496.37	0
1496.64	0
1496.9	0
1497.17	0
1497.44	1
1497.71	0
1497.98	0
1498.25	0
1498.52	0
1498.79	0
1499.06	0
1499.33	0
1499.6	0
1499.87	0
1500.14	0
1500.41	0
1500.67	0
1500.94	0
1501.21	1
1501.48	0
1501.75	0
1502.02	0
1502.29	0
1502.56	0
1502.83	0
1503.1	0
1503.37	0
1503.64	0
1503.91	0
1504.18	0
1504.44	0
1504.71	0
1504.98	0
1505.25	0
1505.52	0
1505.79	0
1506.06	0
1506.33	0
1506.6	0
1506.87	0
1507.14	0
1507.41	0
1507.68	0
1507.95	0
1508.22	0
1508.48	0
1508.75	0
1509.02	0
1509.29	0
1509.56	0
1509.83	0
1510.1	0
1510.37	0
1510.64	0
1510.91	0
1511.18	0
1511.45	0
1511.72	0
1511.99	0
1512.25	0
1512.52	0
1512.79	0
1513.06	0
1513.33	0
1513.6	0
1513.87	0
1514.14	0
1514.41	0
1514.68	0
1514.95	1
1515.22	1
1515.49	0
1515.76	0
1516.02	0
1516.29	0
1516.56	0
1516.83	0
1517.1	0
1517.37	0
1517.64	0
1517.91	0
1518.18	0
1518.45	0
1518.72	0
1518.99	0
1519.26	0
1519.53	0
1519.79	0
1520.06	0
1520.33	0
1520.6	0
1520.87	0
1521.14	0
1521.41	0
1521.68	0
1521.95	0
1522.22	0
1522.49	0
1522.76	0
1523.03	0
1523.3	0
1523.57	0
1523.83	0
1524.1	0
1524.37	0
1524.64	0
1524.91	0
1525.18	0
1525.45	0
1525.72	0
1525.99	0
1526.26	0
1526.53	0
1526.8	0
1527.07	0
1527.34	0
1527.6	0
1527.87	0
1528.14	0
1528.41	0
1528.68	0
1528.95	0
1529.22	0
1529.49	0
1529.76	0
1530.03	0
1530.3	0
1530.57	0
1530.84	0
1531.11	0
1531.37	0
1531.64	0
1531.91	1
1532.18	0
1532.45	0
1532.72	0
1532.99	0
1533.26	0
1533.53	0
1533.8	0
1534.07	0
1534.34	0
1534.61	0
1534.88	0
1535.14	0
1535.41	0
1535.68	0
1535.95	0
1536.22	0
1536.49	1
1536.76	1
1537.03	0
1537.3	0
1537.57	0
1537.84	0
1538.11	0
1538.38	0
1538.65	0
1538.92	0
1539.18	0
1539.45	0
1539.72	0
1539.99	0
1540.26	0
1540.53	0
1540.8	0
1541.07	0
1541.34	0
1541.61	0
1541.88	0
1542.15	0
1542.42	0
1542.69	0
1542.95	0
1543.22	0
1543.49	0
1543.76	0
1544.03	0
1544.3	0
1544.57	0
1544.84	0
1545.11	0
1545.38	0
1545.65	0
1545.92	0
1546.19	0
1546.46	0
1546.72	0
1546.99	1
1547.26	0
1547.53	0
1547.8	0
1548.07	0
1548.34	0
1548.61	0
1548.88	0
1549.15	0
1549.42	0
1549.69	0
1549.96	0
1550.23	0
1550.49	0
1550.76	0
1551.03	0
1551.3	0
1551.57	0
1551.84	0
1552.11	0
1552.38	0
1552.65	0
1552.92	0
1553.19	0
1553.46	0
1553.73	0
1554	0
1554.27	0
1554.53	0
1554.8	0
1555.07	0
1555.34	0
1555.61	0
1555.88	0
1556.15	0
1556.42	0
1556.69	0
1556.96	1
1557.23	0
1557.5	0
1557.77	0
1558.04	0
1558.3	0
1558.57	0
1558.84	0
1559.11	0
1559.38	0
1559.65	0
1559.92	0
1560.19	0
1560.46	0
1560.73	0
1561	0
1561.27	0
1561.54	0
1561.81	0
1562.07	0
1562.34	0
1562.61	0
1562.88	0
1563.15	0
1563.42	0
1563.69	0
1563.96	0
1564.23	0
1564.5	0
1564.77	0
1565.04	0
1565.31	0
1565.58	0
1565.85	0
1566.11	0
1566.38	1
1566.65	0
1566.92	0
1567.19	0
1567.46	0
1567.73	0
1568	0
1568.27	0
1568.54	0
1568.81	0
1569.08	0
1569.35	0
1569.62	0
1569.88	0
1570.15	0
1570.42	0
1570.69	0
1570.96	0
1571.23	0
1571.5	0
1571.77	0
1572.04	0
1572.31	0
1572.58	0
1572.85	0
1573.12	0
1573.39	0
1573.65	0
1573.92	0
1574.19	1
1574.46	0
1574.73	0
1575	0
1575.27	0
1575.54	0
1575.81	0
1576.08	0
1576.35	0
1576.62	0
1576.89	0
1577.16	0
1577.42	0
1577.69	0
1577.96	0
1578.23	0
1578.5	0
1578.77	0
1579.04	0
1579.31	0
1579.58	0
1579.85	0
1580.12	0
1580.39	0
1580.66	0
1580.93	0
1581.2	0
1581.46	0
1581.73	0
1582	0
1582.27	1
1582.54	0
1582.81	0
1583.08	0
1583.35	0
1583.62	0
1583.89	0
1584.16	0
1584.43	0
1584.7	0
1584.97	0
1585.23	0
1585.5	0
1585.77	0
1586.04	0
1586.31	0
1586.58	0
1586.85	0
1587.12	0
1587.39	0
1587.66	0
1587.93	0
1588.2	0
1588.47	0
1588.74	0
1589	0
1589.27	0
1589.54	0
1589.81	0
1590.08	0
1590.35	0
1590.62	0
1590.89	0
1591.16	0
1591.43	0
1591.7	0
1591.97	0
1592.24	0
1592.51	0
1592.77	0
1593.04	0
1593.31	0
1593.58	0
1593.85	0
1594.12	0
1594.39	0
1594.66	0
1594.93	0
1595.2	0
1595.47	0
1595.74	0
1596.01	0
1596.28	0
1596.55	0
1596.81	0
1597.08	0
1597.35	0
1597.62	0
1597.89	0
1598.16	0
1598.43	0
1598.7	0
1598.97	0
1599.24	0
1599.51	0
1599.78	0
1600.05	0
1600.32	0
1600.58	0
1600.85	0
1601.12	0
1601.39	0
1601.66	0
1601.93	0
1602.2	0
1602.47	0
1602.74	0
1603.01	0
1603.28	0
1603.55	0
1603.82	0
1604.09	0
1604.35	1
1604.62	0
1604.89	0
1605.16	0
1605.43	0
1605.7	0
1605.97	0
1606.24	0
1606.51	0
1606.78	0
1607.05	0
1607.32	0
1607.59	0
1607.86	0
1608.12	0
1608.39	0
1608.66	0
1608.93	0
1609.2	0
1609.47	0
1609.74	0
1610.01	0
1610.28	0
1610.55	0
1610.82	0
1611.09	0
1611.36	0
1611.63	0
1611.9	0
1612.16	0
1612.43	0
1612.7	0
1612.97	0
1613.24	0
1613.51	0
1613.78	0
1614.05	0
1614.32	0
1614.59	0
1614.86	0
1615.13	0
1615.4	0
1615.67	0
1615.93	0
1616.2	0
1616.47	0
1616.74	0
1617.01	0
1617.28	0
1617.55	0
1617.82	0
1618.09	0
1618.36	0
1618.63	0
1618.9	0
1619.17	0
1619.44	0
1619.7	0
1619.97	0
1620.24	0
1620.51	0
1620.78	0
1621.05	0
1621.32	0
1621.59	0
1621.86	0
1622.13	0
1622.4	0
1622.67	0
1622.94	0
1623.21	0
1623.48	0
1623.74	0
1624.01	0
1624.28	0
1624.55	0
1624.82	0
1625.09	0
1625.36	0
1625.63	0
1625.9	0
1626.17	0
1626.44	0
1626.71	0
1626.98	0
1627.25	0
1627.51	0
1627.78	0
1628.05	0
1628.32	0
1628.59	0
1628.86	0
1629.13	0
1629.4	0
1629.67	0
1629.94	0
1630.21	0
1630.48	0
1630.75	0
1631.02	0
1631.28	0
1631.55	0
1631.82	0
1632.09	0
1632.36	0
1632.63	0
1632.9	0
1633.17	0
1633.44	0
1633.71	0
1633.98	0
1634.25	0
1634.52	0
1634.79	0
1635.05	0
1635.32	0
1635.59	0
1635.86	0
1636.13	0
1636.4	0
1636.67	0
1636.94	0
1637.21	0
1637.48	0
1637.75	0
1638.02	0
1638.29	0
1638.56	0
1638.83	0
1639.09	0
1639.36	0
1639.63	0
1639.9	0
1640.17	0
1640.44	0
1640.71	0
1640.98	1
1641.25	0
1641.52	0
1641.79	0
1642.06	0
1642.33	0
1642.6	0
1642.86	0
1643.13	0
1643.4	0
1643.67	0
1643.94	0
1644.21	0
1644.48	0
1644.75	0
1645.02	0
1645.29	0
1645.56	0
1645.83	0
1646.1	0
1646.37	0
1646.63	0
1646.9	0
1647.17	0
1647.44	0
1647.71	0
1647.98	0
1648.25	0
1648.52	0
1648.79	0
1649.06	0
1649.33	0
1649.6	0
1649.87	0
1650.14	0
1650.4	0
1650.67	0
1650.94	0
1651.21	0
1651.48	0
1651.75	0
1652.02	0
1652.29	0
1652.56	0
1652.83	0
1653.1	0
1653.37	0
1653.64	0
1653.91	0
1654.18	0
1654.44	0
1654.71	0
1654.98	0
1655.25	0
1655.52	0
1655.79	0
1656.06	0
1656.33	0
1656.6	0
1656.87	0
1657.14	0
1657.41	0
1657.68	0
1657.95	0
1658.21	0
1658.48	0
1658.75	0
1659.02	0
1659.29	0
1659.56	0
1659.83	0
1660.1	0
1660.37	0
1660.64	0
1660.91	1
1661.18	0
1661.45	0
1661.72	0
1661.98	0
1662.25	0
1662.52	0
1662.79	0
1663.06	0
1663.33	0
1663.6	0
1663.87	0
1664.14	0
1664.41	0
1664.68	0
1664.95	0
1665.22	0
1665.49	0
1665.75	0
1666.02	0
1666.29	0
1666.56	0
1666.83	0
1667.1	1
1667.37	0
1667.64	0
1667.91	0
1668.18	0
1668.45	0
1668.72	0
1668.99	0
1669.26	0
1669.53	0
1669.79	0
1670.06	0
1670.33	0
1670.6	0
1670.87	0
1671.14	0
1671.41	0
1671.68	0
1671.95	0
1672.22	0
1672.49	0
1672.76	0
1673.03	0
1673.3	0
1673.56	0
1673.83	0
1674.1	0
1674.37	0
1674.64	0
1674.91	0
1675.18	0
1675.45	0
1675.72	0
1675.99	0
1676.26	0
1676.53	0
1676.8	0
1677.07	0
1677.33	0
1677.6	0
1677.87	0
1678.14	0
1678.41	0
1678.68	0
1678.95	0
1679.22	0
1679.49	0
1679.76	0
1680.03	0
1680.3	0
1680.57	0
1680.84	0
1681.11	0
1681.37	0
1681.64	0
1681.91	0
1682.18	0
1682.45	0
1682.72	0
1682.99	0
1683.26	0
1683.53	0
1683.8	0
1684.07	0
1684.34	0
1684.61	1
1684.88	0
1685.14	1
1685.41	0
1685.68	0
1685.95	0
1686.22	0
1686.49	0
1686.76	0
1687.03	0
1687.3	0
1687.57	0
1687.84	0
1688.11	0
1688.38	0
1688.65	0
1688.91	0
1689.18	0
1689.45	0
1689.72	0
1689.99	0
1690.26	0
1690.53	0
1690.8	0
1691.07	0
1691.34	0
1691.61	0
1691.88	1
1692.15	0
1692.42	0
1692.68	0
1692.95	0
1693.22	0
1693.49	0
1693.76	0
1694.03	0
1694.3	0
1694.57	0
1694.84	0
1695.11	0
1695.38	0
1695.65	0
1695.92	0
1696.19	0
1696.46	0
1696.72	0
1696.99	0
1697.26	0
1697.53	0
1697.8	0
1698.07	0
1698.34	0
1698.61	0
1698.88	0
1699.15	0
1699.42	0
1699.69	1
1699.96	0
1700.23	0
1700.49	0
1700.76	0
1701.03	0
1701.3	0
1701.57	0
1701.84	0
1702.11	0
1702.38	0
1702.65	0
1702.92	0
1703.19	0
1703.46	0
1703.73	0
1704	0
1704.26	0
1704.53	0
1704.8	0
1705.07	0
1705.34	0
1705.61	0
1705.88	0
1706.15	0
1706.42	0
1706.69	0
1706.96	0
1707.23	0
1707.5	0
1707.77	0
1708.03	0
1708.3	0
1708.57	0
1708.84	0
1709.11	0
1709.38	0
1709.65	0
1709.92	0
1710.19	0
1710.46	0
1710.73	1
1711	0
1711.27	0
1711.54	0
1711.81	0
1712.07	0
1712.34	0
1712.61	0
1712.88	0
1713.15	0
1713.42	0
1713.69	0
1713.96	0
1714.23	0
1714.5	0
1714.77	0
1715.04	0
1715.31	0
1715.58	0
1715.84	0
1716.11	0
1716.38	1
1716.65	0
1716.92	0
1717.19	0
1717.46	0
1717.73	0
1718	0
1718.27	0
1718.54	0
1718.81	0
1719.08	0
1719.35	0
1719.61	0
1719.88	0
1720.15	1
1720.42	0
1720.69	0
1720.96	0
1721.23	0
1721.5	0
1721.77	0
1722.04	0
1722.31	0
1722.58	0
1722.85	0
1723.12	0
1723.38	0
1723.65	0
1723.92	0
1724.19	0
1724.46	0
1724.73	1
1725	0
1725.27	0
1725.54	0
1725.81	0
1726.08	0
1726.35	0
1726.62	0
1726.89	1
1727.16	0
1727.42	0
1727.69	0
1727.96	0
1728.23	0
1728.5	0
1728.77	0
1729.04	0
1729.31	0
1729.58	0
1729.85	1
1730.12	0
1730.39	0
1730.66	0
1730.93	0
1731.19	0
1731.46	0
1731.73	0
1732	0
1732.27	0
1732.54	0
1732.81	0
1733.08	0
1733.35	0
1733.62	1
1733.89	0
1734.16	0
1734.43	0
1734.7	0
1734.96	0
1735.23	0
1735.5	0
1735.77	0
1736.04	0
1736.31	0
1736.58	0
1736.85	0
1737.12	0
1737.39	0
1737.66	0
1737.93	0
1738.2	0
1738.47	1
1738.73	0
1739	0
1739.27	1
1739.54	0
1739.81	0
1740.08	0
1740.35	0
1740.62	0
1740.89	0
1741.16	0
1741.43	0
1741.7	0
1741.97	0
1742.24	0
1742.51	0
1742.77	0
1743.04	0
1743.31	0
1743.58	0
1743.85	0
1744.12	0
1744.39	0
1744.66	1
1744.93	0
1745.2	0
1745.47	0
1745.74	0
1746.01	0
1746.28	0
1746.54	0
1746.81	0
1747.08	0
1747.35	0
1747.62	0
1747.89	0
1748.16	0
1748.43	0
1748.7	0
1748.97	0
1749.24	0
1749.51	0
1749.78	0
1750.05	0
1750.31	0
1750.58	0
1750.85	0
1751.12	0
1751.39	0
1751.66	0
1751.93	0
1752.2	0
1752.47	0
1752.74	0
1753.01	0
1753.28	0
1753.55	0
1753.82	0
1754.09	0
1754.35	0
1754.62	0
1754.89	0
1755.16	0
1755.43	0
1755.7	0
1755.97	0
1756.24	0
1756.51	0
1756.78	0
1757.05	0
1757.32	0
1757.59	0
1757.86	0
1758.12	1
1758.39	0
1758.66	0
1758.93	0
1759.2	0
1759.47	0
1759.74	0
1760.01	0
1760.28	0
1760.55	0
1760.82	0
1761.09	0
1761.36	0
1761.63	0
1761.89	0
1762.16	0
1762.43	0
1762.7	0
1762.97	0
1763.24	0
1763.51	0
1763.78	0
1764.05	0
1764.32	0
1764.59	0
1764.86	0
1765.13	0
1765.4	0
1765.66	0
1765.93	0
1766.2	0
1766.47	0
1766.74	0
1767.01	0
1767.28	1
1767.55	0
1767.82	0
1768.09	0
1768.36	0
1768.63	0
1768.9	0
1769.17	0
1769.44	0
1769.7	0
1769.97	0
1770.24	1
1770.51	0
1770.78	0
1771.05	0
1771.32	0
1771.59	0
1771.86	0
1772.13	0
1772.4	0
1772.67	0
1772.94	1
1773.21	0
1773.47	0
1773.74	0
1774.01	0
1774.28	0
1774.55	0
1774.82	0
1775.09	0
1775.36	0
1775.63	0
1775.9	0
1776.17	0
1776.44	0
1776.71	0
1776.98	0
1777.24	0
1777.51	0
1777.78	0
1778.05	0
1778.32	0
1778.59	0
1778.86	0
1779.13	0
1779.4	0
1779.67	0
1779.94	0
1780.21	0
1780.48	0
1780.75	0
1781.01	0
1781.28	0
1781.55	0
1781.82	0
1782.09	0
1782.36	0
1782.63	0
1782.9	0
1783.17	0
1783.44	0
1783.71	0
1783.98	0
1784.25	0
1784.52	0
1784.79	0
1785.05	0
1785.32	0
1785.59	0
1785.86	0
1786.13	0
1786.4	0
1786.67	0
1786.94	0
1787.21	0
1787.48	0
1787.75	0
1788.02	0
1788.29	0
1788.56	0
1788.82	0
1789.09	0
1789.36	0
1789.63	0
1789.9	0
1790.17	0
1790.44	0
1790.71	0
1790.98	0
1791.25	0
1791.52	0
1791.79	0
1792.06	0
1792.33	0
1792.59	0
1792.86	0
1793.13	0
1793.4	0
1793.67	0
1793.94	0
1794.21	0
1794.48	0
1794.75	0
1795.02	0
1795.29	0
1795.56	0
1795.83	0
1796.1	0
1796.36	0
1796.63	1
1796.9	0
1797.17	0
1797.44	0
1797.71	0
1797.98	0
1798.25	0
1798.52	0
1798.79	0
1799.06	0
1799.33	0
1799.6	0
1799.87	0
1800.14	0
1800.4	0
1800.67	0
1800.94	0
1801.21	0
1801.48	0
1801.75	0
1802.02	0
1802.29	0
1802.56	0
1802.83	0
1803.1	0
1803.37	0
1803.64	0
1803.91	0
1804.17	0
1804.44	0
1804.71	0
1804.98	0
1805.25	0
1805.52	0
1805.79	0
1806.06	0
1806.33	0
1806.6	0
1806.87	0
1807.14	0
1807.41	0
1807.68	0
1807.94	0
1808.21	0
1808.48	0
1808.75	0
1809.02	0
1809.29	0
1809.56	0
1809.83	0
1810.1	0
1810.37	0
1810.64	0
1810.91	0
1811.18	0
1811.45	0
1811.72	0
1811.98	0
1812.25	0
1812.52	0
1812.79	0
1813.06	0
1813.33	0
1813.6	0
1813.87	0
1814.14	1
1814.41	0
1814.68	0
1814.95	0
1815.22	0
1815.49	0
1815.75	0
1816.02	0
1816.29	0
1816.56	0
1816.83	0
1817.1	0
1817.37	0
1817.64	0
1817.91	0
1818.18	0
1818.45	0
1818.72	0
1818.99	0
1819.26	0
1819.52	0
1819.79	0
1820.06	1
1820.33	0
1820.6	0
1820.87	0
1821.14	0
1821.41	0
1821.68	0
1821.95	0
1822.22	0
1822.49	0
1822.76	0
1823.03	0
1823.29	0
1823.56	0
1823.83	0
1824.1	0
1824.37	0
1824.64	0
1824.91	0
1825.18	0
1825.45	0
1825.72	0
1825.99	0
1826.26	0
1826.53	0
1826.8	0
1827.07	0
1827.33	0
1827.6	0
1827.87	0
1828.14	0
1828.41	0
1828.68	0
1828.95	0
1829.22	0
1829.49	0
1829.76	0
1830.03	0
1830.3	0
1830.57	0
1830.84	0
1831.1	0
1831.37	0
1831.64	0
1831.91	0
1832.18	0
1832.45	0
1832.72	0
1832.99	0
1833.26	0
1833.53	0
1833.8	0
1834.07	0
1834.34	0
1834.61	0
1834.87	0
1835.14	0
1835.41	0
1835.68	0
1835.95	0
1836.22	0
1836.49	0
1836.76	0
1837.03	0
1837.3	0
1837.57	0
1837.84	0
1838.11	0
1838.38	0
1838.64	0
1838.91	0
1839.18	0
1839.45	0
1839.72	0
1839.99	0
1840.26	0
1840.53	0
1840.8	0
1841.07	0
1841.34	0
1841.61	0
1841.88	0
1842.15	1
1842.42	0
1842.68	0
1842.95	0
1843.22	0
1843.49	0
1843.76	0
1844.03	0
1844.3	0
1844.57	0
1844.84	0
1845.11	0
1845.38	0
1845.65	0
1845.92	0
1846.19	1
1846.45	0
1846.72	0
1846.99	0
1847.26	0
1847.53	0
1847.8	0
1848.07	1
1848.34	0
1848.61	0
1848.88	0
1849.15	0
1849.42	0
1849.69	0
1849.96	0
1850.22	0
1850.49	0
1850.76	0
1851.03	0
1851.3	0
1851.57	0
1851.84	0
1852.11	0
1852.38	0
1852.65	0
1852.92	1
1853.19	0
1853.46	0
1853.73	0
1853.99	0
1854.26	0
1854.53	0
1854.8	0
1855.07	0
1855.34	0
1855.61	0
1855.88	0
1856.15	0
1856.42	0
1856.69	0
1856.96	0
1857.23	0
1857.5	0
1857.77	0
1858.03	0
1858.3	0
1858.57	0
1858.84	0
1859.11	0
1859.38	0
1859.65	0
1859.92	0
1860.19	0
1860.46	0
1860.73	0
1861	0
1861.27	0
1861.54	0
1861.8	0
1862.07	0
1862.34	0
1862.61	0
1862.88	0
1863.15	0
1863.42	0
1863.69	0
1863.96	0
1864.23	0
1864.5	0
1864.77	0
1865.04	0
1865.31	0
1865.57	0
1865.84	0
1866.11	0
1866.38	0
1866.65	0
1866.92	0
1867.19	0
1867.46	0
1867.73	0
1868	0
1868.27	0
1868.54	0
1868.81	0
1869.08	0
1869.35	0
1869.61	0
1869.88	0
1870.15	0
1870.42	0
1870.69	0
1870.96	0
1871.23	0
1871.5	0
1871.77	0
1872.04	0
1872.31	0
1872.58	0
1872.85	0
1873.12	0
1873.38	0
1873.65	0
1873.92	0
1874.19	0
1874.46	0
1874.73	0
1875	0
1875.27	0
1875.54	0
1875.81	1
1876.08	0
1876.35	0
1876.62	0
1876.89	0
1877.15	0
1877.42	0
1877.69	0
1877.96	0
1878.23	0
1878.5	0
1878.77	0
1879.04	1
1879.31	0
1879.58	0
1879.85	0
1880.12	0
1880.39	0
1880.66	0
1880.92	0
1881.19	0
1881.46	0
1881.73	0
1882	0
1882.27	0
1882.54	0
1882.81	0
1883.08	0
1883.35	0
1883.62	0
1883.89	0
1884.16	0
1884.43	0
1884.7	0
1884.96	0
1885.23	0
1885.5	0
1885.77	0
1886.04	1
1886.31	0
1886.58	0
1886.85	0
1887.12	0
1887.39	0
1887.66	0
1887.93	0
1888.2	0
1888.47	0
1888.73	0
1889	0
1889.27	0
1889.54	0
1889.81	0
1890.08	0
1890.35	0
1890.62	0
1890.89	0
1891.16	0
1891.43	0
1891.7	0
1891.97	0
1892.24	0
1892.5	0
1892.77	0
1893.04	0
1893.31	0
1893.58	0
1893.85	0
1894.12	0
1894.39	0
1894.66	0
1894.93	0
1895.2	0
1895.47	0
1895.74	0
1896.01	0
1896.27	0
1896.54	0
1896.81	0
1897.08	0
1897.35	0
1897.62	0
1897.89	0
1898.16	0
1898.43	0
1898.7	0
1898.97	0
1899.24	0
1899.51	0
1899.78	0
1900.05	0
1900.31	0
1900.58	0
1900.85	0
1901.12	0
1901.39	0
1901.66	0
1901.93	0
1902.2	0
1902.47	0
1902.74	0
1903.01	0
1903.28	0
1903.55	0
1903.82	0
1904.08	0
1904.35	0
1904.62	0
1904.89	0
1905.16	0
1905.43	0
1905.7	0
1905.97	0
1906.24	0
1906.51	0
1906.78	0
1907.05	0
1907.32	0
1907.59	0
1907.85	0
1908.12	0
1908.39	0
1908.66	0
1908.93	0
1909.2	0
1909.47	0
1909.74	0
1910.01	0
1910.28	0
1910.55	0
1910.82	1
1911.09	0
1911.36	0
1911.62	0
1911.89	0
1912.16	0
1912.43	0
1912.7	0
1912.97	0
1913.24	0
1913.51	0
1913.78	0
1914.05	0
1914.32	0
1914.59	0
1914.86	0
1915.13	0
1915.4	0
1915.66	0
1915.93	0
1916.2	0
1916.47	0
1916.74	0
1917.01	0
1917.28	1
1917.55	0
1917.82	0
1918.09	0
1918.36	0
1918.63	0
1918.9	0
1919.17	0
1919.43	0
1919.7	0
1919.97	0
1920.24	0
1920.51	0
1920.78	0
1921.05	0
1921.32	0
1921.59	0
1921.86	0
1922.13	0
1922.4	0
1922.67	0
1922.94	0
1923.2	0
1923.47	0
1923.74	0
1924.01	0
1924.28	0
1924.55	0
1924.82	0
1925.09	0
1925.36	0
1925.63	0
1925.9	0
1926.17	0
1926.44	0
1926.71	0
1926.97	0
1927.24	0
1927.51	0
1927.78	0
1928.05	0
1928.32	0
1928.59	0
1928.86	0
1929.13	0
1929.4	0
1929.67	1
1929.94	0
1930.21	0
1930.48	0
1930.75	0
1931.01	0
1931.28	0
1931.55	0
1931.82	0
1932.09	1
1932.36	0
1932.63	0
1932.9	0
1933.17	0
1933.44	0
1933.71	0
1933.98	0
1934.25	0
1934.52	0
1934.78	0
1935.05	0
1935.32	0
1935.59	0
1935.86	0
1936.13	0
1936.4	0
1936.67	0
1936.94	0
1937.21	0
1937.48	0
1937.75	0
1938.02	0
1938.29	0
1938.55	0
1938.82	0
1939.09	0
1939.36	0
1939.63	0
1939.9	0
1940.17	0
1940.44	0
1940.71	0
1940.98	0
1941.25	0
1941.52	0
1941.79	0
1942.06	0
1942.33	0
1942.59	0
1942.86	0
1943.13	0
1943.4	0
1943.67	0
1943.94	0
1944.21	0
1944.48	0
1944.75	0
1945.02	0
1945.29	0
1945.56	0
1945.83	0
1946.1	0
1946.36	0
1946.63	0
1946.9	0
1947.17	0
1947.44	0
1947.71	0
1947.98	0
1948.25	0
1948.52	0
1948.79	0
1949.06	0
1949.33	0
1949.6	0
1949.87	0
1950.13	0
1950.4	0
1950.67	0
1950.94	0
1951.21	0
1951.48	0
1951.75	0
1952.02	0
1952.29	0
1952.56	0
1952.83	0
1953.1	0
1953.37	0
1953.64	0
1953.9	0
1954.17	0
1954.44	0
1954.71	0
1954.98	0
1955.25	0
1955.52	0
1955.79	0
1956.06	0
1956.33	0
1956.6	0
1956.87	0
1957.14	0
1957.41	0
1957.68	0
1957.94	0
1958.21	0
1958.48	0
1958.75	0
1959.02	0
1959.29	0
1959.56	0
1959.83	0
1960.1	0
1960.37	0
1960.64	0
1960.91	0
1961.18	0
1961.45	0
1961.71	0
1961.98	0
1962.25	0
1962.52	0
1962.79	0
1963.06	0
1963.33	0
1963.6	0
1963.87	0
1964.14	0
1964.41	0
1964.68	0
1964.95	0
1965.22	0
1965.48	0
1965.75	0
1966.02	0
1966.29	0
1966.56	0
1966.83	0
1967.1	0
1967.37	0
1967.64	0
1967.91	0
1968.18	0
1968.45	0
1968.72	0
1968.99	0
1969.25	0
1969.52	0
1969.79	0
1970.06	0
1970.33	0
1970.6	0
1970.87	0
1971.14	0
1971.41	0
1971.68	0
1971.95	0
1972.22	0
1972.49	0
1972.76	0
1973.03	0
1973.29	0
1973.56	0
1973.83	0
1974.1	0
1974.37	0
1974.64	0
1974.91	0
1975.18	0
1975.45	0
1975.72	0
1975.99	0
1976.26	0
1976.53	0
1976.8	0
1977.06	0
1977.33	0
1977.6	0
1977.87	0
1978.14	0
1978.41	0
1978.68	0
1978.95	0
1979.22	0
1979.49	0
1979.76	0
1980.03	0
1980.3	0
1980.57	0
1980.83	0
1981.1	0
1981.37	0
1981.64	0
1981.91	0
1982.18	0
1982.45	0
1982.72	0
1982.99	0
1983.26	0
1983.53	0
1983.8	0
1984.07	0
1984.34	0
1984.6	0
1984.87	0
1985.14	0
1985.41	0
1985.68	0
1985.95	0
1986.22	0
1986.49	0
1986.76	0
1987.03	0
1987.3	0
1987.57	0
1987.84	0
1988.11	0
1988.38	0
1988.64	0
1988.91	0
1989.18	0
1989.45	0
1989.72	0
1989.99	0
1990.26	0
1990.53	0
1990.8	1
1991.07	0
1991.34	0
1991.61	0
1991.88	0
1992.15	0
1992.41	0
1992.68	0
1992.95	0
1993.22	0
1993.49	0
1993.76	0
1994.03	0
1994.3	0
1994.57	0
1994.84	0
1995.11	0
1995.38	0
1995.65	0
1995.92	0
1996.18	0
1996.45	0
1996.72	0
1996.99	0
1997.26	0
1997.53	0
1997.8	0
1998.07	0
1998.34	0
1998.61	0
1998.88	0
1999.15	0
1999.42	0
1999.69	0
1999.96	0
2000.22	0
2000.49	0
2000.76	0
2001.03	0
2001.3	0
2001.57	0
2001.84	0
2002.11	0
2002.38	0
2002.65	0
2002.92	0
2003.19	0
2003.46	0
2003.73	0
2003.99	0
2004.26	0
2004.53	0
2004.8	0
2005.07	0
2005.34	0
2005.61	0
2005.88	0
2006.15	0
2006.42	0
2006.69	0
2006.96	0
2007.23	0
2007.5	0
2007.76	0
2008.03	0
2008.3	0
2008.57	0
2008.84	0
2009.11	0
2009.38	0
2009.65	0
2009.92	0
2010.19	0
2010.46	0
2010.73	0
2011	0
2011.27	0
2011.53	0
2011.8	0
2012.07	0
2012.34	0
2012.61	0
2012.88	0
2013.15	0
2013.42	0
2013.69	0
2013.96	0
2014.23	0
2014.5	0
2014.77	0
2015.04	0
2015.31	0
2015.57	0
2015.84	0
2016.11	0
2016.38	0
2016.65	0
2016.92	0
2017.19	0
2017.46	0
2017.73	0
2018	0
2018.27	0
2018.54	0
2018.81	0
2019.08	0
2019.34	0
2019.61	0
2019.88	0
2020.15	0
2020.42	0
2020.69	0
2020.96	0
2021.23	0
2021.5	0
2021.77	0
2022.04	0
2022.31	0
2022.58	0
2022.85	0
2023.11	0
2023.38	0
2023.65	0
2023.92	0
2024.19	0
2024.46	0
2024.73	0
2025	0
2025.27	0
2025.54	1
2025.81	0
2026.08	0
2026.35	0
2026.62	0
2026.88	0
2027.15	0
2027.42	0
2027.69	0
2027.96	0
2028.23	0
2028.5	0
2028.77	0
2029.04	0
2029.31	0
2029.58	0
2029.85	0
2030.12	0
2030.39	0
2030.66	0
2030.92	0
2031.19	0
2031.46	0
2031.73	0
2032	0
2032.27	0
2032.54	0
2032.81	0
2033.08	0
2033.35	0
2033.62	0
2033.89	0
2034.16	0
2034.43	0
2034.69	0
2034.96	0
2035.23	0
2035.5	0
2035.77	0
2036.04	0
2036.31	0
2036.58	0
2036.85	0
2037.12	0
2037.39	0
2037.66	0
2037.93	0
2038.2	0
2038.46	0
2038.73	0
2039	1
2039.27	0
2039.54	0
2039.81	0
2040.08	0
2040.35	0
2040.62	0
2040.89	0
2041.16	0
2041.43	0
2041.7	0
2041.97	0
2042.23	0
2042.5	0
2042.77	0
2043.04	0
2043.31	0
2043.58	0
2043.85	0
2044.12	0
2044.39	0
2044.66	0
2044.93	0
2045.2	0
2045.47	0
2045.74	0
2046.01	0
2046.27	0
2046.54	0
2046.81	1
2047.08	0
2047.35	0
2047.62	0
2047.89	0
2048.16	0
2048.43	0
2048.7	0
2048.97	0
2049.24	0
2049.51	0
2049.78	0
2050.04	0
2050.31	0
2050.58	0
2050.85	0
2051.12	0
2051.39	0
2051.66	0
2051.93	0
2052.2	0
2052.47	0
2052.74	0
2053.01	0
2053.28	0
2053.55	0
2053.81	0
2054.08	0
2054.35	0
2054.62	0
2054.89	0
2055.16	0
2055.43	0
2055.7	0
2055.97	0
2056.24	0
2056.51	0
2056.78	0
2057.05	0
2057.32	0
2057.59	0
2057.85	0
2058.12	0
2058.39	0
2058.66	0
2058.93	0
2059.2	0
2059.47	0
2059.74	0
2060.01	0
2060.28	0
2060.55	0
2060.82	0
2061.09	0
2061.36	0
2061.62	0
2061.89	0
2062.16	0
2062.43	0
2062.7	0
2062.97	0
2063.24	0
2063.51	0
2063.78	0
2064.05	0
2064.32	0
2064.59	0
2064.86	0
2065.13	0
2065.39	0
2065.66	0
2065.93	0
2066.2	0
2066.47	0
2066.74	0
2067.01	0
2067.28	0
2067.55	0
2067.82	0
2068.09	0
2068.36	0
2068.63	0
2068.9	0
2069.16	0
2069.43	0
2069.7	0
2069.97	0
2070.24	0
2070.51	0
2070.78	0
2071.05	0
2071.32	0
2071.59	0
2071.86	0
2072.13	0
2072.4	0
2072.67	0
2072.94	0
2073.2	0
2073.47	0
2073.74	0
2074.01	0
2074.28	0
2074.55	0
2074.82	0
2075.09	0
2075.36	0
2075.63	0
2075.9	0
2076.17	0
2076.44	0
2076.71	0
2076.97	0
2077.24	0
2077.51	0
2077.78	0
2078.05	0
2078.32	0
2078.59	0
2078.86	0
2079.13	0
2079.4	0
2079.67	0
2079.94	0
2080.21	0
2080.48	0
2080.74	0
2081.01	0
2081.28	0
2081.55	0
2081.82	0
2082.09	0
2082.36	0
2082.63	0
2082.9	0
2083.17	0
2083.44	0
2083.71	0
2083.98	0
2084.25	0
2084.51	0
2084.78	0
2085.05	0
2085.32	0
2085.59	0
2085.86	0
2086.13	0
2086.4	0
2086.67	0
2086.94	0
2087.21	0
2087.48	0
2087.75	0
2088.02	0
2088.29	0
2088.55	0
2088.82	0
2089.09	0
2089.36	0
2089.63	0
2089.9	0
2090.17	0
2090.44	0
2090.71	0
2090.98	0
2091.25	0
2091.52	0
2091.79	0
2092.06	0
2092.32	0
2092.59	0
2092.86	0
2093.13	0
2093.4	0
2093.67	0
2093.94	0
2094.21	0
2094.48	0
2094.75	0
2095.02	0
2095.29	0
2095.56	0
2095.83	0
2096.09	0
2096.36	0
2096.63	0
2096.9	0
2097.17	0
2097.44	0
2097.71	0
2097.98	0
2098.25	0
2098.52	0
2098.79	0
2099.06	0
2099.33	0
2099.6	0
2099.86	0
2100.13	0
2100.4	0
2100.67	0
2100.94	0
2101.21	0
2101.48	0
2101.75	0
2102.02	0
2102.29	0
2102.56	0
2102.83	0
2103.1	0
2103.37	0
2103.64	0
2103.9	0
2104.17	0
2104.44	0
2104.71	0
2104.98	0
2105.25	0
2105.52	0
2105.79	0
2106.06	0
2106.33	0
2106.6	0
2106.87	0
2107.14	0
2107.41	0
2107.67	0
2107.94	0
2108.21	0
2108.48	0
2108.75	0
2109.02	0
2109.29	0
2109.56	0
2109.83	0
2110.1	0
2110.37	0
2110.64	0
2110.91	0
2111.18	0
2111.44	0
2111.71	0
2111.98	0
2112.25	0
2112.52	0
2112.79	0
2113.06	0
2113.33	0
2113.6	0
2113.87	0
2114.14	0
2114.41	0
2114.68	0
2114.95	0
2115.21	0
2115.48	0
2115.75	0
2116.02	0
2116.29	0
2116.56	0
2116.83	0
2117.1	0
2117.37	0
2117.64	0
2117.91	0
2118.18	0
2118.45	0
2118.72	0
2118.99	0
2119.25	0
2119.52	0
2119.79	0
2120.06	0
2120.33	0
2120.6	0
2120.87	0
2121.14	0
2121.41	0
2121.68	0
2121.95	0
2122.22	0
2122.49	0
2122.76	0
2123.02	0
2123.29	0
2123.56	0
2123.83	0
2124.1	0
2124.37	0
2124.64	0
2124.91	0
2125.18	0
2125.45	0
2125.72	0
2125.99	0
2126.26	0
2126.53	0
2126.79	0
2127.06	0
2127.33	0
2127.6	0
2127.87	0
2128.14	0
2128.41	0
2128.68	0
2128.95	0
2129.22	0
2129.49	0
2129.76	0
2130.03	0
2130.3	0
2130.57	0
2130.83	0
2131.1	0
2131.37	0
2131.64	0
2131.91	0
2132.18	0
2132.45	0
2132.72	0
2132.99	0
2133.26	0
2133.53	0
2133.8	0
2134.07	0
2134.34	0
2134.6	0
2134.87	0
2135.14	0
2135.41	0
2135.68	0
2135.95	0
2136.22	0
2136.49	0
2136.76	0
2137.03	0
2137.3	0
2137.57	0
2137.84	0
2138.11	0
2138.37	0
2138.64	0
2138.91	0
2139.18	0
2139.45	0
2139.72	0
2139.99	0
2140.26	0
2140.53	0
2140.8	0
2141.07	0
2141.34	0
2141.61	0
2141.88	0
2142.14	0
2142.41	0
2142.68	0
2142.95	0
2143.22	0
2143.49	0
2143.76	0
2144.03	0
2144.3	0
2144.57	0
2144.84	0
2145.11	0
2145.38	0
2145.65	0
2145.92	0
2146.18	0
2146.45	0
2146.72	0
2146.99	0
2147.26	0
2147.53	0
2147.8	0
2148.07	0
2148.34	0
2148.61	0
2148.88	0
2149.15	0
2149.42	0
2149.69	0
2149.95	0
2150.22	0
2150.49	0
2150.76	0
2151.03	0
2151.3	0
2151.57	0
2151.84	0
2152.11	0
2152.38	0
2152.65	0
2152.92	0
2153.19	0
2153.46	0
2153.72	0
2153.99	0
2154.26	0
2154.53	0
2154.8	0
2155.07	0
2155.34	0
2155.61	0
2155.88	0
2156.15	0
2156.42	0
2156.69	0
2156.96	0
2157.23	0
2157.49	0
2157.76	0
2158.03	0
2158.3	0
2158.57	0
2158.84	0
2159.11	0
2159.38	0
2159.65	0
2159.92	0
2160.19	0
2160.46	0
2160.73	0
2161	0
2161.27	0
2161.53	0
2161.8	0
2162.07	0
2162.34	0
2162.61	0
2162.88	0
2163.15	0
2163.42	0
2163.69	0
2163.96	0
2164.23	0
2164.5	0
2164.77	0
2165.04	0
2165.3	0
2165.57	0
2165.84	0
2166.11	0
2166.38	0
2166.65	0
2166.92	0
2167.19	0
2167.46	0
2167.73	0
2168	0
2168.27	0
2168.54	0
2168.81	0
2169.07	0
2169.34	0
2169.61	0
2169.88	0
2170.15	0
2170.42	0
2170.69	0
2170.96	0
2171.23	0
2171.5	0
2171.77	0
2172.04	0
2172.31	0
2172.58	0
2172.84	0
2173.11	0
2173.38	0
2173.65	0
2173.92	0
2174.19	0
2174.46	0
2174.73	0
2175	0
2175.27	0
2175.54	0
2175.81	0
2176.08	0
2176.35	0
2176.62	0
2176.88	0
2177.15	0
2177.42	0
2177.69	0
2177.96	0
2178.23	0
2178.5	0
2178.77	0
2179.04	0
2179.31	0
2179.58	0
2179.85	0
2180.12	0
2180.39	0
2180.65	0
2180.92	0
2181.19	0
2181.46	0
2181.73	0
2182	0
2182.27	0
2182.54	0
2182.81	0
2183.08	0
2183.35	0
2183.62	0
2183.89	0
2184.16	0
2184.42	0
2184.69	0
2184.96	0
2185.23	0
2185.5	0
2185.77	0
2186.04	0
2186.31	0
2186.58	0
2186.85	0
2187.12	0
2187.39	0
2187.66	0
2187.93	0
2188.2	0
2188.46	0
2188.73	0
2189	0
2189.27	0
2189.54	0
2189.81	0
2190.08	0
2190.35	0
2190.62	0
2190.89	0
2191.16	0
2191.43	0
2191.7	0
2191.97	0
2192.23	0
