# Cäsium	Cobalt	Europium
0	0	0
0	0	0
0	0	0
0	0	0
0	0	0
0	0	0
0	0	0
0	0	0
0	0	0
0	0	0
0	0	0
0	0	0
0	0	0
0	0	0
0	0	0
0	0	0
0	0	0
0	0	0
0	0	0
0	0	0
0	0	0
0	0	0
0	0	0
0	0	0
0	0	0
0	0	0
0	0	0
0	0	0
0	0	0
0	0	0
0	0	0
0	0	0
0	0	0
0	0	0
0	0	0
0	0	0
0	0	0
0	0	0
0	0	0
0	0	0
0	0	0
0	0	0
0	0	0
0	0	0
0	0	0
0	0	0
0	0	0
0	0	0
0	0	0
0	0	0
0	0	0
0	0	0
0	0	0
0	0	0
0	0	0
0	0	0
0	0	0
0	0	0
0	0	0
0	0	0
0	0	0
0	0	0
0	0	0
0	0	0
0	0	0
0	0	0
0	0	0
0	0	0
0	0	0
0	0	0
0	0	0
0	0	0
0	0	0
0	0	0
0	0	0
0	0	0
0	0	0
0	0	0
0	0	0
0	0	0
0	0	0
0	0	0
0	0	0
0	0	0
0	0	0
0	0	0
0	0	0
0	0	0
0	0	0
0	0	0
0	0	0
0	0	0
0	0	0
0	0	0
0	0	0
0	0	0
0	0	0
0	0	0
0	0	0
0	0	0
0	0	0
0	0	0
0	0	0
0	0	0
0	0	0
0	0	0
0	0	0
0	0	0
0	0	0
0	0	0
0	0	0
0	0	0
0	0	0
0	0	0
0	0	0
0	0	0
0	0	0
0	0	0
0	0	0
0	0	0
0	0	0
0	0	0
0	0	0
0	0	0
0	0	0
0	0	0
0	0	0
0	0	0
0	0	0
0	0	0
0	0	0
0	0	0
0	0	0
0	0	0
0	0	0
0	0	0
0	0	0
0	0	0
0	0	0
0	0	0
0	0	0
0	0	0
0	0	0
0	0	0
0	0	0
0	0	0
0	0	0
0	0	0
0	0	0
0	0	0
0	0	0
0	0	0
0	0	0
0	0	0
0	0	0
0	0	0
0	0	0
0	0	0
0	0	0
0	0	0
0	0	0
0	0	0
0	0	0
0	0	0
0	0	0
0	0	0
0	0	0
0	0	0
0	0	0
0	0	0
0	0	0
0	0	0
0	0	0
0	0	0
1	0	0
1	2	2
7	6	28
90	62	157
397	269	517
691	482	848
719	500	876
747	518	847
736	494	805
788	500	838
756	574	820
744	524	822
735	504	845
761	460	843
803	507	870
728	536	836
737	525	854
740	511	870
803	446	811
751	522	795
781	502	828
707	480	810
776	489	798
733	461	803
728	500	822
740	496	793
722	475	809
723	445	792
753	522	806
748	512	782
723	499	760
718	517	790
690	464	785
748	535	735
701	458	796
710	491	751
697	482	726
726	463	758
707	528	738
699	473	729
732	527	715
675	470	738
735	480	774
710	462	751
745	463	704
696	501	703
695	468	726
746	459	738
728	490	759
734	488	763
696	477	719
692	478	769
701	467	744
672	465	793
722	468	789
730	490	787
710	465	758
721	462	793
696	464	706
716	441	770
672	465	678
670	434	705
717	494	727
691	430	698
713	417	709
680	446	682
692	460	704
675	482	703
689	503	713
708	473	670
707	452	707
671	492	699
642	483	665
692	491	626
646	440	661
673	450	643
666	434	668
706	439	669
695	424	685
692	418	696
668	477	683
671	444	594
662	412	648
680	478	676
681	471	662
683	501	670
715	463	658
708	475	694
655	483	665
635	420	645
731	426	693
710	441	693
661	460	630
648	433	658
656	488	620
639	441	619
670	435	661
646	436	629
665	448	651
684	444	639
693	441	657
642	442	670
661	452	640
689	441	585
667	454	698
651	454	669
639	451	645
675	465	650
699	414	609
627	439	680
646	445	653
679	442	624
655	430	627
629	417	623
662	444	651
613	450	639
675	434	658
686	438	635
684	448	650
668	418	660
626	442	593
613	438	624
690	427	636
704	477	653
675	446	626
656	475	634
702	415	634
653	387	662
631	454	649
640	429	625
664	447	619
629	454	645
654	429	615
663	415	650
647	438	641
675	424	622
617	402	644
633	466	617
658	386	617
704	446	629
631	425	617
657	410	646
660	419	594
635	409	587
634	439	632
642	394	624
652	432	558
624	442	652
611	435	622
633	424	599
665	436	633
660	435	616
612	432	639
666	423	630
693	441	652
667	412	612
619	407	661
686	418	587
682	414	652
631	449	612
636	412	651
603	471	579
598	442	646
619	411	602
661	392	606
674	435	644
636	422	644
633	453	669
615	418	642
632	427	612
645	479	678
604	437	651
645	406	667
658	422	615
629	484	669
689	426	626
636	411	678
618	417	629
664	442	681
600	390	654
629	425	663
630	425	628
684	414	707
632	428	651
639	439	657
672	422	661
639	443	673
648	433	654
666	447	659
611	425	729
683	421	670
655	435	692
683	444	712
660	452	699
673	417	741
641	422	766
726	459	775
727	450	849
757	423	824
705	465	914
721	441	870
730	456	853
699	464	861
736	445	796
655	470	810
693	440	768
773	484	841
732	461	904
747	488	999
741	437	1032
762	470	994
828	468	1047
778	472	1037
718	460	933
724	470	864
691	443	813
658	444	696
729	416	692
621	436	687
640	427	710
585	416	638
633	403	642
628	416	671
635	405	674
661	422	704
614	437	665
603	406	641
629	425	654
634	404	699
666	396	661
636	422	727
672	421	658
586	417	672
627	419	656
636	436	690
659	417	671
612	405	701
651	413	675
566	420	646
655	405	699
657	396	699
608	420	690
659	399	718
645	399	704
641	431	719
639	402	743
623	403	797
654	414	721
597	393	778
638	436	769
642	426	770
634	375	837
659	393	774
672	387	805
620	399	792
678	395	840
750	434	944
660	457	909
707	424	905
657	457	943
727	455	954
760	466	1014
722	452	1032
738	389	1018
821	415	994
730	437	944
674	437	892
651	413	911
698	438	849
610	371	828
665	386	813
669	405	785
623	423	852
723	429	825
641	395	871
643	414	899
624	458	867
605	395	907
639	453	948
635	412	863
593	431	854
636	451	833
651	412	794
641	444	805
649	411	818
608	407	755
557	384	862
659	389	796
631	425	795
614	394	793
592	397	830
610	386	820
660	411	832
628	408	836
603	399	857
643	426	818
629	421	862
604	400	906
633	410	870
575	399	877
597	410	879
633	395	927
629	407	884
622	417	845
607	393	825
612	371	876
614	431	845
628	378	854
643	392	904
594	420	969
595	426	889
653	404	878
578	414	903
608	401	879
649	403	893
585	405	898
639	405	918
597	426	914
617	378	887
621	400	820
593	407	893
639	395	894
633	409	916
604	400	845
606	432	918
590	425	846
591	413	869
602	375	837
615	394	870
596	411	845
658	407	864
623	409	894
621	419	845
638	374	851
583	436	908
603	399	814
663	422	854
631	369	829
627	396	865
653	382	893
576	392	900
601	449	876
605	418	847
634	388	867
593	396	869
613	421	837
637	397	861
628	413	889
629	405	830
618	414	877
594	435	788
572	414	809
628	362	844
610	394	818
577	394	834
635	387	821
656	387	810
611	394	851
626	446	908
635	384	850
617	383	844
587	374	847
667	407	847
645	375	806
607	362	821
647	368	807
628	403	817
635	383	846
590	375	816
605	400	847
565	384	861
628	417	806
621	368	823
583	404	888
657	349	831
615	396	873
589	391	849
623	387	836
599	393	855
547	369	827
587	408	889
638	403	806
610	394	882
619	382	846
588	408	831
606	395	868
646	393	874
599	354	860
649	412	912
652	408	889
652	372	903
589	421	946
606	418	901
595	371	919
577	409	898
603	387	850
636	386	893
644	389	936
609	407	907
561	412	914
615	393	860
659	416	934
633	376	917
601	410	925
621	390	897
611	372	879
628	382	886
632	389	904
637	370	898
659	429	944
627	374	962
631	374	931
628	385	938
683	403	932
602	383	1000
632	380	951
580	383	954
626	387	939
634	362	955
611	388	916
607	396	929
615	393	1003
598	352	959
604	381	985
657	380	995
634	376	1039
608	362	934
643	403	988
677	391	955
621	374	1006
624	401	1004
630	368	989
617	366	960
633	380	994
638	409	1019
683	345	1061
637	414	1011
622	374	1018
663	398	972
618	394	963
656	405	1048
680	417	1059
662	353	1143
587	383	1216
600	368	1279
607	394	1445
629	382	1529
641	395	1963
629	421	2418
626	384	2872
647	423	3759
636	377	4783
621	366	6185
629	415	8138
602	364	10408
643	367	13378
646	384	16703
646	381	20168
665	408	23175
607	354	24735
630	393	23394
672	372	19555
626	379	14685
625	401	9682
627	414	6083
595	395	3728
656	409	2503
575	369	1946
707	383	1617
637	389	1396
688	394	1251
660	384	1173
610	410	1125
661	388	1072
643	411	990
673	428	981
609	415	911
631	380	887
645	400	877
627	349	829
708	390	767
637	424	750
614	383	773
618	379	725
632	366	651
624	415	609
661	387	664
608	384	626
647	392	642
633	371	601
640	414	594
679	426	572
631	388	581
622	412	587
659	377	595
600	391	603
660	382	565
677	359	618
647	414	585
690	392	539
608	379	590
634	404	612
640	390	627
667	401	611
656	387	542
585	430	596
637	366	613
622	374	592
665	401	578
634	384	588
652	390	574
625	407	591
661	418	595
675	390	572
651	382	573
648	389	544
646	396	610
649	366	596
616	374	569
647	399	527
653	377	575
654	398	619
653	360	559
629	407	563
651	381	604
660	378	615
671	384	609
651	396	581
634	394	598
629	354	560
652	399	612
643	395	630
605	375	562
611	386	629
662	407	584
625	375	571
600	406	594
694	368	595
582	381	583
639	394	588
650	419	625
616	390	561
641	419	583
640	382	546
623	404	569
686	359	588
665	413	581
669	398	577
606	378	602
614	377	556
637	338	565
650	371	557
639	402	563
571	402	549
636	359	545
643	368	610
644	368	587
648	375	569
622	397	602
602	390	563
641	374	616
621	383	577
572	364	635
633	413	587
643	367	622
615	378	561
609	365	629
587	412	576
611	398	563
626	398	551
605	391	558
628	406	593
607	379	625
648	392	589
633	357	608
631	378	538
672	372	579
658	362	617
618	337	531
637	392	596
658	407	610
639	382	583
584	384	575
666	409	624
636	384	618
633	340	586
618	358	664
644	369	691
660	399	670
559	361	671
599	376	632
648	354	648
626	374	671
653	354	660
631	411	684
642	399	699
649	384	684
613	371	681
596	393	677
620	360	732
650	361	684
569	374	666
590	382	703
688	391	657
615	359	656
692	361	688
657	367	640
638	387	631
606	397	662
654	369	645
623	373	695
620	386	702
606	348	665
637	392	644
625	385	616
625	426	643
681	362	622
647	393	674
626	429	625
608	425	644
609	391	661
593	422	642
650	355	648
590	382	615
597	379	660
626	356	649
617	360	651
617	410	655
644	371	600
601	406	610
559	393	616
594	365	644
637	364	630
623	394	597
603	369	620
686	379	676
567	351	622
597	352	668
622	363	588
611	328	622
607	397	596
644	382	596
627	389	605
606	411	591
659	390	583
613	355	615
635	369	579
630	355	617
636	346	608
601	373	632
622	401	635
641	406	594
653	393	583
619	359	605
655	323	564
642	354	669
599	350	647
625	374	634
619	336	618
648	349	611
647	347	559
646	377	571
649	358	591
599	359	620
640	404	644
640	360	671
651	376	591
605	371	657
633	366	642
621	362	598
615	372	600
619	340	581
676	376	650
633	344	605
650	369	611
640	356	654
642	384	637
652	367	573
630	366	649
605	391	658
644	384	605
635	378	585
611	390	641
626	355	572
610	365	567
610	409	626
594	363	605
703	369	599
639	393	633
606	392	592
611	372	635
612	372	674
654	359	594
594	345	607
574	355	563
618	362	579
613	408	596
616	386	620
640	378	614
633	362	612
644	371	671
625	381	576
612	402	619
612	337	640
596	371	645
633	391	647
637	336	622
612	347	573
646	371	620
638	433	607
602	357	650
576	365	631
623	389	620
643	343	563
617	364	639
633	360	598
634	343	620
625	356	609
639	377	633
616	346	624
608	338	642
609	341	631
644	378	643
632	375	576
671	365	638
619	384	594
650	375	604
614	368	600
675	350	626
658	378	581
634	373	626
630	394	625
626	363	611
675	373	642
594	360	582
602	357	605
618	352	614
643	386	576
598	371	628
634	368	585
640	328	572
640	365	600
620	320	598
603	368	608
622	381	599
611	334	617
613	357	639
675	388	627
623	372	630
624	365	595
619	351	577
635	361	643
590	384	571
664	344	618
614	350	659
617	362	634
648	373	572
633	387	650
661	338	665
677	362	662
637	350	691
647	368	620
646	389	630
623	389	624
635	342	625
668	391	618
663	350	565
700	358	649
651	382	603
679	366	608
679	369	605
687	315	626
671	349	611
709	337	662
671	356	614
712	352	619
718	354	622
685	344	599
703	331	599
753	331	606
700	377	582
716	374	616
754	373	619
690	339	627
708	381	610
772	361	586
766	384	580
734	363	624
801	330	625
769	385	660
836	348	655
785	346	660
835	363	580
808	384	584
807	341	649
848	372	627
779	368	645
833	343	623
851	392	647
808	368	610
834	348	625
851	380	660
826	372	592
800	362	619
814	342	615
808	374	657
816	354	592
849	383	614
821	358	638
785	404	619
834	337	677
807	368	628
717	375	682
800	343	636
797	342	589
770	346	628
769	369	622
756	342	638
749	377	635
773	364	627
732	357	619
726	321	649
756	344	587
752	367	656
776	343	605
760	328	626
715	355	616
704	339	656
749	365	646
757	346	639
715	307	609
731	356	684
731	364	662
736	354	590
736	328	581
724	339	656
764	370	602
811	376	599
785	363	585
755	344	578
723	327	614
724	341	615
785	336	618
693	333	645
719	350	621
698	367	621
725	339	586
735	360	573
729	323	629
756	387	589
701	377	599
733	338	608
709	335	612
735	342	621
706	316	599
646	326	602
734	381	645
703	361	585
649	323	619
686	331	626
757	346	577
677	334	563
708	367	542
723	374	567
706	325	541
745	349	544
710	342	595
701	318	608
707	366	555
693	348	542
745	358	547
649	317	574
678	366	533
726	324	524
689	336	529
660	355	592
635	344	534
649	343	541
716	342	577
687	327	522
694	334	519
622	375	564
748	337	594
695	352	514
680	372	550
674	353	558
680	366	556
676	343	531
701	353	586
730	345	554
722	357	535
641	369	528
695	343	529
641	337	545
666	356	514
709	343	551
678	341	541
662	368	536
680	376	543
677	360	552
702	374	538
690	348	530
655	350	515
669	380	507
632	342	535
660	314	533
676	346	532
672	355	525
692	361	565
719	358	561
646	353	517
686	362	554
645	331	507
655	366	544
676	362	506
697	358	517
669	354	545
679	363	528
664	376	511
660	367	552
647	381	510
661	398	527
663	393	552
661	357	510
664	390	492
650	388	524
646	385	529
664	372	532
656	394	542
629	414	536
667	385	535
657	376	498
636	383	515
639	396	509
641	412	485
637	380	501
677	380	527
678	414	465
652	362	529
698	371	561
659	360	517
649	400	530
631	373	506
664	385	526
635	370	491
640	407	496
666	402	530
630	409	490
633	415	488
623	384	498
653	459	492
672	385	513
688	434	495
622	357	494
601	432	505
678	422	490
654	391	464
679	408	535
631	428	491
627	385	468
593	404	506
643	417	510
636	403	459
650	353	481
645	380	488
637	376	464
674	407	476
641	404	517
613	396	494
655	368	482
647	395	473
605	412	458
594	381	458
619	386	439
679	389	509
630	412	509
626	379	458
659	395	481
610	411	472
638	377	457
670	376	414
620	385	491
624	396	500
623	385	464
615	397	474
632	375	424
627	368	460
648	392	452
577	381	444
671	421	429
604	421	514
605	399	470
630	396	465
647	381	491
633	378	449
671	408	437
628	378	450
672	372	463
631	417	419
632	352	444
625	393	444
616	405	444
579	379	460
644	395	436
601	403	476
637	373	430
671	399	455
663	409	469
579	399	444
651	404	452
628	364	443
689	413	463
649	432	422
643	360	431
633	396	432
638	369	437
605	380	448
668	372	482
655	391	450
619	419	445
618	387	412
656	369	414
640	400	422
655	391	456
625	396	463
608	368	457
642	354	438
633	367	464
648	400	443
648	393	457
609	386	455
671	379	426
640	390	427
632	406	420
638	344	426
616	404	433
615	395	402
642	401	437
622	383	402
621	407	416
627	384	425
654	422	415
619	359	431
653	386	394
584	393	415
669	371	454
624	368	418
624	360	453
650	408	411
639	380	441
630	386	397
666	386	417
629	372	453
709	378	395
616	371	428
647	413	384
641	415	375
663	366	420
616	390	412
598	398	418
614	354	399
599	401	409
665	411	383
658	380	428
548	384	397
622	425	417
637	410	424
650	408	436
580	356	428
677	358	451
667	380	428
654	417	414
635	390	386
592	351	438
622	397	440
628	358	409
647	362	430
633	394	447
644	364	428
654	393	449
652	415	417
656	393	429
656	364	434
625	404	411
636	389	398
612	386	416
664	377	418
624	396	416
653	359	439
696	341	420
655	336	403
666	375	411
637	347	396
658	381	424
654	371	373
670	363	400
676	383	465
606	351	518
646	402	503
695	393	534
635	407	641
609	398	693
625	417	843
652	382	1068
623	373	1352
638	390	1582
648	376	2011
674	397	2508
643	349	3177
654	384	3911
667	380	4565
624	362	5006
626	374	5383
627	382	4995
633	366	4364
638	360	3363
620	388	2446
653	378	1644
637	407	1137
621	354	852
652	362	703
618	396	588
614	369	524
615	345	527
596	367	490
651	383	484
595	389	488
599	377	406
618	389	462
629	362	400
658	373	457
636	338	406
612	356	396
626	371	420
630	347	380
646	383	390
592	354	390
627	389	366
655	369	369
616	351	365
645	386	355
640	360	385
660	390	338
598	353	325
676	354	409
618	373	361
601	369	384
596	383	377
594	381	415
619	417	376
603	382	399
616	365	356
659	420	362
662	363	398
654	403	386
600	350	345
606	396	372
616	387	309
610	395	351
609	369	350
585	332	355
603	377	312
663	368	343
634	356	325
606	368	349
584	367	353
637	360	351
610	388	322
599	341	340
617	390	319
569	359	298
602	377	324
596	379	345
612	360	325
610	352	329
605	364	353
613	346	348
577	360	351
606	368	316
615	353	355
606	336	321
627	394	340
655	379	322
583	356	362
617	329	329
568	393	344
617	395	325
602	368	356
601	370	332
598	337	345
567	375	332
578	339	342
592	358	332
583	346	352
564	362	311
572	357	365
604	372	371
619	346	359
619	347	330
628	353	346
554	355	319
587	373	351
628	374	310
608	365	317
573	341	347
564	362	332
617	374	336
579	373	324
583	369	369
621	332	326
579	343	353
588	355	344
586	407	365
598	357	365
595	354	346
605	344	346
629	364	330
542	366	313
608	350	355
601	321	316
600	338	307
588	331	354
570	341	333
567	346	311
596	312	279
603	354	343
609	335	318
527	378	340
582	337	345
619	379	345
592	349	329
576	327	314
583	350	341
582	363	322
587	347	335
586	377	320
596	333	335
574	342	324
608	379	334
588	335	363
626	367	325
565	347	332
556	339	319
616	377	336
576	356	352
551	318	333
566	307	315
577	389	377
551	378	362
576	358	381
548	364	324
609	378	372
573	342	359
541	363	389
583	356	362
587	391	356
573	338	392
515	333	351
543	328	348
566	375	338
591	342	309
545	331	340
568	342	324
549	360	307
554	358	315
575	352	342
533	361	299
592	328	328
575	352	323
563	352	324
602	337	328
570	361	318
560	369	333
591	326	322
577	377	319
496	362	348
528	357	369
584	343	358
572	372	316
533	372	307
524	351	337
571	332	359
574	348	338
554	321	320
562	363	306
544	326	325
580	328	316
545	334	356
578	373	305
534	333	324
570	325	325
521	323	308
546	321	296
560	342	297
558	355	311
545	345	344
548	343	338
522	348	316
557	344	348
548	325	313
543	340	320
499	364	318
550	356	316
534	327	309
569	358	319
545	365	317
561	332	302
558	336	320
516	308	325
567	359	294
518	324	320
538	354	339
537	339	313
549	317	294
567	330	290
568	332	291
499	346	289
569	348	324
537	335	340
524	328	309
573	350	303
574	338	310
553	368	299
549	319	317
562	302	317
558	372	304
531	332	317
528	347	332
544	308	345
551	312	288
575	348	316
514	333	316
574	311	316
497	311	299
550	379	315
595	298	319
558	352	333
556	332	286
551	321	295
579	343	283
505	339	328
533	354	320
554	363	280
566	312	299
556	306	313
554	338	280
567	321	302
548	333	287
545	324	321
501	327	339
524	326	307
590	311	306
528	307	284
554	316	320
513	345	323
530	323	289
527	337	300
558	327	306
574	315	323
489	355	311
507	321	292
550	313	280
567	336	302
571	328	294
536	333	292
530	308	290
531	357	281
566	321	305
551	381	300
516	335	345
542	338	308
533	314	309
523	334	324
493	315	336
505	356	323
534	342	347
521	312	332
527	329	318
570	305	387
539	308	405
488	330	423
551	307	476
567	328	471
507	326	499
573	339	534
525	313	516
513	318	469
547	331	436
486	290	369
514	345	343
528	313	344
506	354	333
494	318	312
515	334	329
530	350	299
522	330	302
496	292	317
542	334	321
512	322	325
540	320	289
502	316	340
502	355	316
544	303	261
536	279	266
478	283	305
492	328	313
483	316	281
516	321	273
501	309	328
537	303	316
529	318	275
545	339	274
519	313	291
550	331	276
524	314	273
539	327	289
548	316	311
495	315	304
550	320	286
502	335	298
529	346	272
482	326	287
539	349	279
533	256	292
507	296	279
513	298	279
479	291	321
493	330	244
507	329	296
498	310	269
472	345	301
487	310	318
499	318	284
521	294	291
472	297	270
534	310	288
483	298	278
473	321	276
495	297	277
506	315	280
487	313	281
531	333	253
503	293	281
510	313	300
507	327	266
515	308	305
515	286	312
521	312	300
587	304	299
530	341	286
484	301	256
511	332	276
513	349	272
486	312	290
499	329	316
522	329	259
535	313	279
518	308	266
497	339	258
525	321	287
514	351	284
508	354	278
466	350	281
498	319	280
494	349	255
506	335	260
468	351	255
509	320	269
504	285	247
535	295	293
486	304	286
485	325	257
528	309	252
462	315	278
519	336	251
521	309	276
524	274	255
532	308	289
515	315	288
499	307	256
510	275	288
465	298	281
518	302	289
530	328	292
543	351	311
492	303	269
501	289	283
501	280	320
529	297	310
521	317	265
507	301	280
480	311	283
511	263	327
470	303	285
513	321	276
465	328	238
455	299	277
489	301	266
496	290	264
482	275	268
493	278	305
529	282	237
486	316	272
515	289	272
528	281	235
533	282	243
533	293	272
494	270	272
468	316	283
502	242	286
518	293	239
500	319	254
476	329	252
525	308	274
487	290	234
472	325	253
516	264	249
509	301	260
523	298	291
531	310	251
494	293	271
513	284	257
470	296	289
521	309	244
518	277	273
483	284	277
514	297	264
478	294	289
503	290	269
492	291	239
534	282	268
543	288	292
465	305	289
500	274	315
514	298	297
480	295	296
512	276	290
499	307	272
529	300	331
492	255	341
498	285	284
488	284	280
472	269	302
501	280	274
494	274	305
502	283	247
472	284	274
417	293	244
508	277	278
513	289	251
519	302	258
482	306	270
524	292	291
484	286	297
504	300	284
483	291	270
521	330	281
504	291	307
482	243	297
502	314	303
523	272	294
494	284	304
498	290	314
494	275	336
476	294	308
488	307	299
468	268	292
528	283	300
507	273	289
488	280	275
478	294	300
498	291	258
497	285	274
494	270	265
487	284	272
491	266	266
496	285	248
490	290	262
474	306	259
544	282	257
481	292	259
508	327	268
485	286	264
464	294	270
495	263	260
548	293	276
472	267	241
508	282	260
454	261	285
460	271	250
465	297	289
506	283	276
483	268	273
466	262	250
459	275	251
494	285	265
511	259	248
498	310	280
465	283	249
529	287	285
524	282	278
485	271	262
519	268	269
509	303	298
488	310	251
470	284	255
503	297	274
495	308	253
533	297	253
489	288	267
498	292	270
486	309	238
518	330	288
520	300	256
466	301	272
465	279	277
543	292	277
505	268	297
500	293	290
468	263	313
492	288	285
486	281	285
506	290	308
518	288	330
474	290	331
498	289	357
487	291	426
525	267	507
518	272	632
490	268	801
508	315	1040
504	272	1340
489	288	1807
488	288	2467
492	291	3222
504	272	4364
496	264	5651
488	291	6892
502	272	8537
478	272	10352
518	277	11417
494	300	12050
480	275	11418
472	297	10048
495	271	8185
521	275	5889
445	265	4090
481	273	2648
469	297	1712
492	313	1183
484	290	796
479	279	726
490	303	598
512	277	590
492	302	543
521	262	496
452	273	432
543	288	410
494	278	432
496	255	338
494	282	359
482	292	339
496	278	278
486	252	292
490	273	291
453	276	268
478	253	243
494	244	253
499	279	225
482	275	215
492	291	236
476	283	238
481	270	220
492	287	214
449	284	235
483	254	229
503	277	215
499	295	222
457	292	210
496	284	222
450	267	209
480	303	212
484	293	215
541	280	200
506	283	203
502	283	222
450	297	185
516	292	198
521	282	199
481	302	206
486	299	229
491	289	198
515	254	186
485	294	189
483	271	211
479	280	203
482	286	193
480	291	193
462	274	197
494	257	184
512	257	203
487	300	205
510	293	216
531	285	199
455	278	182
530	262	205
511	248	218
488	286	183
493	278	184
500	285	220
508	268	188
484	284	194
509	279	195
521	275	195
493	266	222
496	272	205
458	260	192
435	260	170
464	229	191
494	297	184
467	277	203
476	276	195
481	280	208
497	269	185
487	249	197
490	284	197
505	296	185
498	260	202
469	277	206
510	303	192
490	275	195
496	279	211
496	299	180
505	287	183
476	276	185
485	237	182
504	264	187
541	267	188
500	275	194
500	283	191
529	250	186
466	267	220
517	267	194
481	285	187
497	259	219
505	253	200
519	267	206
507	284	166
502	244	223
497	242	184
453	313	213
482	269	216
511	242	232
526	258	204
499	301	202
517	264	235
448	247	227
546	256	226
521	267	286
512	261	294
526	259	313
518	271	360
503	282	410
507	262	467
494	258	483
499	267	547
487	260	578
508	282	521
532	253	493
476	246	417
493	263	360
460	296	312
491	256	251
508	282	250
473	255	195
497	237	196
496	249	209
505	247	192
529	264	190
480	254	202
543	303	207
434	261	199
474	306	212
546	260	203
490	272	196
530	271	184
526	244	184
485	261	217
499	289	209
505	233	179
480	271	178
501	275	177
506	259	175
490	280	209
466	257	196
523	269	198
488	286	158
493	269	207
475	269	158
507	263	192
471	269	187
504	294	189
484	256	216
519	276	212
496	273	205
500	272	209
499	232	198
498	253	183
488	227	194
502	273	182
484	289	184
513	241	181
513	296	168
522	262	209
520	268	168
489	248	168
479	242	175
449	272	191
494	254	176
474	283	170
513	234	199
472	261	214
537	283	188
499	250	211
484	278	202
494	278	197
483	230	187
505	260	178
541	271	185
525	261	177
497	254	206
505	258	205
511	270	191
476	273	197
531	286	196
480	296	182
511	271	208
511	251	163
552	252	183
559	262	179
520	257	213
527	249	175
498	278	176
483	256	180
510	257	176
535	263	193
473	266	179
536	259	198
516	254	146
475	261	193
512	264	188
491	273	186
486	250	194
491	269	181
515	227	215
522	291	214
503	254	198
534	272	185
519	222	202
502	262	212
549	245	218
507	246	233
508	263	217
498	269	166
471	273	199
537	247	180
488	244	190
512	265	182
498	265	188
514	235	191
547	232	197
479	255	181
531	205	183
494	259	169
519	259	180
548	264	190
499	243	188
497	253	173
505	299	191
550	231	194
554	271	159
504	264	200
480	266	180
501	245	198
517	226	186
533	273	166
471	260	194
536	264	183
505	258	199
535	242	195
485	247	182
505	285	177
561	240	182
537	276	182
488	271	156
548	271	196
574	230	181
501	245	162
551	287	167
517	245	181
510	272	191
519	254	174
506	270	194
503	237	181
571	234	192
538	240	190
520	241	189
574	255	168
524	244	157
532	249	175
545	243	184
522	255	173
521	261	181
494	253	187
535	276	177
532	279	184
507	254	187
502	268	171
562	254	159
516	249	182
541	248	166
504	262	200
557	254	190
548	258	155
493	260	183
538	263	175
516	246	146
498	236	179
484	259	177
519	248	188
513	241	185
533	233	168
478	211	188
482	264	162
517	277	155
534	252	201
523	256	166
510	267	160
576	249	173
532	247	152
529	256	168
538	236	189
531	236	159
476	263	181
589	243	167
560	264	172
520	249	151
555	278	171
509	237	182
526	233	165
567	234	165
536	263	161
529	235	170
539	260	177
549	249	182
526	232	170
543	267	192
518	260	181
548	243	175
535	272	205
551	265	165
509	231	153
550	264	149
471	242	173
556	245	188
577	248	185
538	252	165
532	260	177
540	257	158
479	225	181
531	243	174
575	284	178
534	258	153
503	246	178
513	252	177
541	238	188
549	274	171
519	242	166
536	237	156
572	271	174
517	249	180
523	227	179
553	252	185
546	251	191
562	253	214
526	251	236
548	259	222
577	258	270
521	247	360
533	271	364
543	221	457
535	240	567
577	249	614
551	270	742
557	251	858
545	256	999
551	248	1009
544	234	951
543	260	839
538	253	714
514	215	579
545	265	429
586	237	362
516	263	274
571	272	230
525	270	221
557	257	193
572	244	180
523	230	198
519	237	183
528	242	208
576	272	190
631	251	201
582	244	176
532	232	181
523	261	208
558	268	185
587	251	210
590	267	220
562	247	215
574	249	223
533	238	209
568	273	243
542	283	223
594	248	198
550	252	201
572	260	186
575	260	190
556	224	191
554	275	143
596	267	172
589	233	164
577	249	187
598	247	194
616	255	177
599	262	192
590	210	188
562	250	160
600	229	172
511	272	186
591	253	147
575	214	168
528	242	194
596	221	172
578	259	177
538	230	153
557	242	182
570	240	175
603	237	157
577	261	163
566	236	137
589	222	173
572	245	169
595	230	164
608	247	168
556	226	165
562	245	162
614	244	166
583	255	151
581	266	176
577	255	180
602	259	173
510	271	168
573	224	166
594	263	176
593	244	193
621	250	181
570	232	149
556	260	161
601	216	183
583	240	179
583	268	166
601	239	183
577	233	183
582	268	182
594	258	177
590	244	177
600	246	152
588	224	166
607	238	182
610	256	183
552	213	166
556	272	185
601	247	155
586	269	161
609	252	182
616	234	152
619	257	150
560	276	160
629	248	169
632	256	159
632	225	182
591	243	189
617	281	149
586	228	192
551	248	165
601	238	156
594	252	164
648	259	181
556	223	190
600	245	150
599	238	199
620	241	158
575	227	168
591	251	169
615	244	169
612	254	173
640	240	153
615	246	171
639	242	175
570	253	163
615	232	196
628	245	182
608	252	159
581	274	151
609	214	182
591	221	168
607	249	180
627	236	168
609	232	193
600	239	182
569	233	170
620	234	180
584	257	196
603	265	142
638	258	176
586	213	180
600	236	164
626	230	175
636	254	171
619	244	170
649	248	177
574	234	160
628	240	161
614	224	157
638	263	161
596	221	181
651	214	156
636	218	157
612	232	142
660	246	200
641	238	189
647	253	173
606	275	189
651	236	184
626	269	172
598	261	164
626	221	185
629	238	179
603	226	157
618	221	172
652	222	142
655	225	184
596	230	170
646	256	185
639	249	207
599	243	167
634	238	190
606	245	200
623	247	217
628	233	275
624	243	287
644	231	309
640	253	398
640	248	508
681	246	622
656	262	667
634	216	883
661	226	995
616	247	1099
641	214	1177
664	242	1167
607	252	1094
625	247	1021
561	206	813
637	257	642
650	241	472
635	228	365
613	227	276
635	252	226
663	237	251
643	225	222
678	251	205
644	226	184
655	228	168
584	249	204
638	256	190
621	254	188
680	269	177
689	237	170
672	233	155
623	227	174
678	236	183
661	255	159
657	243	156
702	232	184
648	252	166
662	242	145
703	241	157
646	233	157
616	234	185
665	245	178
702	242	162
637	228	161
623	222	180
675	266	149
602	225	167
642	239	156
662	240	159
662	253	170
657	241	153
660	254	161
644	246	163
650	225	161
697	258	158
674	264	163
645	258	180
660	246	138
694	215	158
698	247	149
669	261	161
686	220	145
700	239	182
651	245	155
703	241	174
696	229	169
668	239	175
655	216	159
671	232	174
668	215	157
641	238	162
721	218	156
702	244	150
681	240	148
661	238	145
688	220	159
696	219	169
714	206	157
624	256	165
671	229	148
643	242	143
702	241	144
664	249	173
709	234	164
702	246	181
681	214	162
663	245	151
710	219	161
696	231	154
664	223	157
638	232	173
686	255	154
702	235	169
685	230	156
727	221	162
699	239	173
712	271	155
667	250	143
667	266	150
699	244	187
641	248	138
686	217	166
668	212	163
676	221	173
725	262	205
681	252	177
691	224	167
687	217	182
664	235	163
701	204	162
712	223	159
665	244	149
675	227	162
678	208	168
711	252	159
717	244	153
709	226	150
670	230	157
705	271	160
681	249	178
670	233	175
691	244	159
649	234	153
675	246	180
643	222	174
714	230	163
731	220	164
688	220	159
687	241	157
689	243	163
664	210	157
699	233	155
713	251	176
627	240	163
733	206	148
686	236	187
659	234	187
687	235	134
741	225	125
741	213	132
692	235	176
694	217	176
698	217	172
718	241	167
657	249	170
720	222	150
679	236	160
677	244	154
675	224	149
675	237	163
675	237	156
698	228	173
720	264	160
656	222	136
700	220	158
641	255	158
690	214	183
664	252	165
680	231	162
658	233	162
679	250	184
650	258	186
666	231	148
646	232	161
663	237	151
685	247	161
641	215	183
709	214	155
652	239	150
656	239	156
679	221	166
654	247	149
619	236	155
608	236	155
651	263	158
637	239	173
625	246	141
597	248	153
683	243	150
612	224	149
591	233	155
636	242	169
568	222	142
555	242	156
622	221	161
582	231	176
565	218	151
580	230	173
557	252	164
567	209	154
606	231	165
525	248	177
538	222	162
512	239	146
540	236	157
498	210	158
517	247	160
459	245	160
499	240	169
486	234	170
468	201	141
519	261	173
486	246	158
488	246	170
467	211	155
455	238	165
453	214	174
467	239	167
431	244	178
454	234	140
492	233	186
422	237	153
450	223	169
469	229	177
428	240	189
445	202	149
402	247	161
424	276	168
425	220	166
423	250	153
420	249	158
398	225	169
418	260	168
435	230	160
421	231	171
403	274	155
399	222	158
422	231	142
452	229	150
405	232	152
399	213	161
422	207	183
428	228	181
412	230	167
410	227	174
419	237	149
387	247	176
416	245	163
385	218	186
386	246	161
416	231	193
399	230	208
413	229	186
396	238	212
380	216	245
382	231	267
414	234	237
392	222	293
396	246	293
336	218	299
392	221	254
379	233	266
359	229	219
392	218	206
366	231	205
343	243	162
359	255	157
348	249	186
377	248	141
387	219	154
417	234	156
355	219	153
355	201	166
357	223	163
371	229	147
342	240	168
354	238	156
337	222	153
330	211	153
366	206	155
346	225	154
352	245	161
339	206	160
337	213	173
365	226	163
338	244	198
364	211	178
309	220	172
366	210	155
335	265	158
356	215	138
329	223	176
346	230	155
337	227	166
327	229	154
357	223	156
318	227	163
362	234	186
317	215	158
325	244	155
329	220	161
323	244	149
334	220	208
307	250	161
336	240	156
328	262	137
320	235	148
328	256	161
368	228	179
334	197	160
345	232	145
349	249	165
319	232	166
308	245	172
314	205	175
312	239	126
325	248	150
319	223	176
275	245	145
346	211	160
348	232	147
330	237	159
326	219	151
296	224	159
329	220	161
343	225	179
307	254	155
307	253	170
309	248	171
306	221	148
316	224	181
322	219	173
313	245	178
311	224	194
305	249	219
287	222	183
289	241	213
280	231	194
313	253	182
293	214	189
293	216	198
318	249	174
338	229	184
293	244	163
286	240	176
334	245	160
283	221	165
319	236	172
298	232	197
314	228	182
319	223	157
333	233	170
303	225	148
267	233	164
268	226	168
281	229	160
282	235	150
310	225	141
309	242	168
290	224	150
340	238	151
285	226	159
267	222	153
297	239	171
302	220	185
309	244	160
316	271	188
301	260	198
295	253	163
332	260	190
292	250	185
279	228	168
287	262	179
282	267	180
275	257	180
278	238	193
260	267	190
301	253	194
301	243	168
309	251	183
290	268	193
286	264	183
321	256	179
299	259	168
286	256	201
285	244	177
259	223	162
301	248	160
262	226	164
254	237	172
259	231	175
277	203	156
252	227	163
237	214	192
278	225	155
291	236	186
276	227	189
279	233	186
285	224	160
252	242	167
297	257	168
284	253	176
268	200	168
256	217	158
257	204	166
280	218	160
255	228	165
258	244	174
268	230	165
250	229	150
237	222	192
271	227	146
246	215	147
269	251	162
258	213	164
250	216	156
250	224	183
256	234	171
260	200	162
264	238	163
237	227	149
239	240	163
253	258	175
267	233	153
241	233	169
252	228	183
254	204	173
237	230	172
220	243	172
241	202	175
257	209	171
215	237	157
239	232	145
248	233	166
241	235	159
239	248	155
214	218	154
266	220	146
239	232	159
229	226	150
263	245	155
231	216	151
239	227	164
202	209	168
215	237	144
241	233	170
233	232	157
220	221	158
221	236	138
223	235	158
211	213	139
245	206	182
219	228	170
207	231	170
230	224	160
230	227	147
237	239	137
224	221	140
237	204	190
225	218	143
209	216	154
195	216	163
227	229	161
217	227	164
236	227	170
214	253	158
200	237	151
220	212	156
228	228	161
226	238	154
185	223	158
218	226	147
212	245	173
230	238	138
231	220	147
191	228	153
203	220	152
229	233	169
213	222	157
186	216	170
233	229	153
216	203	158
205	225	162
236	228	165
193	242	142
187	224	137
190	234	188
207	225	181
225	213	151
218	238	164
210	229	179
190	210	181
173	202	166
203	225	157
209	224	160
204	235	184
190	241	160
214	242	166
239	241	170
216	235	185
204	241	177
217	214	182
196	208	188
215	248	185
190	225	174
197	246	166
178	246	162
197	211	168
199	239	171
203	251	146
198	224	166
200	255	154
194	229	175
194	231	134
207	222	134
201	243	125
174	248	158
193	244	167
214	221	185
200	239	146
170	225	151
183	246	171
178	205	168
201	229	181
207	217	167
188	248	161
191	207	193
185	202	162
172	243	156
176	274	142
175	229	175
175	259	138
171	238	176
207	232	159
183	232	155
178	208	156
192	211	151
195	235	151
189	233	148
167	241	143
162	241	169
202	235	163
161	230	160
186	210	152
178	214	165
183	220	169
179	208	170
190	239	157
163	229	159
181	211	155
162	239	165
164	237	165
171	232	161
170	220	169
171	230	186
175	232	156
151	211	171
172	218	184
173	228	158
196	220	158
161	199	170
163	241	147
141	218	156
163	208	156
152	265	181
155	234	157
161	230	155
158	246	174
168	251	177
163	230	174
159	210	196
167	222	150
158	211	158
132	197	175
141	235	165
174	245	166
140	217	142
169	232	154
175	236	178
150	217	163
176	235	156
141	240	174
152	220	161
145	212	157
131	211	138
152	230	162
135	231	169
154	195	146
167	231	152
152	199	174
157	260	159
140	242	153
142	231	166
170	216	172
162	230	165
153	208	147
169	214	170
138	221	163
148	211	171
137	225	164
140	180	157
148	211	159
146	234	185
160	239	161
167	213	148
150	240	169
149	221	163
149	236	140
146	225	168
128	230	175
117	223	179
154	230	187
139	226	151
149	238	189
150	231	163
150	232	162
164	251	175
139	231	157
143	231	170
161	220	189
139	204	182
148	198	164
162	251	134
136	231	171
134	234	151
141	226	170
136	214	191
149	252	168
143	243	187
130	195	152
159	224	191
122	222	165
114	244	163
139	219	161
139	220	182
151	229	160
134	239	188
122	206	196
146	212	172
160	273	160
122	223	139
135	212	159
134	239	152
128	215	162
121	210	167
138	248	163
130	238	184
160	226	171
136	217	178
146	195	204
140	237	199
128	225	209
151	230	218
141	249	231
134	235	246
130	216	249
141	197	265
137	230	275
147	254	313
121	226	294
135	239	308
129	254	262
149	226	221
139	258	238
120	229	210
128	249	189
131	225	203
121	246	198
121	244	205
119	216	193
128	254	197
124	227	200
135	220	200
122	208	197
119	222	190
128	246	197
146	212	177
145	228	185
129	223	169
136	186	159
123	225	164
117	226	168
91	211	154
112	243	138
126	218	169
117	230	173
129	223	168
140	246	187
140	253	160
126	217	185
118	253	165
122	207	148
116	208	169
123	225	175
138	234	183
130	221	157
125	225	174
117	222	158
115	209	153
123	239	166
120	228	169
121	214	168
134	232	160
133	218	157
131	232	175
140	207	181
118	218	172
114	246	179
121	227	167
133	233	185
124	238	150
135	242	170
106	228	184
118	192	164
119	234	192
121	217	155
117	244	156
112	230	173
126	223	183
115	218	178
128	245	166
138	260	162
117	214	191
126	222	166
126	255	167
109	181	174
117	247	187
106	221	150
132	231	183
117	230	137
102	246	161
97	208	167
119	214	182
127	220	173
117	224	177
111	220	162
127	229	178
99	235	187
122	222	159
129	220	157
127	257	181
127	238	169
119	212	150
120	241	176
110	251	172
104	247	178
97	216	177
138	243	160
105	228	185
103	226	153
99	223	177
110	260	168
105	219	172
102	240	190
126	219	174
130	229	170
116	243	161
141	204	195
118	242	154
118	254	162
115	208	159
140	200	170
134	259	192
116	217	152
117	211	197
132	223	196
111	226	197
129	240	172
127	202	187
121	244	206
116	218	219
120	229	202
124	210	216
106	244	240
117	229	280
118	234	245
98	239	253
119	226	261
126	219	278
123	232	238
99	217	222
101	249	190
114	214	205
106	225	181
100	213	152
109	231	164
95	234	155
115	257	167
114	210	165
114	232	155
115	210	156
111	219	157
114	243	147
123	252	115
127	224	165
94	234	154
104	216	130
105	218	132
123	233	146
93	239	171
103	222	156
103	226	112
113	229	151
104	218	145
118	227	166
97	238	146
124	237	156
124	212	148
110	224	148
108	225	144
126	219	162
101	227	173
123	203	147
120	242	157
110	216	137
124	232	138
122	206	156
118	222	153
100	232	149
103	238	151
121	222	153
119	254	142
103	207	150
138	219	166
96	231	140
121	234	142
105	232	157
101	217	127
106	255	150
95	221	146
121	249	152
102	240	156
107	211	146
99	235	136
103	202	162
99	219	161
103	217	157
116	223	159
110	226	151
105	208	143
121	226	131
86	202	153
107	217	154
87	230	146
116	203	144
98	231	148
113	257	148
110	255	155
118	208	157
85	187	150
105	233	142
112	208	128
109	207	131
107	228	158
100	222	133
123	220	158
96	218	145
123	208	152
95	226	138
94	216	154
126	199	140
110	232	155
120	208	134
101	236	143
96	269	143
112	212	145
112	187	149
109	239	136
86	229	129
107	196	131
78	220	123
111	217	163
123	227	144
94	219	136
91	203	149
113	230	133
94	222	145
91	218	147
90	214	157
95	234	154
87	238	144
90	246	131
90	223	143
91	226	167
107	226	142
109	210	151
104	270	139
119	218	152
108	241	155
107	238	155
113	234	152
99	193	159
99	205	139
117	254	150
93	205	130
107	226	146
110	227	164
133	209	160
113	232	139
144	224	130
119	218	142
123	248	125
121	245	137
113	228	159
98	234	168
120	251	139
90	236	153
112	223	147
96	234	157
101	231	125
108	234	138
130	216	149
118	219	157
91	226	137
97	229	152
80	223	133
84	249	148
89	227	147
75	217	117
116	250	131
102	238	135
109	236	137
97	215	139
111	220	160
70	226	134
96	245	125
110	231	152
95	231	138
97	223	152
89	217	137
88	242	154
82	211	139
102	219	157
104	242	154
93	236	134
85	211	156
113	219	171
90	240	147
92	210	151
105	232	126
104	223	142
109	215	129
105	223	154
80	211	153
82	229	134
84	235	131
92	224	120
89	200	145
89	235	124
98	232	137
98	236	145
86	227	140
101	213	142
108	230	157
106	226	121
100	208	136
112	233	143
100	202	133
93	211	150
95	220	157
90	240	115
92	192	137
96	220	137
111	210	133
111	219	137
108	211	134
115	223	155
90	220	126
104	221	136
84	250	146
94	210	144
84	224	124
104	230	134
98	258	144
99	241	142
95	210	137
107	231	126
90	240	147
92	221	137
87	248	136
97	231	142
91	217	133
95	222	132
99	226	131
92	220	147
94	246	133
99	232	149
81	200	136
96	224	150
87	237	131
101	209	130
85	247	129
101	228	132
99	273	139
108	235	129
90	235	141
122	215	147
105	213	124
80	258	136
99	221	150
116	213	147
103	217	151
101	224	134
92	229	138
86	243	140
96	215	143
102	230	140
88	244	131
92	217	135
98	257	153
104	221	153
91	228	148
102	204	129
105	223	136
115	231	143
78	245	141
104	194	130
99	208	123
78	230	109
109	237	126
95	231	121
103	213	129
89	212	130
95	222	108
67	212	135
95	239	140
88	216	149
108	235	132
122	239	157
85	239	124
86	221	145
106	249	127
100	240	156
98	235	162
101	198	134
100	212	134
92	240	183
93	191	143
96	236	108
89	205	136
93	220	121
101	240	123
92	237	144
120	205	145
96	241	135
103	230	139
117	213	154
91	236	119
100	250	130
99	226	129
99	227	142
109	241	123
108	208	140
107	234	134
113	257	137
95	226	142
98	204	124
88	248	127
99	223	128
92	233	142
105	206	152
105	241	136
91	219	126
104	219	138
113	232	138
103	226	156
95	241	140
92	234	143
95	231	141
87	236	143
80	263	145
100	223	152
107	223	142
116	244	145
115	207	113
92	236	134
99	227	124
82	222	138
100	226	150
110	224	140
114	240	156
104	265	135
87	235	133
108	215	117
100	232	162
106	219	137
86	239	109
103	235	122
93	250	118
104	208	139
117	242	146
105	233	122
103	233	140
106	237	135
114	206	132
122	222	145
115	247	136
91	216	149
123	241	134
103	228	133
104	221	137
110	238	113
124	217	138
109	223	117
115	235	144
122	222	157
113	233	121
122	225	140
118	231	126
116	228	141
81	254	140
117	214	134
123	226	134
105	238	131
106	231	123
115	237	128
104	199	138
121	236	130
101	208	128
95	215	127
121	231	147
116	225	131
129	238	145
133	227	143
116	230	148
110	250	136
125	230	124
112	254	137
117	221	159
128	253	132
122	222	142
121	215	148
139	241	134
125	223	135
121	222	135
123	244	136
126	220	138
134	219	150
135	236	143
158	237	143
137	217	150
141	236	146
136	248	129
141	241	155
124	218	143
148	241	170
162	228	164
171	213	163
150	220	167
143	232	180
140	207	192
153	250	175
143	224	170
165	258	166
181	239	174
172	228	165
178	227	132
175	215	136
229	231	139
251	245	128
290	221	154
419	243	130
559	217	151
699	229	130
1086	230	124
1541	237	152
2237	242	143
3115	234	141
4566	228	165
6317	207	131
8853	227	120
11647	223	135
14821	237	137
18807	235	152
22590	216	124
26389	228	159
29003	230	160
30372	221	129
29579	232	129
27987	262	161
24142	244	143
19709	223	127
14669	209	130
10586	243	156
7271	241	151
4898	261	131
3266	247	128
2311	212	150
1751	235	134
1384	224	141
1163	239	132
990	247	135
874	214	152
697	240	142
643	232	139
559	218	139
491	228	132
369	240	124
355	223	144
286	222	148
193	219	125
185	222	138
145	252	155
109	250	131
71	224	139
53	236	142
54	237	153
42	244	158
58	251	133
43	227	149
35	272	115
48	213	144
30	219	116
41	224	123
34	253	146
19	219	113
32	233	132
29	200	139
38	261	121
28	223	120
32	242	119
23	222	144
39	232	142
26	226	161
29	225	161
24	211	133
35	224	138
32	236	144
24	236	136
22	232	131
30	222	138
27	217	132
32	244	137
23	241	122
30	243	137
32	215	134
26	189	154
31	243	132
32	227	158
20	233	129
28	215	135
20	218	164
26	233	163
28	207	189
21	227	162
21	249	174
25	225	180
18	252	170
21	223	174
21	208	165
31	244	140
22	233	159
27	249	170
25	206	156
29	242	131
23	213	129
9	236	142
22	228	141
17	209	171
18	244	130
18	247	179
18	224	163
20	216	176
18	204	174
29	252	195
26	237	196
12	213	209
19	230	232
22	242	225
14	260	222
26	227	178
28	213	170
15	237	189
21	254	166
18	209	144
18	259	144
21	254	132
17	245	152
23	227	139
24	243	149
17	236	121
28	238	158
19	245	138
18	235	138
26	216	121
22	217	121
16	220	105
25	194	123
29	231	125
23	223	134
20	247	147
24	224	125
20	220	140
24	220	133
19	235	124
12	216	143
24	229	124
20	242	145
18	237	129
23	212	150
18	218	130
19	226	122
13	225	139
24	223	143
22	233	145
24	239	134
15	241	136
24	233	132
22	233	137
19	219	162
19	233	162
25	228	165
18	219	151
18	215	185
21	240	245
16	238	221
21	217	236
12	221	260
11	216	277
21	234	313
17	229	294
25	231	334
15	246	278
15	252	274
18	238	253
17	225	195
16	234	200
15	230	163
27	216	176
15	227	150
14	230	139
17	236	146
18	244	156
13	231	137
22	251	120
17	230	140
17	237	119
10	234	156
19	246	142
13	247	129
20	226	142
22	244	128
14	213	129
15	214	119
16	241	144
17	224	132
23	234	135
20	228	119
13	245	130
16	237	111
21	222	126
14	258	139
9	236	151
15	270	130
10	224	140
21	241	127
19	226	131
24	242	120
21	255	144
17	220	143
21	240	104
20	234	137
14	238	115
14	244	142
18	221	123
6	239	147
21	205	155
23	237	117
27	225	134
19	237	124
19	226	125
26	231	116
16	234	107
19	233	115
21	239	123
16	225	100
17	235	133
23	258	112
17	231	131
21	233	134
14	260	119
22	217	124
9	239	136
11	234	134
13	202	133
29	246	123
20	241	146
18	230	125
21	227	118
16	242	146
17	238	136
13	249	127
13	237	128
20	236	133
25	210	128
17	239	136
20	221	141
17	220	132
19	223	138
20	222	142
14	249	137
13	228	145
13	229	120
19	256	124
16	234	143
14	239	149
16	237	141
19	218	140
21	225	111
16	204	138
13	253	133
11	225	108
14	239	120
20	220	115
17	242	141
18	261	133
9	271	121
15	236	133
21	236	137
19	245	142
18	241	115
15	229	118
16	265	152
16	241	139
16	244	124
16	241	134
18	241	121
11	246	144
20	249	130
20	247	128
13	243	128
22	233	135
18	229	130
13	247	117
22	227	142
17	255	145
16	235	148
15	250	146
17	221	142
14	253	132
11	211	132
19	262	148
14	265	127
15	248	125
23	212	139
21	223	148
18	247	171
11	263	161
14	224	140
19	202	168
16	250	183
16	241	160
24	223	147
14	233	155
21	223	135
18	234	127
18	235	124
17	242	126
12	250	131
13	257	142
15	237	140
12	244	135
11	229	130
13	243	145
12	234	130
18	243	124
17	246	118
20	229	156
9	255	121
21	258	130
20	256	156
20	215	172
9	234	127
21	233	143
13	230	125
14	249	145
13	258	159
20	274	137
21	225	181
15	219	175
13	235	174
16	228	185
11	260	158
17	239	160
11	250	210
19	226	159
18	251	166
12	230	210
18	238	157
16	227	169
17	221	157
10	250	155
12	225	153
20	229	144
15	244	147
9	234	131
14	235	138
12	243	126
11	228	139
14	239	145
20	263	145
13	222	150
9	239	129
16	234	159
14	237	154
25	234	119
12	235	137
12	248	142
22	228	150
20	281	132
15	247	108
18	246	122
15	259	125
19	273	151
18	238	115
14	189	111
10	228	124
18	215	126
12	242	134
14	262	120
14	229	148
13	229	151
15	240	131
15	226	130
11	242	132
20	251	130
19	246	152
23	222	155
17	246	140
15	235	138
16	259	142
17	240	153
9	267	126
13	242	121
16	246	143
24	239	136
9	241	111
18	252	135
19	253	122
12	252	118
17	240	126
15	216	137
17	232	130
20	236	122
21	249	134
7	259	144
17	242	136
23	236	132
15	271	127
13	221	138
11	256	132
16	242	116
12	239	140
8	251	139
15	277	141
18	251	145
19	259	133
14	254	116
16	228	138
13	248	143
5	228	141
20	240	137
9	241	144
19	229	127
6	254	137
13	228	134
12	242	144
20	237	107
13	268	134
8	244	148
17	198	127
14	231	127
14	240	130
19	245	134
13	237	141
15	252	152
25	254	141
14	245	125
13	258	114
17	228	161
19	243	139
24	249	129
9	247	141
10	250	132
15	222	139
16	238	127
13	237	128
17	244	150
18	222	135
17	249	141
21	264	140
14	222	133
12	238	144
13	252	116
12	241	138
18	253	136
7	249	127
15	250	124
12	238	146
14	242	122
11	257	144
15	236	130
16	243	136
14	264	143
5	256	147
10	239	139
15	219	137
15	233	134
13	241	135
22	247	134
19	229	138
12	253	124
13	254	132
19	230	144
18	211	130
15	269	139
11	249	145
9	253	129
15	238	138
13	265	163
11	241	157
13	222	121
10	268	147
23	230	143
13	228	127
16	226	132
13	268	129
19	237	124
21	256	126
13	249	118
16	223	121
12	260	143
7	265	128
14	235	138
11	242	131
21	216	145
15	270	124
13	232	131
5	258	143
19	244	134
12	234	130
18	229	162
11	246	122
14	230	130
13	254	127
10	276	127
19	220	141
19	251	165
17	248	149
6	266	142
5	264	137
20	251	126
21	240	150
14	251	148
20	240	154
16	269	146
17	241	168
18	243	158
18	240	131
20	242	139
9	240	159
12	240	115
15	248	125
12	267	130
11	245	128
16	235	123
13	253	145
16	245	130
11	266	140
14	259	132
19	215	139
10	260	119
19	228	132
11	239	133
12	275	126
22	265	138
12	239	131
16	282	140
14	214	136
14	206	139
12	248	146
18	248	144
14	246	123
11	229	136
19	259	148
17	245	144
10	252	119
11	259	136
9	277	152
13	234	144
7	264	136
14	253	158
8	231	135
12	242	132
16	258	145
16	249	134
18	245	154
13	251	119
18	202	150
11	218	114
12	259	152
14	248	142
20	240	146
14	268	137
12	235	137
11	264	124
11	275	128
14	265	144
11	245	127
14	265	149
11	259	136
20	243	137
18	251	110
14	272	135
16	286	136
13	242	121
11	242	124
22	230	138
11	253	119
11	231	125
21	246	149
14	243	130
14	265	135
17	252	135
13	234	142
9	248	169
7	245	168
11	252	165
13	257	146
20	266	147
20	264	147
11	251	135
9	269	146
11	250	144
13	263	107
13	251	117
17	242	126
11	232	122
15	241	145
18	255	141
15	229	138
18	239	128
11	258	151
10	273	129
15	276	140
10	229	134
19	248	149
12	247	159
20	274	137
13	260	142
15	255	113
15	248	145
10	266	130
12	263	137
21	249	126
15	252	120
13	236	104
13	207	105
14	268	137
20	262	126
12	260	132
16	259	124
11	260	126
8	218	132
9	265	107
10	252	148
9	254	109
11	240	149
12	285	97
9	255	126
11	272	111
16	246	110
13	246	129
12	249	133
15	274	121
18	238	129
11	238	136
12	231	139
9	253	132
14	250	106
10	253	113
10	232	139
20	235	126
15	253	157
11	241	145
17	260	153
14	258	168
15	277	239
8	250	277
12	250	320
14	247	431
18	254	517
11	232	663
7	263	812
12	268	1071
10	267	1214
15	248	1522
10	233	1739
13	243	1991
9	256	2214
9	253	2289
18	255	2239
13	239	2098
20	251	1800
12	270	1560
11	248	1171
12	250	934
12	263	661
9	244	456
17	244	341
15	274	271
13	246	221
17	240	237
14	269	176
10	243	184
8	265	177
14	256	157
15	266	163
15	256	144
19	269	137
7	237	133
17	266	144
15	274	146
12	264	118
13	270	124
12	231	119
15	243	124
16	271	114
17	248	114
12	263	130
12	289	125
16	249	129
16	249	94
9	241	117
15	268	113
14	264	108
5	262	139
11	267	111
10	232	103
10	261	126
12	275	98
18	270	103
13	253	116
14	261	116
10	256	123
14	259	100
7	259	118
11	247	90
16	263	101
10	258	122
13	258	111
11	260	110
13	253	100
18	259	110
12	270	100
13	259	92
16	273	101
6	261	117
12	278	108
10	235	133
6	266	125
9	234	117
20	276	116
13	267	122
17	242	109
9	248	107
18	252	115
12	256	119
11	278	103
20	239	111
13	293	98
7	269	99
9	283	107
15	286	104
9	223	97
12	222	106
12	266	103
19	264	99
10	281	116
12	253	111
15	274	110
12	232	103
12	282	131
13	270	118
17	269	115
12	282	101
5	262	120
9	270	115
8	254	123
13	268	116
9	253	110
10	249	122
10	249	110
15	279	120
8	231	97
15	276	120
13	253	103
9	249	98
7	261	110
14	260	122
12	249	105
10	249	110
15	258	112
15	266	99
14	284	116
15	260	111
7	264	124
17	245	115
10	304	114
12	266	114
15	288	112
9	274	110
8	271	102
9	268	119
10	252	108
14	250	121
15	261	112
16	263	109
18	246	105
12	259	115
8	253	113
15	250	108
10	272	97
12	266	107
14	252	113
8	239	103
12	252	100
14	250	120
7	260	112
15	248	112
21	264	112
17	288	107
7	232	105
9	277	121
15	259	97
9	243	108
10	259	102
14	257	121
14	273	90
14	280	105
11	275	128
11	267	98
10	269	95
8	274	116
11	272	109
10	288	106
11	283	116
10	248	134
13	262	96
11	256	112
11	255	121
11	229	111
7	252	102
16	228	111
7	298	95
4	295	115
8	258	122
10	263	108
11	279	144
7	244	138
12	268	110
10	277	147
17	276	148
10	271	153
9	287	153
14	264	180
9	264	155
10	276	153
7	283	166
9	253	164
16	225	151
12	295	144
13	272	147
9	298	140
12	269	97
5	272	144
12	261	119
11	279	112
15	292	84
11	290	112
16	280	123
14	272	129
15	280	105
11	269	121
10	309	109
8	284	112
15	289	115
13	251	137
16	272	110
15	278	116
8	280	114
10	275	114
9	258	129
25	277	108
11	266	106
11	276	123
17	283	114
13	293	126
12	258	106
12	278	119
8	274	121
14	244	100
13	288	107
12	295	105
9	281	123
11	260	107
13	232	104
13	287	106
15	294	106
19	261	108
14	267	96
13	287	90
11	295	107
9	301	120
14	283	117
8	268	125
8	261	106
4	279	106
14	302	119
19	274	118
13	285	104
8	310	111
10	271	125
11	285	93
8	296	136
13	292	121
23	301	119
15	308	105
10	287	122
16	314	110
10	307	111
9	294	122
10	270	118
12	312	101
10	287	121
9	272	119
6	311	121
17	282	101
11	278	100
6	273	119
10	303	114
12	310	105
4	262	106
13	308	105
17	279	103
11	275	98
18	310	114
9	270	122
11	294	117
9	273	124
6	293	93
10	269	108
15	261	107
13	279	109
14	278	115
10	265	103
9	271	124
10	249	102
7	287	101
12	254	120
16	283	105
10	278	97
11	291	109
15	291	116
5	264	109
10	259	115
11	279	105
12	272	89
14	308	116
14	321	121
9	292	101
7	268	114
9	290	96
11	264	137
12	267	120
7	323	117
12	282	104
10	269	111
15	283	107
12	314	121
13	285	118
5	269	120
15	266	134
14	275	121
16	302	105
16	282	120
11	297	107
13	286	95
12	266	108
14	270	120
15	294	92
7	261	116
10	277	124
16	287	117
2	301	107
5	257	122
13	275	105
7	294	119
15	256	111
13	321	120
13	281	101
8	300	108
14	285	90
11	271	114
9	261	109
15	284	104
8	280	114
14	282	116
13	287	106
16	291	109
12	270	98
13	297	112
5	293	113
9	269	120
12	253	128
8	331	118
11	295	108
13	290	99
10	280	123
18	270	137
6	315	124
8	284	114
14	299	120
13	314	106
12	268	112
11	297	104
8	257	131
13	272	117
10	277	116
10	292	130
11	271	133
13	297	145
15	287	128
12	269	152
9	316	143
17	276	151
11	279	131
13	297	144
8	292	133
10	270	132
9	299	116
9	300	107
14	261	110
10	297	109
13	286	126
7	290	110
15	310	116
8	307	90
9	265	91
9	300	137
13	272	99
14	291	116
13	283	106
11	260	131
10	309	109
10	304	119
6	281	131
8	297	125
14	307	125
14	273	96
8	316	132
15	321	123
13	258	131
16	294	108
10	291	119
12	277	114
13	305	91
8	308	105
12	277	111
10	290	119
13	266	109
11	302	126
12	257	105
12	304	109
12	297	110
13	294	105
8	289	115
8	271	97
9	286	118
8	292	107
6	289	84
7	282	103
19	291	112
10	279	93
16	282	120
10	275	140
11	304	104
11	291	95
8	286	132
14	299	123
11	294	131
13	299	102
9	273	120
11	258	125
20	250	104
8	309	117
11	290	117
14	278	111
11	311	95
14	288	117
7	281	123
8	297	105
11	292	126
10	289	106
9	289	108
9	303	121
12	300	116
10	312	130
7	311	116
17	303	119
6	280	106
12	310	113
8	345	99
12	288	117
14	262	116
11	283	111
10	270	130
8	279	117
10	288	121
8	297	136
9	294	97
8	320	136
15	298	115
9	312	100
10	294	122
9	287	112
11	276	87
4	288	117
11	274	118
6	270	115
16	301	117
13	268	106
17	304	118
13	329	116
13	305	124
5	306	138
11	284	116
9	301	99
10	289	118
7	289	111
9	333	116
9	301	117
11	293	110
10	308	112
5	301	107
5	303	128
4	268	111
14	338	106
8	281	107
11	335	102
11	315	99
11	283	98
17	289	119
8	290	132
13	285	128
12	294	130
11	337	150
14	320	161
8	282	170
9	318	190
10	280	183
5	307	227
14	293	273
10	307	354
9	289	395
9	346	429
17	318	520
13	282	612
11	285	658
10	297	717
8	274	772
6	318	722
14	297	683
7	309	587
9	341	523
7	305	410
13	322	341
11	302	278
12	305	247
9	319	180
8	303	183
8	291	159
10	272	138
12	278	143
11	350	121
15	319	136
6	305	134
8	305	120
12	321	104
9	319	125
11	307	118
8	322	120
9	324	120
10	285	132
7	319	118
9	302	105
7	306	122
8	297	119
11	312	119
5	304	142
9	273	115
5	320	101
7	292	143
5	308	114
7	332	109
12	332	131
6	302	109
13	284	102
10	299	115
13	300	93
10	293	127
13	322	124
10	306	129
11	309	112
7	325	129
9	310	92
12	280	110
7	312	121
10	314	109
11	332	109
10	306	107
12	346	121
4	319	93
8	331	118
9	325	103
11	309	126
7	330	128
10	323	116
11	325	107
7	305	124
10	328	97
9	340	110
5	310	111
7	286	103
13	308	89
12	308	101
6	307	109
10	329	103
11	331	124
10	328	116
10	323	106
11	302	122
4	310	101
12	324	137
8	307	80
13	302	102
8	313	90
12	324	117
7	336	92
11	312	89
9	311	95
18	328	98
15	303	95
11	315	90
4	351	94
13	294	79
10	314	100
17	327	114
14	306	100
2	311	106
4	352	104
5	384	101
10	324	104
11	313	114
11	320	105
6	311	94
16	314	97
9	304	118
8	313	106
5	332	102
7	326	110
14	317	96
8	350	86
11	312	97
5	309	95
15	309	85
7	350	103
13	319	93
9	318	109
14	313	109
7	357	85
10	306	95
8	329	86
8	317	94
9	317	116
13	304	88
7	311	95
8	320	105
9	310	91
10	318	90
11	321	103
12	338	95
10	324	91
10	318	90
9	351	103
10	344	125
11	308	100
14	324	94
4	351	105
11	339	101
11	337	96
8	340	95
7	335	83
15	324	97
10	309	102
10	287	89
13	371	112
5	319	99
14	348	105
9	318	94
4	288	101
8	361	107
9	357	106
7	337	113
13	347	104
9	334	89
6	373	104
11	334	111
14	343	94
8	322	104
10	318	98
4	335	100
11	344	110
9	344	102
11	360	92
11	343	95
8	350	116
11	338	106
4	359	101
10	341	106
7	352	98
8	319	109
9	328	107
9	328	104
7	317	103
12	308	111
10	351	108
11	311	87
5	317	91
9	343	88
6	313	103
12	328	111
8	335	106
5	334	111
8	362	93
9	324	102
8	310	86
9	358	111
14	331	102
7	344	118
9	361	105
12	313	123
12	349	120
5	347	108
9	346	96
15	322	87
13	363	102
11	358	113
13	339	86
7	338	98
10	347	83
5	378	84
9	352	85
6	343	86
10	327	100
8	359	88
12	318	89
7	356	86
7	310	84
9	347	89
7	344	95
9	334	84
6	341	84
8	355	85
12	344	84
9	377	102
5	334	91
7	335	86
9	334	83
9	332	97
8	387	87
13	372	76
7	361	80
7	379	64
14	333	87
9	317	71
7	345	75
9	347	76
9	357	76
7	367	92
11	356	88
14	397	81
10	399	68
15	303	71
4	338	89
3	354	84
10	373	91
10	344	89
5	374	79
12	333	79
15	317	94
18	372	79
16	330	76
12	363	83
21	382	96
9	350	93
9	361	88
12	356	83
9	350	86
9	362	82
10	366	92
9	324	92
9	350	67
13	372	79
13	369	79
13	372	64
4	365	91
10	374	84
7	350	80
9	360	77
7	364	60
5	358	72
4	384	82
6	348	79
14	369	79
9	338	80
5	337	72
8	389	79
5	331	94
8	343	70
7	371	77
8	365	82
8	352	94
8	341	77
6	352	90
5	333	88
6	406	117
9	372	96
10	405	87
8	377	83
8	382	121
5	394	126
9	389	111
7	360	121
3	349	106
4	354	114
9	382	178
4	404	121
8	330	124
7	379	156
10	336	102
9	340	119
8	336	103
9	389	79
6	359	106
4	357	76
8	380	103
10	359	79
10	338	72
3	356	89
6	387	91
7	374	75
6	346	89
7	371	85
7	379	92
13	379	68
12	425	72
4	363	79
7	351	77
6	442	84
10	393	77
8	380	71
7	413	66
4	352	63
11	384	78
9	402	73
3	384	86
3	367	89
6	345	89
5	385	103
7	332	93
8	416	121
14	366	101
8	386	113
11	369	107
4	362	101
9	384	112
8	424	103
9	358	109
6	354	83
11	410	74
12	382	81
4	358	81
8	376	68
11	370	76
7	368	90
6	378	63
8	382	81
5	344	70
10	354	69
6	374	48
8	391	83
6	393	83
5	384	77
5	355	85
9	409	73
10	384	79
6	403	84
10	381	100
8	381	89
14	336	80
6	380	71
6	374	92
7	354	68
10	363	63
13	324	59
11	405	65
8	337	67
4	397	75
9	422	76
9	357	86
7	401	83
7	348	68
8	404	73
15	377	71
5	389	66
13	395	73
4	377	83
8	389	81
7	387	79
10	400	66
5	363	77
5	416	77
5	398	72
7	369	70
9	403	74
6	389	61
9	415	79
4	342	63
5	408	77
6	395	86
3	415	86
9	397	70
6	379	64
8	453	72
9	372	74
11	396	91
3	398	69
6	380	66
6	369	88
8	384	74
4	405	52
4	361	43
8	391	78
2	397	76
10	387	57
4	403	59
7	425	69
6	424	76
7	385	62
7	414	67
5	370	89
11	384	76
9	394	66
10	382	71
4	384	80
13	413	49
11	428	72
6	379	64
6	402	66
6	399	64
7	442	55
4	432	82
11	391	69
9	388	76
16	379	79
7	356	68
7	436	72
4	371	79
4	399	56
10	387	56
9	425	63
5	395	63
5	410	72
6	402	72
6	407	56
8	368	76
10	391	77
11	418	70
7	431	66
8	400	71
8	377	72
15	400	76
8	399	75
9	431	56
9	436	72
9	383	61
7	427	73
5	365	79
10	423	67
8	387	87
8	405	69
3	436	85
4	405	78
5	373	80
8	424	61
9	398	60
3	436	71
4	436	59
5	415	70
9	391	70
7	437	82
6	429	57
6	402	79
11	425	62
4	387	71
8	383	72
8	391	63
7	441	64
9	411	60
6	390	73
7	391	74
4	431	66
7	434	75
11	445	76
9	383	63
6	378	80
7	425	61
8	360	68
4	396	71
6	370	74
6	416	70
4	434	80
5	412	65
6	413	60
7	419	67
7	404	71
8	415	77
6	351	81
5	403	64
10	393	78
5	435	78
4	417	76
4	388	92
5	419	49
2	385	55
4	397	68
8	360	61
3	356	69
8	383	78
6	388	74
4	391	66
10	385	77
8	398	70
5	391	64
9	386	89
6	386	61
6	384	68
4	363	71
10	406	72
4	392	76
5	376	72
6	366	71
2	402	87
1	382	67
9	390	91
8	385	76
6	342	101
5	418	100
3	395	133
1	423	152
6	345	175
11	380	244
6	361	304
5	375	386
7	319	517
5	324	626
7	394	774
6	348	1005
6	348	1276
6	361	1391
10	381	1577
7	312	1799
6	355	1918
4	339	1977
11	337	1839
8	325	1773
9	333	1537
6	356	1244
13	335	1023
7	314	753
6	348	573
4	308	386
6	346	322
6	302	237
5	340	169
8	328	148
9	361	113
8	333	96
8	318	124
4	328	100
11	329	112
5	347	99
4	332	92
3	345	83
10	312	80
11	290	84
9	336	69
6	305	58
6	317	85
9	315	66
16	319	51
18	294	70
9	334	67
10	302	67
8	289	68
11	321	74
4	307	66
6	344	57
5	291	62
7	337	60
8	328	56
8	323	60
8	295	65
12	320	69
8	320	58
10	279	63
4	283	63
5	312	54
12	308	65
9	312	64
6	302	63
7	312	62
5	284	63
5	268	64
7	301	52
4	299	63
3	296	72
5	300	60
2	313	75
9	309	54
5	301	60
7	285	53
11	305	59
4	283	63
9	324	71
6	291	60
5	291	62
3	312	61
11	292	60
7	286	51
6	301	50
6	303	67
4	304	59
10	293	61
7	315	60
4	277	55
7	341	60
9	304	48
11	298	56
7	290	67
6	252	60
8	297	58
8	317	61
7	287	65
6	310	53
7	319	64
3	279	59
5	282	68
7	275	62
6	286	62
8	289	76
5	284	56
7	289	52
8	290	71
4	265	54
6	291	61
8	286	58
1	297	59
3	281	52
5	256	58
8	319	53
8	296	57
6	297	53
6	291	57
9	274	70
6	305	71
6	310	50
9	307	49
7	262	65
8	296	62
7	301	46
10	272	58
2	275	75
9	256	59
3	308	60
8	288	52
8	312	78
6	280	60
3	324	48
4	264	48
5	247	50
11	271	69
7	270	69
10	301	58
6	264	58
2	283	67
9	280	49
6	273	51
6	271	44
9	278	50
6	257	62
8	288	52
3	260	53
5	306	58
11	292	59
7	273	54
2	282	69
7	278	51
3	277	55
5	277	56
6	289	64
12	291	75
7	277	50
5	241	58
12	292	68
3	284	60
8	278	58
7	276	54
9	284	56
4	300	56
3	292	72
9	294	69
13	293	61
10	243	51
6	255	43
5	288	45
3	292	65
5	292	48
6	289	49
10	299	49
5	289	49
3	248	48
8	275	49
6	301	64
4	289	46
11	308	64
3	270	60
6	276	58
4	274	49
2	278	55
3	273	55
14	263	76
9	264	53
10	283	66
8	287	66
9	255	45
6	276	55
6	272	50
2	283	58
6	258	43
2	284	59
7	262	39
5	281	39
5	299	36
6	294	49
5	295	59
3	268	50
4	313	56
3	293	47
7	284	62
8	244	45
8	289	57
9	295	55
5	254	54
8	280	53
3	271	56
6	258	54
4	273	58
11	269	54
12	255	49
8	282	57
2	286	46
6	270	42
7	265	51
4	275	49
7	294	56
3	263	49
8	278	52
8	266	59
7	247	68
6	304	55
10	294	59
6	260	66
7	272	66
4	297	90
7	250	81
11	259	108
11	291	109
3	247	122
9	263	116
4	268	111
4	275	130
5	269	126
9	268	140
8	272	121
7	243	123
9	258	109
7	276	102
4	283	62
12	289	71
5	248	74
10	291	73
6	279	57
7	261	61
6	260	49
2	236	74
6	281	51
3	251	55
3	238	48
8	266	53
6	259	48
3	274	47
8	297	48
4	269	55
8	276	38
3	274	57
5	277	56
5	268	65
7	258	49
11	267	68
9	239	58
10	266	41
3	272	53
10	276	50
4	231	58
5	248	47
6	257	67
1	307	39
7	293	48
7	256	46
3	247	42
5	288	62
7	267	46
3	249	48
9	285	50
4	284	52
4	257	54
9	288	40
8	273	35
8	252	65
6	265	47
7	243	52
5	260	61
5	243	50
4	289	49
4	235	39
6	289	42
7	245	41
5	286	42
1	254	56
4	254	35
5	256	60
6	243	44
3	261	59
4	265	51
6	288	46
2	286	51
4	288	34
6	249	56
5	261	48
1	246	54
7	233	52
8	263	52
7	258	55
13	251	51
10	268	39
2	290	49
2	258	41
7	250	53
9	246	56
3	257	58
3	260	51
11	246	47
6	265	43
10	266	41
4	286	58
4	246	50
9	270	57
7	240	52
3	259	53
10	289	54
3	255	55
8	288	43
14	263	40
4	268	64
4	259	50
4	230	61
5	261	61
3	260	51
1	245	56
2	266	40
9	274	58
5	251	48
4	270	40
3	260	45
7	252	54
4	260	51
9	246	40
11	267	57
8	270	53
6	254	52
9	259	54
2	260	48
5	239	36
7	254	52
5	249	49
5	257	40
7	236	51
5	255	48
8	279	62
2	221	46
3	256	56
3	284	53
6	246	52
9	238	44
4	241	43
11	265	39
8	255	37
6	247	44
5	228	54
8	249	45
3	282	54
7	286	53
4	275	64
5	266	54
5	260	49
2	268	49
2	250	64
3	246	61
2	254	53
7	243	43
8	269	45
8	257	49
6	239	47
7	253	53
8	269	42
3	271	57
6	245	64
7	275	60
3	262	49
5	244	58
6	228	55
10	263	50
6	278	41
3	276	48
7	250	52
6	276	60
4	251	44
5	289	23
6	294	57
6	264	42
2	252	39
5	275	62
5	245	43
4	267	50
4	249	53
5	260	54
6	257	66
2	276	46
2	248	37
6	244	56
7	257	44
3	275	52
2	245	49
7	295	43
1	246	43
5	282	53
7	258	47
9	259	40
4	274	53
3	287	49
4	237	61
4	238	53
3	246	51
6	249	51
6	306	47
6	261	42
5	256	65
4	245	55
4	298	50
8	246	49
3	255	53
7	271	48
3	269	50
4	257	49
4	255	32
4	263	50
5	265	44
5	251	50
5	230	48
4	249	57
6	255	60
6	248	38
9	241	42
5	245	54
7	225	49
2	248	47
3	264	51
7	256	38
5	272	43
2	260	55
3	246	50
6	260	58
6	258	40
7	242	43
6	261	43
3	242	41
7	253	46
5	268	53
3	236	57
5	251	50
5	240	42
3	263	50
8	243	53
5	292	61
4	246	49
10	240	51
6	240	47
4	235	46
3	266	39
2	252	51
3	256	58
7	240	50
4	263	44
2	259	46
10	232	42
3	217	36
5	277	56
6	268	61
5	241	38
2	237	40
5	271	50
8	215	46
3	231	42
4	267	48
5	223	54
5	270	43
4	228	47
5	237	61
5	249	48
1	264	52
4	258	43
7	256	50
2	271	52
5	218	49
1	264	44
6	271	50
8	243	52
10	236	35
3	252	61
6	239	53
10	256	59
3	242	48
8	236	52
5	253	38
6	256	40
5	248	59
1	250	48
6	282	53
4	256	52
3	250	46
6	233	45
7	234	65
4	231	58
10	279	49
2	228	53
6	249	36
2	250	53
6	239	54
7	229	56
5	247	55
6	254	55
9	294	52
7	276	42
8	259	37
3	225	50
2	264	45
6	249	60
7	241	42
5	275	64
7	264	60
3	274	36
5	273	40
5	229	56
5	255	49
8	229	44
7	256	41
5	249	57
3	225	55
3	257	52
6	287	63
5	224	50
5	262	44
5	245	47
4	236	46
5	289	42
8	231	47
4	232	45
8	246	47
3	276	52
6	223	60
3	243	42
4	268	59
6	247	54
5	249	52
4	241	48
4	248	59
11	256	49
2	266	51
0	267	47
4	242	54
6	261	54
0	265	48
12	230	58
5	229	51
8	235	49
2	261	52
1	252	49
5	241	53
6	245	52
6	231	63
2	248	49
6	266	48
3	287	56
3	243	57
5	220	52
1	238	56
5	242	45
4	260	43
10	239	55
5	296	34
3	253	43
11	278	57
8	254	63
10	256	51
8	270	55
4	236	50
5	250	58
5	247	60
5	241	62
6	234	46
4	265	39
4	258	60
5	260	51
9	231	43
6	288	54
4	256	51
3	258	48
7	244	63
6	275	47
4	258	45
2	257	58
5	246	41
5	253	45
7	233	46
1	244	53
4	260	53
6	258	44
4	232	53
2	278	50
4	264	65
4	250	48
4	250	63
6	266	48
2	272	50
2	269	56
7	227	58
8	237	59
4	235	46
3	281	46
4	259	59
6	270	39
1	231	56
6	257	62
5	247	40
8	267	52
3	269	55
6	249	58
3	272	60
5	248	57
4	278	53
2	257	57
2	248	55
7	255	51
1	276	55
3	243	42
9	258	54
3	259	58
7	286	53
4	257	48
2	267	56
5	268	55
4	258	61
4	270	64
4	216	63
7	265	66
8	245	51
6	261	53
4	278	49
7	267	66
2	257	63
4	226	57
4	253	79
1	246	78
4	273	83
11	239	81
6	288	96
6	250	122
4	271	200
5	240	198
7	279	270
5	256	322
4	257	400
6	284	533
3	248	637
3	287	735
6	291	916
7	279	977
4	222	1075
4	255	1187
5	265	1191
4	265	1217
7	252	1114
8	261	953
4	266	883
5	272	658
2	276	504
2	262	388
7	255	308
5	252	238
3	275	195
3	246	171
6	285	137
4	259	174
2	277	174
4	274	186
4	265	199
8	279	222
1	256	215
5	300	263
4	285	274
5	316	262
3	258	256
9	268	249
2	288	185
5	283	174
2	224	147
5	262	140
2	280	104
11	233	88
5	246	93
4	275	78
1	268	64
5	264	71
5	243	47
1	268	58
5	265	62
4	256	53
7	257	44
5	286	50
2	255	53
6	263	53
2	286	61
2	267	54
5	271	55
6	249	57
3	266	55
4	282	41
9	268	61
4	289	44
6	276	56
6	284	56
6	277	41
5	239	53
6	282	52
8	262	43
3	275	48
6	287	57
7	276	56
3	270	48
5	278	48
3	249	57
1	280	48
4	229	39
0	286	41
3	266	40
5	271	47
7	262	47
5	254	51
0	259	61
0	263	43
1	263	52
6	262	57
5	265	56
5	268	51
5	283	53
5	284	47
5	281	44
1	286	53
4	278	50
3	263	55
6	273	52
3	261	55
4	288	44
3	274	40
7	248	56
3	254	62
6	271	52
2	257	56
4	275	43
5	287	51
4	266	52
6	253	48
6	272	38
1	272	54
6	259	45
5	256	65
6	273	51
3	271	45
4	300	43
5	286	48
3	285	48
5	249	58
1	271	44
9	252	57
6	285	49
3	273	36
4	267	38
6	270	54
4	271	48
5	268	62
4	259	53
1	294	56
3	266	57
4	260	55
4	267	62
2	237	67
5	293	85
5	273	78
7	281	62
3	282	75
7	266	82
2	250	78
8	246	100
6	246	105
2	250	132
4	277	166
3	261	195
3	286	233
2	270	288
2	243	397
5	267	468
7	271	668
3	262	748
6	274	891
12	302	1075
6	272	1204
2	263	1379
5	303	1477
1	241	1515
4	226	1516
7	253	1428
4	272	1308
2	247	1187
6	245	937
3	268	778
1	265	589
5	260	433
3	271	305
5	269	275
8	240	167
3	252	162
5	272	123
5	227	105
5	252	83
7	229	76
10	268	88
4	275	82
4	245	86
2	264	83
2	236	50
8	234	61
3	258	79
3	222	55
5	248	56
8	252	45
7	251	62
9	236	60
3	226	36
4	217	54
3	222	45
3	247	48
4	211	58
4	208	53
4	231	42
3	203	49
7	208	36
3	216	51
6	209	51
7	251	53
4	218	59
6	200	47
2	208	46
5	184	41
6	218	53
5	213	41
4	200	43
9	175	50
3	160	51
2	180	53
5	201	44
5	211	60
4	188	47
1	180	33
6	201	53
6	171	51
6	211	49
7	212	51
4	188	55
6	193	62
4	171	52
6	176	55
8	171	44
3	170	44
4	177	63
4	189	47
4	163	45
7	165	59
2	154	56
1	183	52
2	185	52
4	195	47
2	177	40
4	148	38
0	190	56
2	178	53
3	179	46
1	167	50
4	183	47
4	181	46
2	153	48
4	160	53
4	179	54
4	174	46
3	161	51
2	174	55
4	181	54
7	170	52
5	158	55
2	171	39
4	197	51
4	160	50
3	184	67
3	170	41
4	142	42
3	168	47
2	138	50
2	174	37
3	149	45
3	177	49
5	168	50
4	158	70
7	168	63
0	188	55
4	170	58
5	178	46
2	169	41
3	158	42
4	167	44
2	154	56
2	159	49
1	158	55
2	135	52
7	167	62
6	189	37
7	145	55
4	180	49
7	159	50
2	158	42
2	159	44
5	141	53
3	156	50
3	144	48
2	168	53
4	151	55
2	157	67
6	127	44
5	159	52
5	155	46
6	164	43
5	187	51
1	142	42
5	149	50
3	149	57
2	144	51
7	172	47
2	163	61
2	153	49
2	134	54
4	181	46
2	152	54
2	161	49
6	133	61
9	160	40
9	159	49
4	159	61
4	158	56
3	160	48
2	156	54
0	133	50
2	162	63
8	160	60
2	141	50
2	140	39
2	134	30
3	152	50
0	153	54
11	161	56
4	152	52
1	167	60
3	132	50
4	135	43
5	144	52
5	153	46
4	146	49
3	173	50
1	172	45
4	137	39
3	155	48
5	145	53
8	159	55
3	137	53
4	161	45
1	142	49
4	145	48
4	155	50
9	143	54
1	152	48
2	159	60
7	141	40
1	146	54
6	150	58
4	162	41
4	114	56
6	159	50
5	131	44
5	155	46
3	136	55
2	122	58
4	139	60
2	151	64
1	146	52
1	165	52
5	147	50
1	136	39
4	145	56
6	149	62
3	138	46
0	129	64
6	152	61
3	135	53
5	158	53
5	140	50
5	172	50
2	160	44
3	124	48
5	136	37
3	156	49
2	149	50
5	152	48
2	145	49
2	142	49
3	151	46
6	139	60
2	135	38
4	138	59
3	123	57
3	146	61
5	140	54
1	154	48
2	167	59
2	124	54
4	141	55
6	144	51
3	157	55
2	144	49
2	173	52
3	137	48
2	136	45
3	117	52
2	130	53
3	140	55
0	153	56
3	135	60
2	135	55
0	147	70
2	151	62
7	155	49
3	150	51
2	165	48
4	133	60
2	145	57
0	146	57
4	150	54
5	157	62
4	167	51
6	139	54
5	145	56
6	134	54
3	154	54
4	144	50
1	160	51
4	125	57
2	132	61
2	144	52
2	129	67
3	157	50
3	135	66
3	139	56
3	120	66
4	149	69
3	139	57
2	140	48
2	136	55
1	127	71
2	130	44
3	126	80
6	155	51
5	140	49
3	125	64
3	143	60
1	131	53
5	139	52
6	143	65
4	139	48
2	143	49
5	146	53
3	140	49
1	151	57
1	140	70
4	124	54
1	147	56
1	144	61
1	153	63
2	148	55
8	148	60
3	149	55
4	147	61
3	151	57
4	150	55
3	134	46
5	132	61
2	129	65
1	158	45
2	154	50
4	143	50
3	172	53
2	180	52
4	187	46
0	175	52
2	212	54
5	249	63
2	275	67
3	323	62
3	389	58
2	464	52
6	532	66
5	700	60
2	912	52
5	1087	63
4	1328	69
1	1692	44
5	1913	55
4	2489	78
4	3023	58
5	3676	64
5	4307	58
3	5041	64
3	5734	49
2	6567	63
2	7183	64
1	8051	65
3	8387	74
4	8643	53
3	8485	65
2	8109	48
2	7493	57
2	6709	54
1	5731	52
3	4745	47
2	3778	62
3	2830	45
3	2182	52
1	1614	53
3	1283	68
1	1048	58
0	813	47
1	686	55
3	628	58
1	572	49
3	521	55
3	420	57
2	388	58
4	405	61
1	381	57
3	340	59
3	308	61
2	307	54
2	226	58
3	241	51
0	187	61
1	193	57
5	171	47
1	157	56
2	158	59
0	153	61
0	117	53
8	116	46
4	103	54
1	100	74
2	110	56
6	101	45
7	117	53
1	108	55
2	90	65
3	86	72
4	100	43
2	106	60
1	85	41
0	91	53
3	96	54
3	95	57
7	99	54
3	106	62
1	92	62
4	97	45
1	93	49
2	91	61
6	97	47
2	96	61
5	100	57
0	108	39
3	106	55
0	103	39
0	83	42
0	82	53
3	90	62
2	90	54
1	100	50
5	96	65
2	88	50
5	92	49
2	91	57
0	97	64
5	86	57
4	77	60
3	100	54
2	84	49
4	98	51
4	85	59
3	79	50
2	68	59
2	72	54
3	92	49
2	93	56
4	90	56
6	97	62
3	86	49
0	84	59
5	79	51
1	96	49
3	99	63
2	82	51
4	82	45
3	64	52
2	93	38
5	81	54
3	85	50
6	70	43
1	85	41
1	84	46
1	76	53
1	79	46
6	69	53
2	57	42
4	64	51
1	70	50
3	76	45
0	67	42
2	83	41
4	90	40
3	56	45
2	93	54
6	75	46
2	65	46
2	75	51
2	93	40
2	67	41
3	94	46
2	77	36
1	77	42
3	73	35
3	81	46
2	87	40
5	84	42
4	86	45
3	73	37
1	70	40
5	52	33
3	95	43
0	73	38
5	80	28
1	74	42
4	79	34
1	94	40
2	70	38
6	72	34
2	72	30
3	61	39
1	60	49
6	63	47
1	66	47
1	60	32
6	71	46
3	78	27
1	67	44
2	92	32
3	73	29
1	73	36
1	82	27
5	64	39
1	66	39
3	95	27
1	71	42
2	81	42
3	72	35
4	54	33
1	64	34
5	71	37
2	77	46
2	74	35
1	54	26
1	69	50
6	74	26
1	65	46
1	79	47
5	80	31
3	60	44
3	77	37
3	66	33
2	56	23
0	71	37
4	62	38
3	70	38
4	63	34
2	76	38
2	68	38
2	53	36
2	72	41
2	66	38
2	79	35
0	81	32
4	58	34
1	66	33
3	73	37
5	64	37
4	57	29
4	70	40
2	58	39
0	70	28
2	61	44
2	57	43
0	56	32
1	61	29
4	66	28
0	68	35
2	64	34
3	52	33
1	55	29
1	68	34
4	60	38
3	53	29
4	64	51
3	53	35
6	59	59
2	53	53
1	59	70
3	54	66
3	62	82
5	69	104
2	39	114
5	72	126
0	65	159
1	61	149
1	59	173
6	72	179
4	71	191
1	59	153
3	63	167
2	70	122
3	62	143
2	58	101
2	61	72
1	63	69
1	61	67
1	70	44
3	65	41
1	53	38
1	56	42
2	53	38
0	60	38
0	58	38
5	51	34
1	57	28
4	46	33
3	61	20
5	59	27
0	48	35
1	54	42
1	51	37
4	59	45
5	47	33
4	60	27
1	53	24
2	51	36
3	52	23
4	47	27
3	61	31
0	43	35
3	48	24
2	53	36
3	48	31
2	53	44
2	61	34
2	61	34
1	48	38
6	43	25
2	62	15
2	52	32
3	59	35
0	57	33
4	49	24
2	55	35
3	47	39
2	51	32
2	51	31
0	49	27
2	48	37
1	39	25
3	50	29
3	45	30
3	61	31
3	59	46
2	42	32
2	50	30
4	47	30
3	52	24
4	49	26
2	56	32
4	44	23
3	48	24
2	38	24
2	44	37
5	40	32
0	48	26
1	46	35
3	41	25
1	40	21
1	41	26
3	47	33
6	43	26
4	65	27
6	44	25
0	41	32
3	52	24
4	43	24
2	40	33
2	33	25
5	40	23
0	47	30
1	52	28
2	47	31
3	37	37
4	45	31
6	54	32
6	40	25
3	57	20
4	41	28
3	46	23
0	44	26
5	50	29
3	42	54
5	35	26
1	46	40
2	61	34
2	46	23
3	47	31
2	46	34
2	48	41
5	56	29
1	51	30
1	45	25
2	37	30
2	48	30
0	47	20
3	42	25
3	42	21
2	55	28
4	46	27
3	48	29
1	38	30
0	41	36
3	44	19
1	49	24
3	50	40
0	43	28
3	44	30
2	40	26
3	58	22
6	44	28
1	49	31
5	36	28
2	40	27
1	40	31
1	36	30
2	49	24
4	55	33
5	50	22
8	42	27
5	55	23
2	46	27
3	38	28
1	39	29
5	45	19
2	47	26
1	50	25
2	44	39
1	40	18
5	45	32
3	36	28
4	41	21
4	43	28
0	51	38
5	42	18
3	43	21
2	42	28
1	43	21
2	42	35
2	39	21
4	38	29
2	45	25
7	46	23
6	45	23
2	36	20
4	45	23
8	43	29
3	35	27
1	43	30
4	31	23
3	39	23
3	45	27
10	35	31
1	37	30
1	43	31
2	29	21
4	36	32
0	38	23
3	39	30
4	34	22
2	36	26
1	32	30
0	45	16
2	34	27
3	47	27
0	41	18
2	40	19
3	42	25
2	46	18
3	44	34
1	31	25
2	49	25
6	49	32
1	59	29
4	32	26
2	54	28
2	45	27
2	38	29
4	42	25
1	32	34
3	30	39
1	41	46
3	41	51
2	45	32
4	38	45
1	42	43
2	35	31
4	51	41
1	43	42
1	40	39
0	39	26
3	32	31
3	41	24
0	32	25
3	33	21
1	28	22
2	44	29
1	37	19
0	46	25
1	35	21
3	34	22
3	34	27
1	34	24
2	31	24
0	30	20
3	31	20
1	27	23
4	33	23
3	35	19
2	37	25
0	37	19
2	36	17
2	35	24
1	33	28
4	32	21
0	44	23
0	29	24
1	36	19
4	37	25
3	32	21
0	35	31
4	39	27
2	39	14
3	41	23
2	45	20
1	35	21
1	34	27
3	44	15
1	29	29
3	38	25
2	34	27
2	35	16
1	31	24
0	33	22
4	31	18
2	32	25
3	37	28
2	30	30
0	32	23
4	43	19
2	30	23
4	32	31
2	33	31
3	34	22
1	31	26
2	48	26
5	36	19
3	32	23
5	41	20
2	35	20
2	40	18
4	37	17
3	40	26
2	33	34
3	30	26
2	33	29
4	42	17
1	31	19
2	38	22
1	35	25
6	34	16
5	27	21
2	43	15
4	39	14
5	38	26
3	29	20
2	40	20
1	22	20
2	25	11
1	40	21
2	33	19
3	30	17
0	36	24
1	34	16
4	28	24
2	22	21
1	37	15
1	28	17
0	27	12
3	41	21
2	26	22
2	36	23
3	34	24
0	31	14
1	31	19
1	33	13
4	32	21
2	20	12
2	26	20
5	27	23
4	27	15
3	32	23
3	31	15
4	28	23
3	31	22
1	36	19
3	36	19
1	33	36
3	29	14
2	45	19
0	30	22
2	33	15
3	41	17
3	40	17
1	32	24
2	39	16
1	34	18
0	31	14
0	40	10
1	40	24
5	35	17
2	31	26
1	38	29
1	30	22
3	29	28
2	43	21
0	35	19
3	26	17
1	43	17
3	33	19
2	28	16
2	28	9
2	26	21
0	40	16
0	45	24
0	37	15
5	31	16
1	39	13
2	37	18
5	34	18
1	33	25
4	28	14
3	38	19
1	40	9
2	35	22
2	28	13
2	35	16
0	23	10
1	37	19
1	40	14
1	34	23
2	35	16
2	39	15
3	25	25
3	23	18
2	27	18
0	33	18
3	23	15
0	18	17
0	39	16
5	30	17
1	27	25
1	35	22
1	24	20
3	37	18
4	33	15
2	33	11
4	36	17
1	42	20
3	35	21
2	36	17
1	36	15
1	40	16
4	34	20
4	37	24
0	35	13
1	24	13
6	41	16
2	24	15
1	33	17
1	31	19
1	21	13
2	42	14
3	25	17
1	35	18
3	33	20
4	31	13
3	47	17
2	22	20
3	28	20
2	25	18
3	41	9
1	42	14
4	40	10
3	27	16
3	35	19
1	27	13
1	28	13
1	40	18
5	35	18
1	24	19
3	28	12
5	36	16
1	30	10
2	35	14
1	31	10
1	27	11
0	33	11
3	30	18
2	29	20
5	39	20
4	32	17
2	27	18
3	30	10
2	38	16
1	34	14
2	37	18
1	36	24
2	35	14
5	32	28
2	40	18
1	33	22
0	24	30
3	28	26
2	40	19
4	39	13
1	29	18
5	27	14
2	32	14
5	23	20
4	31	17
0	40	12
1	27	9
1	24	10
5	28	20
3	40	22
7	20	14
1	31	13
4	39	13
1	31	30
2	39	26
0	27	29
3	30	34
3	29	37
2	36	38
3	33	59
3	29	70
3	33	90
1	28	85
1	21	95
4	29	121
2	27	142
3	44	152
0	35	157
4	36	175
1	39	172
1	34	163
2	31	131
4	31	107
3	27	103
3	39	71
3	43	54
5	38	54
4	31	31
1	25	22
3	27	23
4	21	22
4	34	22
3	23	27
1	34	19
2	37	10
0	26	15
4	44	19
2	26	10
2	30	9
2	38	15
2	29	12
5	29	7
0	27	7
1	35	10
2	33	11
0	28	13
2	28	10
2	31	14
2	24	20
3	27	14
4	35	9
2	30	18
0	39	16
1	36	13
2	39	10
3	43	11
1	34	12
0	30	10
0	35	6
1	33	9
1	36	12
6	31	14
2	32	14
3	28	12
3	35	14
1	33	10
3	33	7
1	22	13
4	46	8
2	34	9
2	31	12
4	42	15
1	17	9
4	33	9
0	29	16
2	22	10
2	26	13
3	39	8
3	40	13
2	21	8
2	31	9
5	25	9
3	32	12
4	38	10
3	29	15
4	38	15
1	34	12
2	30	9
2	29	9
6	35	12
0	33	6
1	40	15
3	31	12
3	28	11
3	34	10
4	30	12
6	38	13
5	38	9
7	40	8
3	39	16
5	45	11
2	35	11
3	21	12
4	30	6
0	38	14
1	28	10
3	41	11
5	44	9
3	41	9
2	31	12
2	27	12
2	24	13
3	39	12
1	40	11
2	33	11
2	35	9
5	55	17
2	37	9
2	35	11
3	39	10
6	32	11
5	24	12
2	26	12
1	39	8
8	37	5
3	30	15
0	47	11
4	27	8
10	31	10
4	38	15
5	30	7
4	32	14
4	41	8
3	36	6
3	38	13
5	38	6
6	27	7
4	26	8
4	42	15
5	28	13
11	38	13
4	45	11
9	36	12
7	45	8
8	44	9
4	46	10
7	33	11
5	44	10
6	58	10
3	45	9
7	42	9
2	52	8
4	40	12
3	46	8
3	48	10
3	37	13
2	46	10
1	44	8
3	46	11
1	59	6
1	46	11
2	42	5
0	55	10
1	46	9
1	69	11
1	44	16
0	59	10
0	49	8
1	71	5
0	81	11
0	88	5
1	87	13
1	141	10
0	165	11
0	219	8
1	288	10
1	373	7
0	479	14
1	562	11
0	774	15
3	996	9
0	1256	8
1	1483	9
1	1845	8
0	2264	9
0	2833	14
0	3217	7
2	3885	5
0	4444	9
0	5172	11
0	5695	19
0	6383	7
0	6882	10
0	7276	11
0	7215	8
1	7087	4
1	6947	4
2	6344	13
0	5586	8
0	4821	6
0	4049	7
0	3235	6
2	2524	8
1	1936	9
1	1482	15
1	1095	7
2	927	6
0	647	7
0	574	11
0	436	9
2	434	11
1	374	8
1	329	6
0	282	4
1	281	11
2	251	6
1	233	9
2	205	7
2	168	7
0	155	10
2	141	8
0	104	4
0	81	6
1	84	7
0	62	9
0	53	6
2	42	10
0	34	6
0	43	11
1	22	5
0	21	7
1	23	11
0	18	14
2	12	9
1	14	8
1	16	7
0	17	6
0	14	8
0	14	5
0	10	11
0	23	12
1	18	2
0	15	6
0	25	9
2	16	6
0	14	4
2	19	4
0	18	9
0	13	8
0	12	4
0	14	3
2	13	7
1	10	8
1	17	7
1	17	10
0	9	10
0	19	6
0	15	4
2	16	7
0	21	4
1	16	9
2	15	7
1	22	7
0	12	13
0	15	8
1	10	6
0	9	12
0	12	3
2	18	4
0	10	11
1	14	3
0	9	9
0	11	9
0	13	5
2	9	9
0	11	10
0	8	10
3	18	9
1	11	9
0	15	4
0	14	8
1	12	8
0	11	12
0	11	9
0	21	5
2	15	9
0	13	6
0	12	6
3	13	5
2	18	7
0	23	11
0	11	8
0	13	8
1	17	5
1	5	8
0	12	3
1	11	6
0	11	11
3	11	9
0	12	9
0	13	5
0	9	7
0	15	5
0	13	8
1	12	7
1	11	11
2	17	6
1	15	13
1	15	4
0	16	10
0	15	6
0	12	5
0	16	9
0	7	8
0	14	5
0	11	10
0	13	7
0	12	15
1	15	3
0	14	1
1	12	3
0	8	8
1	13	5
0	9	5
0	12	9
0	9	7
3	12	12
0	15	8
0	10	8
1	10	7
0	11	9
0	13	9
0	10	10
1	16	14
2	14	5
0	8	7
4	10	8
1	7	11
0	13	10
0	15	12
0	6	10
2	14	7
0	9	9
1	13	7
1	13	1
3	12	9
1	8	6
0	8	7
0	9	6
2	13	8
1	12	16
1	17	4
0	13	5
1	17	3
0	7	6
0	17	10
1	11	10
0	9	9
0	21	10
0	14	10
0	9	14
1	21	5
0	9	10
1	11	7
1	18	12
0	6	10
1	13	7
2	9	10
2	7	8
1	13	7
1	15	8
0	13	7
2	7	4
2	10	5
1	16	7
1	6	15
1	13	10
0	12	7
0	21	10
1	8	5
0	14	7
0	10	5
1	13	7
2	13	6
0	14	8
2	10	6
1	13	5
0	10	5
0	11	6
0	13	9
0	12	11
1	18	6
0	16	6
2	17	7
2	18	13
0	5	11
1	10	9
0	8	8
0	13	3
0	6	11
1	10	8
1	8	9
0	9	4
0	10	8
1	17	8
2	12	8
0	12	5
1	16	8
1	11	6
0	11	9
0	11	12
0	10	7
0	9	10
1	11	7
1	12	7
1	11	6
1	16	7
0	11	6
0	8	7
2	11	8
0	9	6
0	6	9
2	6	7
1	7	5
0	13	6
1	24	5
0	15	10
0	8	6
0	12	4
1	10	9
1	15	9
2	6	12
1	16	3
0	8	10
1	12	10
1	6	11
1	6	8
1	8	10
0	10	5
2	10	6
2	13	9
0	9	6
1	7	5
0	11	9
1	9	8
0	11	8
1	12	5
1	13	8
0	18	5
0	10	9
3	9	11
0	9	9
0	12	3
1	9	6
0	15	8
0	15	10
2	12	11
0	7	8
1	10	11
0	8	2
0	11	8
0	16	7
0	10	5
1	7	8
0	11	7
0	16	3
1	19	8
0	9	10
1	10	7
0	1	11
3	12	8
2	11	8
0	13	4
0	8	6
1	8	8
0	10	9
0	8	10
0	15	3
0	9	3
0	9	6
0	9	10
2	10	3
0	12	10
0	11	9
1	7	4
0	11	3
0	13	13
0	15	12
1	12	7
1	9	7
2	8	10
2	11	12
1	20	9
0	15	6
0	9	7
1	8	11
1	8	7
0	13	8
0	12	9
3	12	12
1	9	11
1	12	6
0	17	7
0	8	7
0	4	13
0	13	5
1	9	10
1	7	8
0	12	6
1	14	7
0	9	4
0	7	11
0	10	5
1	6	5
0	5	10
2	12	6
0	15	4
0	12	7
0	8	7
0	13	13
1	6	9
2	8	9
1	12	12
1	13	7
0	10	7
1	5	6
0	8	4
0	8	7
1	8	4
0	14	11
1	8	5
0	15	8
0	11	7
0	14	7
0	6	4
1	7	6
0	8	8
1	10	8
0	6	8
0	11	8
0	12	10
1	8	11
1	7	14
0	10	6
0	11	5
0	11	5
0	5	13
1	11	10
0	10	10
3	7	7
0	17	11
0	13	7
0	18	7
2	13	8
0	7	9
0	9	5
0	8	9
1	8	10
0	18	8
0	9	9
1	14	13
2	5	7
2	9	7
0	12	20
2	12	17
0	7	8
1	10	6
0	16	10
0	12	12
1	12	19
2	12	19
0	10	16
0	13	14
0	11	22
0	10	20
0	4	14
1	15	35
0	10	29
1	9	41
0	10	51
0	12	56
1	8	77
2	8	117
0	7	149
0	7	216
1	10	268
0	14	356
0	11	460
2	10	559
1	10	713
0	11	901
2	9	1105
0	12	1255
2	11	1418
1	6	1571
2	15	1691
2	7	1753
1	6	1674
1	16	1644
0	5	1566
1	17	1292
0	8	1169
1	9	915
1	10	725
0	12	521
1	7	394
1	8	269
1	4	187
0	3	161
0	12	117
0	10	68
0	11	75
0	16	58
0	10	48
1	10	33
0	5	52
0	11	29
1	8	27
0	5	17
0	7	21
1	11	19
0	3	23
1	8	12
1	3	14
1	16	13
0	10	9
0	14	2
0	8	10
1	14	8
1	10	6
0	13	4
1	12	6
0	10	5
1	2	0
1	9	4
0	15	4
1	6	3
0	10	3
0	8	3
0	6	3
0	10	4
1	18	8
0	14	1
0	10	5
0	6	3
0	5	3
0	8	2
0	8	2
0	12	3
1	8	3
0	12	5
0	9	4
0	9	3
0	5	3
2	10	5
1	12	4
1	12	6
0	5	5
0	11	4
1	7	5
1	10	3
2	12	3
0	9	4
0	13	3
1	9	1
0	11	3
0	5	4
0	6	7
0	7	4
0	11	2
1	8	5
0	10	4
0	8	3
0	10	6
1	9	3
0	10	1
2	12	4
1	13	7
1	11	6
2	9	1
1	8	1
1	13	2
0	11	5
0	8	6
0	10	6
0	12	4
0	14	4
0	11	2
0	15	5
1	6	2
0	7	6
2	6	2
1	16	3
0	15	1
0	10	2
1	7	3
1	7	2
0	7	4
2	9	1
0	13	6
1	9	2
0	9	5
0	8	4
0	9	2
2	16	4
2	13	4
0	13	6
0	8	6
1	6	2
0	10	3
1	8	4
1	11	9
0	11	1
0	6	6
3	8	2
1	3	1
1	10	5
0	14	3
0	8	4
1	5	5
0	10	1
0	8	1
2	6	6
1	7	4
0	10	4
1	7	3
0	8	1
0	6	0
0	8	0
0	4	1
0	7	3
0	16	7
0	10	6
0	8	3
0	6	4
1	9	4
2	11	1
0	10	1
0	7	3
0	5	2
1	14	3
1	18	4
0	9	3
0	12	4
2	12	2
0	12	1
0	10	7
1	10	6
1	6	4
0	5	4
1	7	4
0	8	4
0	11	1
1	6	2
2	9	3
0	12	4
1	8	2
0	4	4
0	12	2
0	7	3
0	7	3
0	13	2
0	9	6
0	3	1
2	11	6
0	9	5
0	9	1
1	14	3
0	13	1
1	12	1
0	12	3
0	9	4
0	9	2
1	12	2
0	11	5
0	7	4
1	4	2
0	7	2
0	10	1
1	13	4
0	6	5
1	7	4
1	11	2
0	11	7
0	7	1
1	12	2
0	7	4
0	9	5
1	8	2
0	7	6
0	20	6
0	11	2
1	10	2
0	9	2
1	9	2
0	8	3
2	4	4
0	7	1
2	4	6
1	9	4
0	17	1
0	11	2
1	4	2
2	11	2
0	7	2
0	13	4
1	8	4
1	12	4
1	10	2
0	7	2
1	5	2
0	5	5
2	9	8
0	12	3
0	14	3
1	13	3
2	13	1
1	6	4
2	9	3
2	12	4
0	10	2
1	9	6
1	11	3
1	9	2
0	11	1
0	5	1
0	7	4
0	5	1
0	12	3
0	13	1
0	8	3
0	11	5
0	7	5
1	10	4
0	9	2
0	5	1
1	9	5
0	10	5
0	12	5
1	10	4
1	7	2
0	7	2
0	13	2
0	7	2
1	6	1
2	10	12
0	11	7
2	11	7
1	11	10
0	6	9
0	9	14
1	8	26
1	13	16
1	6	27
1	9	34
0	5	39
1	10	33
0	9	45
0	11	45
0	9	41
2	13	34
2	10	38
1	14	42
1	16	45
3	8	35
3	20	31
4	17	27
7	15	22
10	18	19
12	21	25
14	38	23
12	31	26
19	35	21
22	46	20
32	27	26
27	33	29
28	34	32
35	26	30
26	30	27
23	27	34
32	17	21
23	23	23
23	22	14
26	13	13
8	11	13
13	20	9
5	12	6
4	8	4
2	12	4
3	12	3
1	10	3
4	10	4
1	4	4
1	7	4
2	13	6
2	7	4
0	10	3
0	13	1
0	9	4
1	14	8
1	6	2
0	12	3
1	7	1
0	4	3
1	8	2
1	12	3
0	12	3
0	12	5
1	7	2
0	5	3
0	12	2
1	9	1
0	9	2
0	16	3
0	8	1
0	11	4
0	8	2
0	6	4
0	7	0
1	7	2
0	10	2
0	12	3
0	10	1
1	7	2
0	7	4
0	14	3
0	13	4
0	12	1
0	13	3
0	11	5
0	9	0
1	10	2
1	5	2
0	10	3
0	9	3
0	15	3
0	11	1
1	9	3
0	10	3
0	6	1
1	10	2
1	13	4
1	6	1
1	15	4
0	9	4
1	12	3
0	9	4
1	7	6
1	9	1
0	11	1
0	5	2
0	8	2
0	7	3
0	9	2
0	7	2
0	8	4
0	7	4
0	4	1
0	8	2
0	11	3
0	5	2
0	12	6
2	9	2
0	12	3
0	10	3
0	6	3
0	7	1
0	8	6
0	5	5
0	15	3
0	11	2
0	9	1
0	8	4
0	7	1
0	13	2
0	5	2
0	6	3
1	14	1
0	14	2
0	6	2
1	9	0
1	13	4
0	10	2
0	5	0
0	8	2
0	8	3
1	6	2
0	11	1
0	8	1
0	12	6
0	6	4
0	15	3
0	16	1
0	8	2
0	4	1
1	8	1
0	8	2
0	9	1
1	7	2
0	11	6
1	4	0
0	5	2
0	4	1
0	8	1
0	7	0
0	9	1
2	9	5
2	12	5
2	7	5
0	5	2
0	8	2
0	8	3
0	8	2
0	3	3
0	7	4
0	8	1
0	4	3
0	7	3
0	9	7
1	13	1
0	10	1
0	6	2
0	7	0
0	9	2
1	5	3
1	11	1
0	10	9
0	7	1
0	14	2
0	14	3
0	11	0
0	14	4
0	8	0
0	8	2
0	11	3
0	6	2
0	7	7
1	7	4
0	5	3
0	11	1
0	8	2
0	8	0
0	16	1
1	4	2
0	9	2
0	13	1
0	7	2
1	12	3
1	3	4
0	12	3
0	6	3
0	6	4
0	6	1
0	5	1
0	8	3
1	5	1
0	6	2
1	8	0
0	4	1
2	5	2
0	11	2
0	6	4
0	8	2
1	8	2
0	6	2
1	8	4
0	8	2
1	11	1
0	4	1
0	2	2
1	7	2
1	15	6
0	8	2
1	9	0
1	10	2
0	10	2
1	3	2
0	5	0
0	12	0
1	12	2
1	10	2
1	12	2
0	7	6
1	4	0
0	6	1
0	8	3
0	11	1
0	8	3
0	9	2
1	17	1
0	8	2
0	7	3
1	4	4
0	7	3
1	5	3
0	14	0
0	13	1
1	8	3
0	9	1
0	6	4
0	9	4
0	7	1
0	9	4
0	9	6
0	6	1
0	7	2
0	10	5
0	11	0
0	10	2
0	7	6
1	14	2
0	10	3
1	7	1
0	18	2
1	10	1
0	9	2
0	8	1
1	4	2
1	7	1
0	7	1
0	10	3
0	5	4
0	6	0
0	6	5
1	9	2
1	13	2
0	6	2
0	7	3
1	6	3
0	12	2
0	6	3
1	4	1
1	6	2
1	9	4
2	8	3
0	6	6
1	7	0
0	9	3
0	11	2
3	13	5
0	7	5
1	6	1
0	9	6
0	7	4
1	5	1
0	6	1
0	14	2
1	6	1
0	7	3
0	7	1
0	11	1
0	9	2
0	12	3
0	6	4
1	6	0
0	11	3
0	6	2
1	4	0
0	12	2
0	11	2
0	15	6
1	13	3
0	14	3
0	11	0
0	6	5
0	8	1
1	9	0
0	7	0
0	10	1
0	6	1
0	13	2
0	5	1
0	10	2
1	6	3
1	10	0
0	9	4
0	10	1
1	8	3
0	8	2
0	8	1
0	5	1
0	6	3
0	4	4
2	5	2
0	11	0
0	16	5
0	17	2
0	6	1
0	4	4
0	10	3
0	9	5
0	10	5
0	4	0
0	13	0
0	6	1
0	8	2
0	7	4
0	10	2
0	5	3
0	8	3
1	6	2
0	7	1
1	12	7
1	9	0
1	7	1
0	11	2
0	13	0
0	5	1
0	12	1
0	16	4
1	8	4
0	9	3
0	11	2
0	15	1
0	9	2
1	4	2
0	5	2
1	8	1
0	8	4
0	10	4
1	10	5
1	6	6
0	2	6
1	7	5
0	4	9
0	5	8
0	11	20
0	11	12
0	6	18
0	11	18
1	9	21
0	15	27
1	9	24
1	13	21
1	10	22
0	9	20
0	9	19
1	8	14
3	6	10
0	7	11
0	9	8
0	5	6
1	6	10
2	7	3
0	11	5
2	7	7
0	6	4
1	6	6
0	10	5
0	9	3
0	9	2
1	13	3
0	8	2
0	11	4
0	10	3
1	9	1
1	13	1
0	10	0
4	11	5
1	4	4
0	6	4
0	7	5
0	10	1
0	8	1
0	7	0
0	11	0
0	2	2
0	7	0
1	5	3
0	13	1
1	12	0
2	6	1
1	8	0
0	6	0
0	9	2
0	8	2
0	7	1
0	10	1
0	7	4
0	13	2
0	11	3
0	5	2
0	10	3
0	10	2
0	10	0
0	6	2
0	5	4
0	5	0
0	11	3
0	9	0
1	6	1
0	2	0
0	0	0
0	0	0
0	0	0
0	0	0
0	0	0
0	0	0
0	0	0
0	0	0
0	0	0
0	0	0
0	0	0
0	0	0
0	0	0
0	0	0
0	0	0
0	0	0
0	0	0
0	0	0
0	0	0
0	0	0
0	0	0
0	0	0
0	0	0
0	0	0
0	0	0
0	0	0
0	0	0
0	0	0
0	0	0
0	0	0
