0	0
1	0
2	0
3	0
4	0
5	0
6	0
7	0
8	0
9	0
10	0
11	0
12	0
13	0
14	0
15	0
16	0
17	0
18	0
19	0
20	0
21	0
22	0
23	0
24	0
25	0
26	0
27	0
28	0
29	0
30	0
31	0
32	0
33	0
34	0
35	0
36	0
37	0
38	0
39	0
40	0
41	0
42	0
43	0
44	0
45	0
46	0
47	0
48	0
49	0
50	0
51	0
52	0
53	0
54	0
55	0
56	0
57	0
58	0
59	0
60	0
61	0
62	0
63	0
64	0
65	0
66	0
67	0
68	0
69	0
70	0
71	0
72	0
73	0
74	0
75	0
76	0
77	0
78	0
79	0
80	0
81	0
82	0
83	0
84	0
85	0
86	0
87	0
88	0
89	0
90	0
91	0
92	0
93	0
94	0
95	0
96	0
97	0
98	0
99	0
100	0
101	0
102	0
103	0
104	0
105	0
106	0
107	0
108	0
109	0
110	0
111	0
112	0
113	0
114	0
115	0
116	0
117	0
118	0
119	0
120	0
121	0
122	0
123	0
124	0
125	0
126	0
127	0
128	0
129	0
130	0
131	0
132	0
133	0
134	0
135	0
136	0
137	0
138	0
139	0
140	0
141	0
142	0
143	0
144	0
145	0
146	0
147	0
148	0
149	0
150	0
151	0
152	0
153	0
154	0
155	0
156	0
157	0
158	0
159	0
160	0
161	0
162	0
163	0
164	0
165	0
166	0
167	0
168	0
169	0
170	0
171	0
172	0
173	0
174	0
175	2
176	28
177	157
178	517
179	848
180	876
181	847
182	805
183	838
184	820
185	822
186	845
187	843
188	870
189	836
190	854
191	870
192	811
193	795
194	828
195	810
196	798
197	803
198	822
199	793
200	809
201	792
202	806
203	782
204	760
205	790
206	785
207	735
208	796
209	751
210	726
211	758
212	738
213	729
214	715
215	738
216	774
217	751
218	704
219	703
220	726
221	738
222	759
223	763
224	719
225	769
226	744
227	793
228	789
229	787
230	758
231	793
232	706
233	770
234	678
235	705
236	727
237	698
238	709
239	682
240	704
241	703
242	713
243	670
244	707
245	699
246	665
247	626
248	661
249	643
250	668
251	669
252	685
253	696
254	683
255	594
256	648
257	676
258	662
259	670
260	658
261	694
262	665
263	645
264	693
265	693
266	630
267	658
268	620
269	619
270	661
271	629
272	651
273	639
274	657
275	670
276	640
277	585
278	698
279	669
280	645
281	650
282	609
283	680
284	653
285	624
286	627
287	623
288	651
289	639
290	658
291	635
292	650
293	660
294	593
295	624
296	636
297	653
298	626
299	634
300	634
301	662
302	649
303	625
304	619
305	645
306	615
307	650
308	641
309	622
310	644
311	617
312	617
313	629
314	617
315	646
316	594
317	587
318	632
319	624
320	558
321	652
322	622
323	599
324	633
325	616
326	639
327	630
328	652
329	612
330	661
331	587
332	652
333	612
334	651
335	579
336	646
337	602
338	606
339	644
340	644
341	669
342	642
343	612
344	678
345	651
346	667
347	615
348	669
349	626
350	678
351	629
352	681
353	654
354	663
355	628
356	707
357	651
358	657
359	661
360	673
361	654
362	659
363	729
364	670
365	692
366	712
367	699
368	741
369	766
370	775
371	849
372	824
373	914
374	870
375	853
376	861
377	796
378	810
379	768
380	841
381	904
382	999
383	1032
384	994
385	1047
386	1037
387	933
388	864
389	813
390	696
391	692
392	687
393	710
394	638
395	642
396	671
397	674
398	704
399	665
400	641
401	654
402	699
403	661
404	727
405	658
406	672
407	656
408	690
409	671
410	701
411	675
412	646
413	699
414	699
415	690
416	718
417	704
418	719
419	743
420	797
421	721
422	778
423	769
424	770
425	837
426	774
427	805
428	792
429	840
430	944
431	909
432	905
433	943
434	954
435	1014
436	1032
437	1018
438	994
439	944
440	892
441	911
442	849
443	828
444	813
445	785
446	852
447	825
448	871
449	899
450	867
451	907
452	948
453	863
454	854
455	833
456	794
457	805
458	818
459	755
460	862
461	796
462	795
463	793
464	830
465	820
466	832
467	836
468	857
469	818
470	862
471	906
472	870
473	877
474	879
475	927
476	884
477	845
478	825
479	876
480	845
481	854
482	904
483	969
484	889
485	878
486	903
487	879
488	893
489	898
490	918
491	914
492	887
493	820
494	893
495	894
496	916
497	845
498	918
499	846
500	869
501	837
502	870
503	845
504	864
505	894
506	845
507	851
508	908
509	814
510	854
511	829
512	865
513	893
514	900
515	876
516	847
517	867
518	869
519	837
520	861
521	889
522	830
523	877
524	788
525	809
526	844
527	818
528	834
529	821
530	810
531	851
532	908
533	850
534	844
535	847
536	847
537	806
538	821
539	807
540	817
541	846
542	816
543	847
544	861
545	806
546	823
547	888
548	831
549	873
550	849
551	836
552	855
553	827
554	889
555	806
556	882
557	846
558	831
559	868
560	874
561	860
562	912
563	889
564	903
565	946
566	901
567	919
568	898
569	850
570	893
571	936
572	907
573	914
574	860
575	934
576	917
577	925
578	897
579	879
580	886
581	904
582	898
583	944
584	962
585	931
586	938
587	932
588	1000
589	951
590	954
591	939
592	955
593	916
594	929
595	1003
596	959
597	985
598	995
599	1039
600	934
601	988
602	955
603	1006
604	1004
605	989
606	960
607	994
608	1019
609	1061
610	1011
611	1018
612	972
613	963
614	1048
615	1059
616	1143
617	1216
618	1279
619	1445
620	1529
621	1963
622	2418
623	2872
624	3759
625	4783
626	6185
627	8138
628	10408
629	13378
630	16703
631	20168
632	23175
633	24735
634	23394
635	19555
636	14685
637	9682
638	6083
639	3728
640	2503
641	1946
642	1617
643	1396
644	1251
645	1173
646	1125
647	1072
648	990
649	981
650	911
651	887
652	877
653	829
654	767
655	750
656	773
657	725
658	651
659	609
660	664
661	626
662	642
663	601
664	594
665	572
666	581
667	587
668	595
669	603
670	565
671	618
672	585
673	539
674	590
675	612
676	627
677	611
678	542
679	596
680	613
681	592
682	578
683	588
684	574
685	591
686	595
687	572
688	573
689	544
690	610
691	596
692	569
693	527
694	575
695	619
696	559
697	563
698	604
699	615
700	609
701	581
702	598
703	560
704	612
705	630
706	562
707	629
708	584
709	571
710	594
711	595
712	583
713	588
714	625
715	561
716	583
717	546
718	569
719	588
720	581
721	577
722	602
723	556
724	565
725	557
726	563
727	549
728	545
729	610
730	587
731	569
732	602
733	563
734	616
735	577
736	635
737	587
738	622
739	561
740	629
741	576
742	563
743	551
744	558
745	593
746	625
747	589
748	608
749	538
750	579
751	617
752	531
753	596
754	610
755	583
756	575
757	624
758	618
759	586
760	664
761	691
762	670
763	671
764	632
765	648
766	671
767	660
768	684
769	699
770	684
771	681
772	677
773	732
774	684
775	666
776	703
777	657
778	656
779	688
780	640
781	631
782	662
783	645
784	695
785	702
786	665
787	644
788	616
789	643
790	622
791	674
792	625
793	644
794	661
795	642
796	648
797	615
798	660
799	649
800	651
801	655
802	600
803	610
804	616
805	644
806	630
807	597
808	620
809	676
810	622
811	668
812	588
813	622
814	596
815	596
816	605
817	591
818	583
819	615
820	579
821	617
822	608
823	632
824	635
825	594
826	583
827	605
828	564
829	669
830	647
831	634
832	618
833	611
834	559
835	571
836	591
837	620
838	644
839	671
840	591
841	657
842	642
843	598
844	600
845	581
846	650
847	605
848	611
849	654
850	637
851	573
852	649
853	658
854	605
855	585
856	641
857	572
858	567
859	626
860	605
861	599
862	633
863	592
864	635
865	674
866	594
867	607
868	563
869	579
870	596
871	620
872	614
873	612
874	671
875	576
876	619
877	640
878	645
879	647
880	622
881	573
882	620
883	607
884	650
885	631
886	620
887	563
888	639
889	598
890	620
891	609
892	633
893	624
894	642
895	631
896	643
897	576
898	638
899	594
900	604
901	600
902	626
903	581
904	626
905	625
906	611
907	642
908	582
909	605
910	614
911	576
912	628
913	585
914	572
915	600
916	598
917	608
918	599
919	617
920	639
921	627
922	630
923	595
924	577
925	643
926	571
927	618
928	659
929	634
930	572
931	650
932	665
933	662
934	691
935	620
936	630
937	624
938	625
939	618
940	565
941	649
942	603
943	608
944	605
945	626
946	611
947	662
948	614
949	619
950	622
951	599
952	599
953	606
954	582
955	616
956	619
957	627
958	610
959	586
960	580
961	624
962	625
963	660
964	655
965	660
966	580
967	584
968	649
969	627
970	645
971	623
972	647
973	610
974	625
975	660
976	592
977	619
978	615
979	657
980	592
981	614
982	638
983	619
984	677
985	628
986	682
987	636
988	589
989	628
990	622
991	638
992	635
993	627
994	619
995	649
996	587
997	656
998	605
999	626
1000	616
1001	656
1002	646
1003	639
1004	609
1005	684
1006	662
1007	590
1008	581
1009	656
1010	602
1011	599
1012	585
1013	578
1014	614
1015	615
1016	618
1017	645
1018	621
1019	621
1020	586
1021	573
1022	629
1023	589
1024	599
1025	608
1026	612
1027	621
1028	599
1029	602
1030	645
1031	585
1032	619
1033	626
1034	577
1035	563
1036	542
1037	567
1038	541
1039	544
1040	595
1041	608
1042	555
1043	542
1044	547
1045	574
1046	533
1047	524
1048	529
1049	592
1050	534
1051	541
1052	577
1053	522
1054	519
1055	564
1056	594
1057	514
1058	550
1059	558
1060	556
1061	531
1062	586
1063	554
1064	535
1065	528
1066	529
1067	545
1068	514
1069	551
1070	541
1071	536
1072	543
1073	552
1074	538
1075	530
1076	515
1077	507
1078	535
1079	533
1080	532
1081	525
1082	565
1083	561
1084	517
1085	554
1086	507
1087	544
1088	506
1089	517
1090	545
1091	528
1092	511
1093	552
1094	510
1095	527
1096	552
1097	510
1098	492
1099	524
1100	529
1101	532
1102	542
1103	536
1104	535
1105	498
1106	515
1107	509
1108	485
1109	501
1110	527
1111	465
1112	529
1113	561
1114	517
1115	530
1116	506
1117	526
1118	491
1119	496
1120	530
1121	490
1122	488
1123	498
1124	492
1125	513
1126	495
1127	494
1128	505
1129	490
1130	464
1131	535
1132	491
1133	468
1134	506
1135	510
1136	459
1137	481
1138	488
1139	464
1140	476
1141	517
1142	494
1143	482
1144	473
1145	458
1146	458
1147	439
1148	509
1149	509
1150	458
1151	481
1152	472
1153	457
1154	414
1155	491
1156	500
1157	464
1158	474
1159	424
1160	460
1161	452
1162	444
1163	429
1164	514
1165	470
1166	465
1167	491
1168	449
1169	437
1170	450
1171	463
1172	419
1173	444
1174	444
1175	444
1176	460
1177	436
1178	476
1179	430
1180	455
1181	469
1182	444
1183	452
1184	443
1185	463
1186	422
1187	431
1188	432
1189	437
1190	448
1191	482
1192	450
1193	445
1194	412
1195	414
1196	422
1197	456
1198	463
1199	457
1200	438
1201	464
1202	443
1203	457
1204	455
1205	426
1206	427
1207	420
1208	426
1209	433
1210	402
1211	437
1212	402
1213	416
1214	425
1215	415
1216	431
1217	394
1218	415
1219	454
1220	418
1221	453
1222	411
1223	441
1224	397
1225	417
1226	453
1227	395
1228	428
1229	384
1230	375
1231	420
1232	412
1233	418
1234	399
1235	409
1236	383
1237	428
1238	397
1239	417
1240	424
1241	436
1242	428
1243	451
1244	428
1245	414
1246	386
1247	438
1248	440
1249	409
1250	430
1251	447
1252	428
1253	449
1254	417
1255	429
1256	434
1257	411
1258	398
1259	416
1260	418
1261	416
1262	439
1263	420
1264	403
1265	411
1266	396
1267	424
1268	373
1269	400
1270	465
1271	518
1272	503
1273	534
1274	641
1275	693
1276	843
1277	1068
1278	1352
1279	1582
1280	2011
1281	2508
1282	3177
1283	3911
1284	4565
1285	5006
1286	5383
1287	4995
1288	4364
1289	3363
1290	2446
1291	1644
1292	1137
1293	852
1294	703
1295	588
1296	524
1297	527
1298	490
1299	484
1300	488
1301	406
1302	462
1303	400
1304	457
1305	406
1306	396
1307	420
1308	380
1309	390
1310	390
1311	366
1312	369
1313	365
1314	355
1315	385
1316	338
1317	325
1318	409
1319	361
1320	384
1321	377
1322	415
1323	376
1324	399
1325	356
1326	362
1327	398
1328	386
1329	345
1330	372
1331	309
1332	351
1333	350
1334	355
1335	312
1336	343
1337	325
1338	349
1339	353
1340	351
1341	322
1342	340
1343	319
1344	298
1345	324
1346	345
1347	325
1348	329
1349	353
1350	348
1351	351
1352	316
1353	355
1354	321
1355	340
1356	322
1357	362
1358	329
1359	344
1360	325
1361	356
1362	332
1363	345
1364	332
1365	342
1366	332
1367	352
1368	311
1369	365
1370	371
1371	359
1372	330
1373	346
1374	319
1375	351
1376	310
1377	317
1378	347
1379	332
1380	336
1381	324
1382	369
1383	326
1384	353
1385	344
1386	365
1387	365
1388	346
1389	346
1390	330
1391	313
1392	355
1393	316
1394	307
1395	354
1396	333
1397	311
1398	279
1399	343
1400	318
1401	340
1402	345
1403	345
1404	329
1405	314
1406	341
1407	322
1408	335
1409	320
1410	335
1411	324
1412	334
1413	363
1414	325
1415	332
1416	319
1417	336
1418	352
1419	333
1420	315
1421	377
1422	362
1423	381
1424	324
1425	372
1426	359
1427	389
1428	362
1429	356
1430	392
1431	351
1432	348
1433	338
1434	309
1435	340
1436	324
1437	307
1438	315
1439	342
1440	299
1441	328
1442	323
1443	324
1444	328
1445	318
1446	333
1447	322
1448	319
1449	348
1450	369
1451	358
1452	316
1453	307
1454	337
1455	359
1456	338
1457	320
1458	306
1459	325
1460	316
1461	356
1462	305
1463	324
1464	325
1465	308
1466	296
1467	297
1468	311
1469	344
1470	338
1471	316
1472	348
1473	313
1474	320
1475	318
1476	316
1477	309
1478	319
1479	317
1480	302
1481	320
1482	325
1483	294
1484	320
1485	339
1486	313
1487	294
1488	290
1489	291
1490	289
1491	324
1492	340
1493	309
1494	303
1495	310
1496	299
1497	317
1498	317
1499	304
1500	317
1501	332
1502	345
1503	288
1504	316
1505	316
1506	316
1507	299
1508	315
1509	319
1510	333
1511	286
1512	295
1513	283
1514	328
1515	320
1516	280
1517	299
1518	313
1519	280
1520	302
1521	287
1522	321
1523	339
1524	307
1525	306
1526	284
1527	320
1528	323
1529	289
1530	300
1531	306
1532	323
1533	311
1534	292
1535	280
1536	302
1537	294
1538	292
1539	290
1540	281
1541	305
1542	300
1543	345
1544	308
1545	309
1546	324
1547	336
1548	323
1549	347
1550	332
1551	318
1552	387
1553	405
1554	423
1555	476
1556	471
1557	499
1558	534
1559	516
1560	469
1561	436
1562	369
1563	343
1564	344
1565	333
1566	312
1567	329
1568	299
1569	302
1570	317
1571	321
1572	325
1573	289
1574	340
1575	316
1576	261
1577	266
1578	305
1579	313
1580	281
1581	273
1582	328
1583	316
1584	275
1585	274
1586	291
1587	276
1588	273
1589	289
1590	311
1591	304
1592	286
1593	298
1594	272
1595	287
1596	279
1597	292
1598	279
1599	279
1600	321
1601	244
1602	296
1603	269
1604	301
1605	318
1606	284
1607	291
1608	270
1609	288
1610	278
1611	276
1612	277
1613	280
1614	281
1615	253
1616	281
1617	300
1618	266
1619	305
1620	312
1621	300
1622	299
1623	286
1624	256
1625	276
1626	272
1627	290
1628	316
1629	259
1630	279
1631	266
1632	258
1633	287
1634	284
1635	278
1636	281
1637	280
1638	255
1639	260
1640	255
1641	269
1642	247
1643	293
1644	286
1645	257
1646	252
1647	278
1648	251
1649	276
1650	255
1651	289
1652	288
1653	256
1654	288
1655	281
1656	289
1657	292
1658	311
1659	269
1660	283
1661	320
1662	310
1663	265
1664	280
1665	283
1666	327
1667	285
1668	276
1669	238
1670	277
1671	266
1672	264
1673	268
1674	305
1675	237
1676	272
1677	272
1678	235
1679	243
1680	272
1681	272
1682	283
1683	286
1684	239
1685	254
1686	252
1687	274
1688	234
1689	253
1690	249
1691	260
1692	291
1693	251
1694	271
1695	257
1696	289
1697	244
1698	273
1699	277
1700	264
1701	289
1702	269
1703	239
1704	268
1705	292
1706	289
1707	315
1708	297
1709	296
1710	290
1711	272
1712	331
1713	341
1714	284
1715	280
1716	302
1717	274
1718	305
1719	247
1720	274
1721	244
1722	278
1723	251
1724	258
1725	270
1726	291
1727	297
1728	284
1729	270
1730	281
1731	307
1732	297
1733	303
1734	294
1735	304
1736	314
1737	336
1738	308
1739	299
1740	292
1741	300
1742	289
1743	275
1744	300
1745	258
1746	274
1747	265
1748	272
1749	266
1750	248
1751	262
1752	259
1753	257
1754	259
1755	268
1756	264
1757	270
1758	260
1759	276
1760	241
1761	260
1762	285
1763	250
1764	289
1765	276
1766	273
1767	250
1768	251
1769	265
1770	248
1771	280
1772	249
1773	285
1774	278
1775	262
1776	269
1777	298
1778	251
1779	255
1780	274
1781	253
1782	253
1783	267
1784	270
1785	238
1786	288
1787	256
1788	272
1789	277
1790	277
1791	297
1792	290
1793	313
1794	285
1795	285
1796	308
1797	330
1798	331
1799	357
1800	426
1801	507
1802	632
1803	801
1804	1040
1805	1340
1806	1807
1807	2467
1808	3222
1809	4364
1810	5651
1811	6892
1812	8537
1813	10352
1814	11417
1815	12050
1816	11418
1817	10048
1818	8185
1819	5889
1820	4090
1821	2648
1822	1712
1823	1183
1824	796
1825	726
1826	598
1827	590
1828	543
1829	496
1830	432
1831	410
1832	432
1833	338
1834	359
1835	339
1836	278
1837	292
1838	291
1839	268
1840	243
1841	253
1842	225
1843	215
1844	236
1845	238
1846	220
1847	214
1848	235
1849	229
1850	215
1851	222
1852	210
1853	222
1854	209
1855	212
1856	215
1857	200
1858	203
1859	222
1860	185
1861	198
1862	199
1863	206
1864	229
1865	198
1866	186
1867	189
1868	211
1869	203
1870	193
1871	193
1872	197
1873	184
1874	203
1875	205
1876	216
1877	199
1878	182
1879	205
1880	218
1881	183
1882	184
1883	220
1884	188
1885	194
1886	195
1887	195
1888	222
1889	205
1890	192
1891	170
1892	191
1893	184
1894	203
1895	195
1896	208
1897	185
1898	197
1899	197
1900	185
1901	202
1902	206
1903	192
1904	195
1905	211
1906	180
1907	183
1908	185
1909	182
1910	187
1911	188
1912	194
1913	191
1914	186
1915	220
1916	194
1917	187
1918	219
1919	200
1920	206
1921	166
1922	223
1923	184
1924	213
1925	216
1926	232
1927	204
1928	202
1929	235
1930	227
1931	226
1932	286
1933	294
1934	313
1935	360
1936	410
1937	467
1938	483
1939	547
1940	578
1941	521
1942	493
1943	417
1944	360
1945	312
1946	251
1947	250
1948	195
1949	196
1950	209
1951	192
1952	190
1953	202
1954	207
1955	199
1956	212
1957	203
1958	196
1959	184
1960	184
1961	217
1962	209
1963	179
1964	178
1965	177
1966	175
1967	209
1968	196
1969	198
1970	158
1971	207
1972	158
1973	192
1974	187
1975	189
1976	216
1977	212
1978	205
1979	209
1980	198
1981	183
1982	194
1983	182
1984	184
1985	181
1986	168
1987	209
1988	168
1989	168
1990	175
1991	191
1992	176
1993	170
1994	199
1995	214
1996	188
1997	211
1998	202
1999	197
2000	187
2001	178
2002	185
2003	177
2004	206
2005	205
2006	191
2007	197
2008	196
2009	182
2010	208
2011	163
2012	183
2013	179
2014	213
2015	175
2016	176
2017	180
2018	176
2019	193
2020	179
2021	198
2022	146
2023	193
2024	188
2025	186
2026	194
2027	181
2028	215
2029	214
2030	198
2031	185
2032	202
2033	212
2034	218
2035	233
2036	217
2037	166
2038	199
2039	180
2040	190
2041	182
2042	188
2043	191
2044	197
2045	181
2046	183
2047	169
2048	180
2049	190
2050	188
2051	173
2052	191
2053	194
2054	159
2055	200
2056	180
2057	198
2058	186
2059	166
2060	194
2061	183
2062	199
2063	195
2064	182
2065	177
2066	182
2067	182
2068	156
2069	196
2070	181
2071	162
2072	167
2073	181
2074	191
2075	174
2076	194
2077	181
2078	192
2079	190
2080	189
2081	168
2082	157
2083	175
2084	184
2085	173
2086	181
2087	187
2088	177
2089	184
2090	187
2091	171
2092	159
2093	182
2094	166
2095	200
2096	190
2097	155
2098	183
2099	175
2100	146
2101	179
2102	177
2103	188
2104	185
2105	168
2106	188
2107	162
2108	155
2109	201
2110	166
2111	160
2112	173
2113	152
2114	168
2115	189
2116	159
2117	181
2118	167
2119	172
2120	151
2121	171
2122	182
2123	165
2124	165
2125	161
2126	170
2127	177
2128	182
2129	170
2130	192
2131	181
2132	175
2133	205
2134	165
2135	153
2136	149
2137	173
2138	188
2139	185
2140	165
2141	177
2142	158
2143	181
2144	174
2145	178
2146	153
2147	178
2148	177
2149	188
2150	171
2151	166
2152	156
2153	174
2154	180
2155	179
2156	185
2157	191
2158	214
2159	236
2160	222
2161	270
2162	360
2163	364
2164	457
2165	567
2166	614
2167	742
2168	858
2169	999
2170	1009
2171	951
2172	839
2173	714
2174	579
2175	429
2176	362
2177	274
2178	230
2179	221
2180	193
2181	180
2182	198
2183	183
2184	208
2185	190
2186	201
2187	176
2188	181
2189	208
2190	185
2191	210
2192	220
2193	215
2194	223
2195	209
2196	243
2197	223
2198	198
2199	201
2200	186
2201	190
2202	191
2203	143
2204	172
2205	164
2206	187
2207	194
2208	177
2209	192
2210	188
2211	160
2212	172
2213	186
2214	147
2215	168
2216	194
2217	172
2218	177
2219	153
2220	182
2221	175
2222	157
2223	163
2224	137
2225	173
2226	169
2227	164
2228	168
2229	165
2230	162
2231	166
2232	151
2233	176
2234	180
2235	173
2236	168
2237	166
2238	176
2239	193
2240	181
2241	149
2242	161
2243	183
2244	179
2245	166
2246	183
2247	183
2248	182
2249	177
2250	177
2251	152
2252	166
2253	182
2254	183
2255	166
2256	185
2257	155
2258	161
2259	182
2260	152
2261	150
2262	160
2263	169
2264	159
2265	182
2266	189
2267	149
2268	192
2269	165
2270	156
2271	164
2272	181
2273	190
2274	150
2275	199
2276	158
2277	168
2278	169
2279	169
2280	173
2281	153
2282	171
2283	175
2284	163
2285	196
2286	182
2287	159
2288	151
2289	182
2290	168
2291	180
2292	168
2293	193
2294	182
2295	170
2296	180
2297	196
2298	142
2299	176
2300	180
2301	164
2302	175
2303	171
2304	170
2305	177
2306	160
2307	161
2308	157
2309	161
2310	181
2311	156
2312	157
2313	142
2314	200
2315	189
2316	173
2317	189
2318	184
2319	172
2320	164
2321	185
2322	179
2323	157
2324	172
2325	142
2326	184
2327	170
2328	185
2329	207
2330	167
2331	190
2332	200
2333	217
2334	275
2335	287
2336	309
2337	398
2338	508
2339	622
2340	667
2341	883
2342	995
2343	1099
2344	1177
2345	1167
2346	1094
2347	1021
2348	813
2349	642
2350	472
2351	365
2352	276
2353	226
2354	251
2355	222
2356	205
2357	184
2358	168
2359	204
2360	190
2361	188
2362	177
2363	170
2364	155
2365	174
2366	183
2367	159
2368	156
2369	184
2370	166
2371	145
2372	157
2373	157
2374	185
2375	178
2376	162
2377	161
2378	180
2379	149
2380	167
2381	156
2382	159
2383	170
2384	153
2385	161
2386	163
2387	161
2388	158
2389	163
2390	180
2391	138
2392	158
2393	149
2394	161
2395	145
2396	182
2397	155
2398	174
2399	169
2400	175
2401	159
2402	174
2403	157
2404	162
2405	156
2406	150
2407	148
2408	145
2409	159
2410	169
2411	157
2412	165
2413	148
2414	143
2415	144
2416	173
2417	164
2418	181
2419	162
2420	151
2421	161
2422	154
2423	157
2424	173
2425	154
2426	169
2427	156
2428	162
2429	173
2430	155
2431	143
2432	150
2433	187
2434	138
2435	166
2436	163
2437	173
2438	205
2439	177
2440	167
2441	182
2442	163
2443	162
2444	159
2445	149
2446	162
2447	168
2448	159
2449	153
2450	150
2451	157
2452	160
2453	178
2454	175
2455	159
2456	153
2457	180
2458	174
2459	163
2460	164
2461	159
2462	157
2463	163
2464	157
2465	155
2466	176
2467	163
2468	148
2469	187
2470	187
2471	134
2472	125
2473	132
2474	176
2475	176
2476	172
2477	167
2478	170
2479	150
2480	160
2481	154
2482	149
2483	163
2484	156
2485	173
2486	160
2487	136
2488	158
2489	158
2490	183
2491	165
2492	162
2493	162
2494	184
2495	186
2496	148
2497	161
2498	151
2499	161
2500	183
2501	155
2502	150
2503	156
2504	166
2505	149
2506	155
2507	155
2508	158
2509	173
2510	141
2511	153
2512	150
2513	149
2514	155
2515	169
2516	142
2517	156
2518	161
2519	176
2520	151
2521	173
2522	164
2523	154
2524	165
2525	177
2526	162
2527	146
2528	157
2529	158
2530	160
2531	160
2532	169
2533	170
2534	141
2535	173
2536	158
2537	170
2538	155
2539	165
2540	174
2541	167
2542	178
2543	140
2544	186
2545	153
2546	169
2547	177
2548	189
2549	149
2550	161
2551	168
2552	166
2553	153
2554	158
2555	169
2556	168
2557	160
2558	171
2559	155
2560	158
2561	142
2562	150
2563	152
2564	161
2565	183
2566	181
2567	167
2568	174
2569	149
2570	176
2571	163
2572	186
2573	161
2574	193
2575	208
2576	186
2577	212
2578	245
2579	267
2580	237
2581	293
2582	293
2583	299
2584	254
2585	266
2586	219
2587	206
2588	205
2589	162
2590	157
2591	186
2592	141
2593	154
2594	156
2595	153
2596	166
2597	163
2598	147
2599	168
2600	156
2601	153
2602	153
2603	155
2604	154
2605	161
2606	160
2607	173
2608	163
2609	198
2610	178
2611	172
2612	155
2613	158
2614	138
2615	176
2616	155
2617	166
2618	154
2619	156
2620	163
2621	186
2622	158
2623	155
2624	161
2625	149
2626	208
2627	161
2628	156
2629	137
2630	148
2631	161
2632	179
2633	160
2634	145
2635	165
2636	166
2637	172
2638	175
2639	126
2640	150
2641	176
2642	145
2643	160
2644	147
2645	159
2646	151
2647	159
2648	161
2649	179
2650	155
2651	170
2652	171
2653	148
2654	181
2655	173
2656	178
2657	194
2658	219
2659	183
2660	213
2661	194
2662	182
2663	189
2664	198
2665	174
2666	184
2667	163
2668	176
2669	160
2670	165
2671	172
2672	197
2673	182
2674	157
2675	170
2676	148
2677	164
2678	168
2679	160
2680	150
2681	141
2682	168
2683	150
2684	151
2685	159
2686	153
2687	171
2688	185
2689	160
2690	188
2691	198
2692	163
2693	190
2694	185
2695	168
2696	179
2697	180
2698	180
2699	193
2700	190
2701	194
2702	168
2703	183
2704	193
2705	183
2706	179
2707	168
2708	201
2709	177
2710	162
2711	160
2712	164
2713	172
2714	175
2715	156
2716	163
2717	192
2718	155
2719	186
2720	189
2721	186
2722	160
2723	167
2724	168
2725	176
2726	168
2727	158
2728	166
2729	160
2730	165
2731	174
2732	165
2733	150
2734	192
2735	146
2736	147
2737	162
2738	164
2739	156
2740	183
2741	171
2742	162
2743	163
2744	149
2745	163
2746	175
2747	153
2748	169
2749	183
2750	173
2751	172
2752	172
2753	175
2754	171
2755	157
2756	145
2757	166
2758	159
2759	155
2760	154
2761	146
2762	159
2763	150
2764	155
2765	151
2766	164
2767	168
2768	144
2769	170
2770	157
2771	158
2772	138
2773	158
2774	139
2775	182
2776	170
2777	170
2778	160
2779	147
2780	137
2781	140
2782	190
2783	143
2784	154
2785	163
2786	161
2787	164
2788	170
2789	158
2790	151
2791	156
2792	161
2793	154
2794	158
2795	147
2796	173
2797	138
2798	147
2799	153
2800	152
2801	169
2802	157
2803	170
2804	153
2805	158
2806	162
2807	165
2808	142
2809	137
2810	188
2811	181
2812	151
2813	164
2814	179
2815	181
2816	166
2817	157
2818	160
2819	184
2820	160
2821	166
2822	170
2823	185
2824	177
2825	182
2826	188
2827	185
2828	174
2829	166
2830	162
2831	168
2832	171
2833	146
2834	166
2835	154
2836	175
2837	134
2838	134
2839	125
2840	158
2841	167
2842	185
2843	146
2844	151
2845	171
2846	168
2847	181
2848	167
2849	161
2850	193
2851	162
2852	156
2853	142
2854	175
2855	138
2856	176
2857	159
2858	155
2859	156
2860	151
2861	151
2862	148
2863	143
2864	169
2865	163
2866	160
2867	152
2868	165
2869	169
2870	170
2871	157
2872	159
2873	155
2874	165
2875	165
2876	161
2877	169
2878	186
2879	156
2880	171
2881	184
2882	158
2883	158
2884	170
2885	147
2886	156
2887	156
2888	181
2889	157
2890	155
2891	174
2892	177
2893	174
2894	196
2895	150
2896	158
2897	175
2898	165
2899	166
2900	142
2901	154
2902	178
2903	163
2904	156
2905	174
2906	161
2907	157
2908	138
2909	162
2910	169
2911	146
2912	152
2913	174
2914	159
2915	153
2916	166
2917	172
2918	165
2919	147
2920	170
2921	163
2922	171
2923	164
2924	157
2925	159
2926	185
2927	161
2928	148
2929	169
2930	163
2931	140
2932	168
2933	175
2934	179
2935	187
2936	151
2937	189
2938	163
2939	162
2940	175
2941	157
2942	170
2943	189
2944	182
2945	164
2946	134
2947	171
2948	151
2949	170
2950	191
2951	168
2952	187
2953	152
2954	191
2955	165
2956	163
2957	161
2958	182
2959	160
2960	188
2961	196
2962	172
2963	160
2964	139
2965	159
2966	152
2967	162
2968	167
2969	163
2970	184
2971	171
2972	178
2973	204
2974	199
2975	209
2976	218
2977	231
2978	246
2979	249
2980	265
2981	275
2982	313
2983	294
2984	308
2985	262
2986	221
2987	238
2988	210
2989	189
2990	203
2991	198
2992	205
2993	193
2994	197
2995	200
2996	200
2997	197
2998	190
2999	197
3000	177
3001	185
3002	169
3003	159
3004	164
3005	168
3006	154
3007	138
3008	169
3009	173
3010	168
3011	187
3012	160
3013	185
3014	165
3015	148
3016	169
3017	175
3018	183
3019	157
3020	174
3021	158
3022	153
3023	166
3024	169
3025	168
3026	160
3027	157
3028	175
3029	181
3030	172
3031	179
3032	167
3033	185
3034	150
3035	170
3036	184
3037	164
3038	192
3039	155
3040	156
3041	173
3042	183
3043	178
3044	166
3045	162
3046	191
3047	166
3048	167
3049	174
3050	187
3051	150
3052	183
3053	137
3054	161
3055	167
3056	182
3057	173
3058	177
3059	162
3060	178
3061	187
3062	159
3063	157
3064	181
3065	169
3066	150
3067	176
3068	172
3069	178
3070	177
3071	160
3072	185
3073	153
3074	177
3075	168
3076	172
3077	190
3078	174
3079	170
3080	161
3081	195
3082	154
3083	162
3084	159
3085	170
3086	192
3087	152
3088	197
3089	196
3090	197
3091	172
3092	187
3093	206
3094	219
3095	202
3096	216
3097	240
3098	280
3099	245
3100	253
3101	261
3102	278
3103	238
3104	222
3105	190
3106	205
3107	181
3108	152
3109	164
3110	155
3111	167
3112	165
3113	155
3114	156
3115	157
3116	147
3117	115
3118	165
3119	154
3120	130
3121	132
3122	146
3123	171
3124	156
3125	112
3126	151
3127	145
3128	166
3129	146
3130	156
3131	148
3132	148
3133	144
3134	162
3135	173
3136	147
3137	157
3138	137
3139	138
3140	156
3141	153
3142	149
3143	151
3144	153
3145	142
3146	150
3147	166
3148	140
3149	142
3150	157
3151	127
3152	150
3153	146
3154	152
3155	156
3156	146
3157	136
3158	162
3159	161
3160	157
3161	159
3162	151
3163	143
3164	131
3165	153
3166	154
3167	146
3168	144
3169	148
3170	148
3171	155
3172	157
3173	150
3174	142
3175	128
3176	131
3177	158
3178	133
3179	158
3180	145
3181	152
3182	138
3183	154
3184	140
3185	155
3186	134
3187	143
3188	143
3189	145
3190	149
3191	136
3192	129
3193	131
3194	123
3195	163
3196	144
3197	136
3198	149
3199	133
3200	145
3201	147
3202	157
3203	154
3204	144
3205	131
3206	143
3207	167
3208	142
3209	151
3210	139
3211	152
3212	155
3213	155
3214	152
3215	159
3216	139
3217	150
3218	130
3219	146
3220	164
3221	160
3222	139
3223	130
3224	142
3225	125
3226	137
3227	159
3228	168
3229	139
3230	153
3231	147
3232	157
3233	125
3234	138
3235	149
3236	157
3237	137
3238	152
3239	133
3240	148
3241	147
3242	117
3243	131
3244	135
3245	137
3246	139
3247	160
3248	134
3249	125
3250	152
3251	138
3252	152
3253	137
3254	154
3255	139
3256	157
3257	154
3258	134
3259	156
3260	171
3261	147
3262	151
3263	126
3264	142
3265	129
3266	154
3267	153
3268	134
3269	131
3270	120
3271	145
3272	124
3273	137
3274	145
3275	140
3276	142
3277	157
3278	121
3279	136
3280	143
3281	133
3282	150
3283	157
3284	115
3285	137
3286	137
3287	133
3288	137
3289	134
3290	155
3291	126
3292	136
3293	146
3294	144
3295	124
3296	134
3297	144
3298	142
3299	137
3300	126
3301	147
3302	137
3303	136
3304	142
3305	133
3306	132
3307	131
3308	147
3309	133
3310	149
3311	136
3312	150
3313	131
3314	130
3315	129
3316	132
3317	139
3318	129
3319	141
3320	147
3321	124
3322	136
3323	150
3324	147
3325	151
3326	134
3327	138
3328	140
3329	143
3330	140
3331	131
3332	135
3333	153
3334	153
3335	148
3336	129
3337	136
3338	143
3339	141
3340	130
3341	123
3342	109
3343	126
3344	121
3345	129
3346	130
3347	108
3348	135
3349	140
3350	149
3351	132
3352	157
3353	124
3354	145
3355	127
3356	156
3357	162
3358	134
3359	134
3360	183
3361	143
3362	108
3363	136
3364	121
3365	123
3366	144
3367	145
3368	135
3369	139
3370	154
3371	119
3372	130
3373	129
3374	142
3375	123
3376	140
3377	134
3378	137
3379	142
3380	124
3381	127
3382	128
3383	142
3384	152
3385	136
3386	126
3387	138
3388	138
3389	156
3390	140
3391	143
3392	141
3393	143
3394	145
3395	152
3396	142
3397	145
3398	113
3399	134
3400	124
3401	138
3402	150
3403	140
3404	156
3405	135
3406	133
3407	117
3408	162
3409	137
3410	109
3411	122
3412	118
3413	139
3414	146
3415	122
3416	140
3417	135
3418	132
3419	145
3420	136
3421	149
3422	134
3423	133
3424	137
3425	113
3426	138
3427	117
3428	144
3429	157
3430	121
3431	140
3432	126
3433	141
3434	140
3435	134
3436	134
3437	131
3438	123
3439	128
3440	138
3441	130
3442	128
3443	127
3444	147
3445	131
3446	145
3447	143
3448	148
3449	136
3450	124
3451	137
3452	159
3453	132
3454	142
3455	148
3456	134
3457	135
3458	135
3459	136
3460	138
3461	150
3462	143
3463	143
3464	150
3465	146
3466	129
3467	155
3468	143
3469	170
3470	164
3471	163
3472	167
3473	180
3474	192
3475	175
3476	170
3477	166
3478	174
3479	165
3480	132
3481	136
3482	139
3483	128
3484	154
3485	130
3486	151
3487	130
3488	124
3489	152
3490	143
3491	141
3492	165
3493	131
3494	120
3495	135
3496	137
3497	152
3498	124
3499	159
3500	160
3501	129
3502	129
3503	161
3504	143
3505	127
3506	130
3507	156
3508	151
3509	131
3510	128
3511	150
3512	134
3513	141
3514	132
3515	135
3516	152
3517	142
3518	139
3519	139
3520	132
3521	124
3522	144
3523	148
3524	125
3525	138
3526	155
3527	131
3528	139
3529	142
3530	153
3531	158
3532	133
3533	149
3534	115
3535	144
3536	116
3537	123
3538	146
3539	113
3540	132
3541	139
3542	121
3543	120
3544	119
3545	144
3546	142
3547	161
3548	161
3549	133
3550	138
3551	144
3552	136
3553	131
3554	138
3555	132
3556	137
3557	122
3558	137
3559	134
3560	154
3561	132
3562	158
3563	129
3564	135
3565	164
3566	163
3567	189
3568	162
3569	174
3570	180
3571	170
3572	174
3573	165
3574	140
3575	159
3576	170
3577	156
3578	131
3579	129
3580	142
3581	141
3582	171
3583	130
3584	179
3585	163
3586	176
3587	174
3588	195
3589	196
3590	209
3591	232
3592	225
3593	222
3594	178
3595	170
3596	189
3597	166
3598	144
3599	144
3600	132
3601	152
3602	139
3603	149
3604	121
3605	158
3606	138
3607	138
3608	121
3609	121
3610	105
3611	123
3612	125
3613	134
3614	147
3615	125
3616	140
3617	133
3618	124
3619	143
3620	124
3621	145
3622	129
3623	150
3624	130
3625	122
3626	139
3627	143
3628	145
3629	134
3630	136
3631	132
3632	137
3633	162
3634	162
3635	165
3636	151
3637	185
3638	245
3639	221
3640	236
3641	260
3642	277
3643	313
3644	294
3645	334
3646	278
3647	274
3648	253
3649	195
3650	200
3651	163
3652	176
3653	150
3654	139
3655	146
3656	156
3657	137
3658	120
3659	140
3660	119
3661	156
3662	142
3663	129
3664	142
3665	128
3666	129
3667	119
3668	144
3669	132
3670	135
3671	119
3672	130
3673	111
3674	126
3675	139
3676	151
3677	130
3678	140
3679	127
3680	131
3681	120
3682	144
3683	143
3684	104
3685	137
3686	115
3687	142
3688	123
3689	147
3690	155
3691	117
3692	134
3693	124
3694	125
3695	116
3696	107
3697	115
3698	123
3699	100
3700	133
3701	112
3702	131
3703	134
3704	119
3705	124
3706	136
3707	134
3708	133
3709	123
3710	146
3711	125
3712	118
3713	146
3714	136
3715	127
3716	128
3717	133
3718	128
3719	136
3720	141
3721	132
3722	138
3723	142
3724	137
3725	145
3726	120
3727	124
3728	143
3729	149
3730	141
3731	140
3732	111
3733	138
3734	133
3735	108
3736	120
3737	115
3738	141
3739	133
3740	121
3741	133
3742	137
3743	142
3744	115
3745	118
3746	152
3747	139
3748	124
3749	134
3750	121
3751	144
3752	130
3753	128
3754	128
3755	135
3756	130
3757	117
3758	142
3759	145
3760	148
3761	146
3762	142
3763	132
3764	132
3765	148
3766	127
3767	125
3768	139
3769	148
3770	171
3771	161
3772	140
3773	168
3774	183
3775	160
3776	147
3777	155
3778	135
3779	127
3780	124
3781	126
3782	131
3783	142
3784	140
3785	135
3786	130
3787	145
3788	130
3789	124
3790	118
3791	156
3792	121
3793	130
3794	156
3795	172
3796	127
3797	143
3798	125
3799	145
3800	159
3801	137
3802	181
3803	175
3804	174
3805	185
3806	158
3807	160
3808	210
3809	159
3810	166
3811	210
3812	157
3813	169
3814	157
3815	155
3816	153
3817	144
3818	147
3819	131
3820	138
3821	126
3822	139
3823	145
3824	145
3825	150
3826	129
3827	159
3828	154
3829	119
3830	137
3831	142
3832	150
3833	132
3834	108
3835	122
3836	125
3837	151
3838	115
3839	111
3840	124
3841	126
3842	134
3843	120
3844	148
3845	151
3846	131
3847	130
3848	132
3849	130
3850	152
3851	155
3852	140
3853	138
3854	142
3855	153
3856	126
3857	121
3858	143
3859	136
3860	111
3861	135
3862	122
3863	118
3864	126
3865	137
3866	130
3867	122
3868	134
3869	144
3870	136
3871	132
3872	127
3873	138
3874	132
3875	116
3876	140
3877	139
3878	141
3879	145
3880	133
3881	116
3882	138
3883	143
3884	141
3885	137
3886	144
3887	127
3888	137
3889	134
3890	144
3891	107
3892	134
3893	148
3894	127
3895	127
3896	130
3897	134
3898	141
3899	152
3900	141
3901	125
3902	114
3903	161
3904	139
3905	129
3906	141
3907	132
3908	139
3909	127
3910	128
3911	150
3912	135
3913	141
3914	140
3915	133
3916	144
3917	116
3918	138
3919	136
3920	127
3921	124
3922	146
3923	122
3924	144
3925	130
3926	136
3927	143
3928	147
3929	139
3930	137
3931	134
3932	135
3933	134
3934	138
3935	124
3936	132
3937	144
3938	130
3939	139
3940	145
3941	129
3942	138
3943	163
3944	157
3945	121
3946	147
3947	143
3948	127
3949	132
3950	129
3951	124
3952	126
3953	118
3954	121
3955	143
3956	128
3957	138
3958	131
3959	145
3960	124
3961	131
3962	143
3963	134
3964	130
3965	162
3966	122
3967	130
3968	127
3969	127
3970	141
3971	165
3972	149
3973	142
3974	137
3975	126
3976	150
3977	148
3978	154
3979	146
3980	168
3981	158
3982	131
3983	139
3984	159
3985	115
3986	125
3987	130
3988	128
3989	123
3990	145
3991	130
3992	140
3993	132
3994	139
3995	119
3996	132
3997	133
3998	126
3999	138
4000	131
4001	140
4002	136
4003	139
4004	146
4005	144
4006	123
4007	136
4008	148
4009	144
4010	119
4011	136
4012	152
4013	144
4014	136
4015	158
4016	135
4017	132
4018	145
4019	134
4020	154
4021	119
4022	150
4023	114
4024	152
4025	142
4026	146
4027	137
4028	137
4029	124
4030	128
4031	144
4032	127
4033	149
4034	136
4035	137
4036	110
4037	135
4038	136
4039	121
4040	124
4041	138
4042	119
4043	125
4044	149
4045	130
4046	135
4047	135
4048	142
4049	169
4050	168
4051	165
4052	146
4053	147
4054	147
4055	135
4056	146
4057	144
4058	107
4059	117
4060	126
4061	122
4062	145
4063	141
4064	138
4065	128
4066	151
4067	129
4068	140
4069	134
4070	149
4071	159
4072	137
4073	142
4074	113
4075	145
4076	130
4077	137
4078	126
4079	120
4080	104
4081	105
4082	137
4083	126
4084	132
4085	124
4086	126
4087	132
4088	107
4089	148
4090	109
4091	149
4092	97
4093	126
4094	111
4095	110
4096	129
4097	133
4098	121
4099	129
4100	136
4101	139
4102	132
4103	106
4104	113
4105	139
4106	126
4107	157
4108	145
4109	153
4110	168
4111	239
4112	277
4113	320
4114	431
4115	517
4116	663
4117	812
4118	1071
4119	1214
4120	1522
4121	1739
4122	1991
4123	2214
4124	2289
4125	2239
4126	2098
4127	1800
4128	1560
4129	1171
4130	934
4131	661
4132	456
4133	341
4134	271
4135	221
4136	237
4137	176
4138	184
4139	177
4140	157
4141	163
4142	144
4143	137
4144	133
4145	144
4146	146
4147	118
4148	124
4149	119
4150	124
4151	114
4152	114
4153	130
4154	125
4155	129
4156	94
4157	117
4158	113
4159	108
4160	139
4161	111
4162	103
4163	126
4164	98
4165	103
4166	116
4167	116
4168	123
4169	100
4170	118
4171	90
4172	101
4173	122
4174	111
4175	110
4176	100
4177	110
4178	100
4179	92
4180	101
4181	117
4182	108
4183	133
4184	125
4185	117
4186	116
4187	122
4188	109
4189	107
4190	115
4191	119
4192	103
4193	111
4194	98
4195	99
4196	107
4197	104
4198	97
4199	106
4200	103
4201	99
4202	116
4203	111
4204	110
4205	103
4206	131
4207	118
4208	115
4209	101
4210	120
4211	115
4212	123
4213	116
4214	110
4215	122
4216	110
4217	120
4218	97
4219	120
4220	103
4221	98
4222	110
4223	122
4224	105
4225	110
4226	112
4227	99
4228	116
4229	111
4230	124
4231	115
4232	114
4233	114
4234	112
4235	110
4236	102
4237	119
4238	108
4239	121
4240	112
4241	109
4242	105
4243	115
4244	113
4245	108
4246	97
4247	107
4248	113
4249	103
4250	100
4251	120
4252	112
4253	112
4254	112
4255	107
4256	105
4257	121
4258	97
4259	108
4260	102
4261	121
4262	90
4263	105
4264	128
4265	98
4266	95
4267	116
4268	109
4269	106
4270	116
4271	134
4272	96
4273	112
4274	121
4275	111
4276	102
4277	111
4278	95
4279	115
4280	122
4281	108
4282	144
4283	138
4284	110
4285	147
4286	148
4287	153
4288	153
4289	180
4290	155
4291	153
4292	166
4293	164
4294	151
4295	144
4296	147
4297	140
4298	97
4299	144
4300	119
4301	112
4302	84
4303	112
4304	123
4305	129
4306	105
4307	121
4308	109
4309	112
4310	115
4311	137
4312	110
4313	116
4314	114
4315	114
4316	129
4317	108
4318	106
4319	123
4320	114
4321	126
4322	106
4323	119
4324	121
4325	100
4326	107
4327	105
4328	123
4329	107
4330	104
4331	106
4332	106
4333	108
4334	96
4335	90
4336	107
4337	120
4338	117
4339	125
4340	106
4341	106
4342	119
4343	118
4344	104
4345	111
4346	125
4347	93
4348	136
4349	121
4350	119
4351	105
4352	122
4353	110
4354	111
4355	122
4356	118
4357	101
4358	121
4359	119
4360	121
4361	101
4362	100
4363	119
4364	114
4365	105
4366	106
4367	105
4368	103
4369	98
4370	114
4371	122
4372	117
4373	124
4374	93
4375	108
4376	107
4377	109
4378	115
4379	103
4380	124
4381	102
4382	101
4383	120
4384	105
4385	97
4386	109
4387	116
4388	109
4389	115
4390	105
4391	89
4392	116
4393	121
4394	101
4395	114
4396	96
4397	137
4398	120
4399	117
4400	104
4401	111
4402	107
4403	121
4404	118
4405	120
4406	134
4407	121
4408	105
4409	120
4410	107
4411	95
4412	108
4413	120
4414	92
4415	116
4416	124
4417	117
4418	107
4419	122
4420	105
4421	119
4422	111
4423	120
4424	101
4425	108
4426	90
4427	114
4428	109
4429	104
4430	114
4431	116
4432	106
4433	109
4434	98
4435	112
4436	113
4437	120
4438	128
4439	118
4440	108
4441	99
4442	123
4443	137
4444	124
4445	114
4446	120
4447	106
4448	112
4449	104
4450	131
4451	117
4452	116
4453	130
4454	133
4455	145
4456	128
4457	152
4458	143
4459	151
4460	131
4461	144
4462	133
4463	132
4464	116
4465	107
4466	110
4467	109
4468	126
4469	110
4470	116
4471	90
4472	91
4473	137
4474	99
4475	116
4476	106
4477	131
4478	109
4479	119
4480	131
4481	125
4482	125
4483	96
4484	132
4485	123
4486	131
4487	108
4488	119
4489	114
4490	91
4491	105
4492	111
4493	119
4494	109
4495	126
4496	105
4497	109
4498	110
4499	105
4500	115
4501	97
4502	118
4503	107
4504	84
4505	103
4506	112
4507	93
4508	120
4509	140
4510	104
4511	95
4512	132
4513	123
4514	131
4515	102
4516	120
4517	125
4518	104
4519	117
4520	117
4521	111
4522	95
4523	117
4524	123
4525	105
4526	126
4527	106
4528	108
4529	121
4530	116
4531	130
4532	116
4533	119
4534	106
4535	113
4536	99
4537	117
4538	116
4539	111
4540	130
4541	117
4542	121
4543	136
4544	97
4545	136
4546	115
4547	100
4548	122
4549	112
4550	87
4551	117
4552	118
4553	115
4554	117
4555	106
4556	118
4557	116
4558	124
4559	138
4560	116
4561	99
4562	118
4563	111
4564	116
4565	117
4566	110
4567	112
4568	107
4569	128
4570	111
4571	106
4572	107
4573	102
4574	99
4575	98
4576	119
4577	132
4578	128
4579	130
4580	150
4581	161
4582	170
4583	190
4584	183
4585	227
4586	273
4587	354
4588	395
4589	429
4590	520
4591	612
4592	658
4593	717
4594	772
4595	722
4596	683
4597	587
4598	523
4599	410
4600	341
4601	278
4602	247
4603	180
4604	183
4605	159
4606	138
4607	143
4608	121
4609	136
4610	134
4611	120
4612	104
4613	125
4614	118
4615	120
4616	120
4617	132
4618	118
4619	105
4620	122
4621	119
4622	119
4623	142
4624	115
4625	101
4626	143
4627	114
4628	109
4629	131
4630	109
4631	102
4632	115
4633	93
4634	127
4635	124
4636	129
4637	112
4638	129
4639	92
4640	110
4641	121
4642	109
4643	109
4644	107
4645	121
4646	93
4647	118
4648	103
4649	126
4650	128
4651	116
4652	107
4653	124
4654	97
4655	110
4656	111
4657	103
4658	89
4659	101
4660	109
4661	103
4662	124
4663	116
4664	106
4665	122
4666	101
4667	137
4668	80
4669	102
4670	90
4671	117
4672	92
4673	89
4674	95
4675	98
4676	95
4677	90
4678	94
4679	79
4680	100
4681	114
4682	100
4683	106
4684	104
4685	101
4686	104
4687	114
4688	105
4689	94
4690	97
4691	118
4692	106
4693	102
4694	110
4695	96
4696	86
4697	97
4698	95
4699	85
4700	103
4701	93
4702	109
4703	109
4704	85
4705	95
4706	86
4707	94
4708	116
4709	88
4710	95
4711	105
4712	91
4713	90
4714	103
4715	95
4716	91
4717	90
4718	103
4719	125
4720	100
4721	94
4722	105
4723	101
4724	96
4725	95
4726	83
4727	97
4728	102
4729	89
4730	112
4731	99
4732	105
4733	94
4734	101
4735	107
4736	106
4737	113
4738	104
4739	89
4740	104
4741	111
4742	94
4743	104
4744	98
4745	100
4746	110
4747	102
4748	92
4749	95
4750	116
4751	106
4752	101
4753	106
4754	98
4755	109
4756	107
4757	104
4758	103
4759	111
4760	108
4761	87
4762	91
4763	88
4764	103
4765	111
4766	106
4767	111
4768	93
4769	102
4770	86
4771	111
4772	102
4773	118
4774	105
4775	123
4776	120
4777	108
4778	96
4779	87
4780	102
4781	113
4782	86
4783	98
4784	83
4785	84
4786	85
4787	86
4788	100
4789	88
4790	89
4791	86
4792	84
4793	89
4794	95
4795	84
4796	84
4797	85
4798	84
4799	102
4800	91
4801	86
4802	83
4803	97
4804	87
4805	76
4806	80
4807	64
4808	87
4809	71
4810	75
4811	76
4812	76
4813	92
4814	88
4815	81
4816	68
4817	71
4818	89
4819	84
4820	91
4821	89
4822	79
4823	79
4824	94
4825	79
4826	76
4827	83
4828	96
4829	93
4830	88
4831	83
4832	86
4833	82
4834	92
4835	92
4836	67
4837	79
4838	79
4839	64
4840	91
4841	84
4842	80
4843	77
4844	60
4845	72
4846	82
4847	79
4848	79
4849	80
4850	72
4851	79
4852	94
4853	70
4854	77
4855	82
4856	94
4857	77
4858	90
4859	88
4860	117
4861	96
4862	87
4863	83
4864	121
4865	126
4866	111
4867	121
4868	106
4869	114
4870	178
4871	121
4872	124
4873	156
4874	102
4875	119
4876	103
4877	79
4878	106
4879	76
4880	103
4881	79
4882	72
4883	89
4884	91
4885	75
4886	89
4887	85
4888	92
4889	68
4890	72
4891	79
4892	77
4893	84
4894	77
4895	71
4896	66
4897	63
4898	78
4899	73
4900	86
4901	89
4902	89
4903	103
4904	93
4905	121
4906	101
4907	113
4908	107
4909	101
4910	112
4911	103
4912	109
4913	83
4914	74
4915	81
4916	81
4917	68
4918	76
4919	90
4920	63
4921	81
4922	70
4923	69
4924	48
4925	83
4926	83
4927	77
4928	85
4929	73
4930	79
4931	84
4932	100
4933	89
4934	80
4935	71
4936	92
4937	68
4938	63
4939	59
4940	65
4941	67
4942	75
4943	76
4944	86
4945	83
4946	68
4947	73
4948	71
4949	66
4950	73
4951	83
4952	81
4953	79
4954	66
4955	77
4956	77
4957	72
4958	70
4959	74
4960	61
4961	79
4962	63
4963	77
4964	86
4965	86
4966	70
4967	64
4968	72
4969	74
4970	91
4971	69
4972	66
4973	88
4974	74
4975	52
4976	43
4977	78
4978	76
4979	57
4980	59
4981	69
4982	76
4983	62
4984	67
4985	89
4986	76
4987	66
4988	71
4989	80
4990	49
4991	72
4992	64
4993	66
4994	64
4995	55
4996	82
4997	69
4998	76
4999	79
5000	68
5001	72
5002	79
5003	56
5004	56
5005	63
5006	63
5007	72
5008	72
5009	56
5010	76
5011	77
5012	70
5013	66
5014	71
5015	72
5016	76
5017	75
5018	56
5019	72
5020	61
5021	73
5022	79
5023	67
5024	87
5025	69
5026	85
5027	78
5028	80
5029	61
5030	60
5031	71
5032	59
5033	70
5034	70
5035	82
5036	57
5037	79
5038	62
5039	71
5040	72
5041	63
5042	64
5043	60
5044	73
5045	74
5046	66
5047	75
5048	76
5049	63
5050	80
5051	61
5052	68
5053	71
5054	74
5055	70
5056	80
5057	65
5058	60
5059	67
5060	71
5061	77
5062	81
5063	64
5064	78
5065	78
5066	76
5067	92
5068	49
5069	55
5070	68
5071	61
5072	69
5073	78
5074	74
5075	66
5076	77
5077	70
5078	64
5079	89
5080	61
5081	68
5082	71
5083	72
5084	76
5085	72
5086	71
5087	87
5088	67
5089	91
5090	76
5091	101
5092	100
5093	133
5094	152
5095	175
5096	244
5097	304
5098	386
5099	517
5100	626
5101	774
5102	1005
5103	1276
5104	1391
5105	1577
5106	1799
5107	1918
5108	1977
5109	1839
5110	1773
5111	1537
5112	1244
5113	1023
5114	753
5115	573
5116	386
5117	322
5118	237
5119	169
5120	148
5121	113
5122	96
5123	124
5124	100
5125	112
5126	99
5127	92
5128	83
5129	80
5130	84
5131	69
5132	58
5133	85
5134	66
5135	51
5136	70
5137	67
5138	67
5139	68
5140	74
5141	66
5142	57
5143	62
5144	60
5145	56
5146	60
5147	65
5148	69
5149	58
5150	63
5151	63
5152	54
5153	65
5154	64
5155	63
5156	62
5157	63
5158	64
5159	52
5160	63
5161	72
5162	60
5163	75
5164	54
5165	60
5166	53
5167	59
5168	63
5169	71
5170	60
5171	62
5172	61
5173	60
5174	51
5175	50
5176	67
5177	59
5178	61
5179	60
5180	55
5181	60
5182	48
5183	56
5184	67
5185	60
5186	58
5187	61
5188	65
5189	53
5190	64
5191	59
5192	68
5193	62
5194	62
5195	76
5196	56
5197	52
5198	71
5199	54
5200	61
5201	58
5202	59
5203	52
5204	58
5205	53
5206	57
5207	53
5208	57
5209	70
5210	71
5211	50
5212	49
5213	65
5214	62
5215	46
5216	58
5217	75
5218	59
5219	60
5220	52
5221	78
5222	60
5223	48
5224	48
5225	50
5226	69
5227	69
5228	58
5229	58
5230	67
5231	49
5232	51
5233	44
5234	50
5235	62
5236	52
5237	53
5238	58
5239	59
5240	54
5241	69
5242	51
5243	55
5244	56
5245	64
5246	75
5247	50
5248	58
5249	68
5250	60
5251	58
5252	54
5253	56
5254	56
5255	72
5256	69
5257	61
5258	51
5259	43
5260	45
5261	65
5262	48
5263	49
5264	49
5265	49
5266	48
5267	49
5268	64
5269	46
5270	64
5271	60
5272	58
5273	49
5274	55
5275	55
5276	76
5277	53
5278	66
5279	66
5280	45
5281	55
5282	50
5283	58
5284	43
5285	59
5286	39
5287	39
5288	36
5289	49
5290	59
5291	50
5292	56
5293	47
5294	62
5295	45
5296	57
5297	55
5298	54
5299	53
5300	56
5301	54
5302	58
5303	54
5304	49
5305	57
5306	46
5307	42
5308	51
5309	49
5310	56
5311	49
5312	52
5313	59
5314	68
5315	55
5316	59
5317	66
5318	66
5319	90
5320	81
5321	108
5322	109
5323	122
5324	116
5325	111
5326	130
5327	126
5328	140
5329	121
5330	123
5331	109
5332	102
5333	62
5334	71
5335	74
5336	73
5337	57
5338	61
5339	49
5340	74
5341	51
5342	55
5343	48
5344	53
5345	48
5346	47
5347	48
5348	55
5349	38
5350	57
5351	56
5352	65
5353	49
5354	68
5355	58
5356	41
5357	53
5358	50
5359	58
5360	47
5361	67
5362	39
5363	48
5364	46
5365	42
5366	62
5367	46
5368	48
5369	50
5370	52
5371	54
5372	40
5373	35
5374	65
5375	47
5376	52
5377	61
5378	50
5379	49
5380	39
5381	42
5382	41
5383	42
5384	56
5385	35
5386	60
5387	44
5388	59
5389	51
5390	46
5391	51
5392	34
5393	56
5394	48
5395	54
5396	52
5397	52
5398	55
5399	51
5400	39
5401	49
5402	41
5403	53
5404	56
5405	58
5406	51
5407	47
5408	43
5409	41
5410	58
5411	50
5412	57
5413	52
5414	53
5415	54
5416	55
5417	43
5418	40
5419	64
5420	50
5421	61
5422	61
5423	51
5424	56
5425	40
5426	58
5427	48
5428	40
5429	45
5430	54
5431	51
5432	40
5433	57
5434	53
5435	52
5436	54
5437	48
5438	36
5439	52
5440	49
5441	40
5442	51
5443	48
5444	62
5445	46
5446	56
5447	53
5448	52
5449	44
5450	43
5451	39
5452	37
5453	44
5454	54
5455	45
5456	54
5457	53
5458	64
5459	54
5460	49
5461	49
5462	64
5463	61
5464	53
5465	43
5466	45
5467	49
5468	47
5469	53
5470	42
5471	57
5472	64
5473	60
5474	49
5475	58
5476	55
5477	50
5478	41
5479	48
5480	52
5481	60
5482	44
5483	23
5484	57
5485	42
5486	39
5487	62
5488	43
5489	50
5490	53
5491	54
5492	66
5493	46
5494	37
5495	56
5496	44
5497	52
5498	49
5499	43
5500	43
5501	53
5502	47
5503	40
5504	53
5505	49
5506	61
5507	53
5508	51
5509	51
5510	47
5511	42
5512	65
5513	55
5514	50
5515	49
5516	53
5517	48
5518	50
5519	49
5520	32
5521	50
5522	44
5523	50
5524	48
5525	57
5526	60
5527	38
5528	42
5529	54
5530	49
5531	47
5532	51
5533	38
5534	43
5535	55
5536	50
5537	58
5538	40
5539	43
5540	43
5541	41
5542	46
5543	53
5544	57
5545	50
5546	42
5547	50
5548	53
5549	61
5550	49
5551	51
5552	47
5553	46
5554	39
5555	51
5556	58
5557	50
5558	44
5559	46
5560	42
5561	36
5562	56
5563	61
5564	38
5565	40
5566	50
5567	46
5568	42
5569	48
5570	54
5571	43
5572	47
5573	61
5574	48
5575	52
5576	43
5577	50
5578	52
5579	49
5580	44
5581	50
5582	52
5583	35
5584	61
5585	53
5586	59
5587	48
5588	52
5589	38
5590	40
5591	59
5592	48
5593	53
5594	52
5595	46
5596	45
5597	65
5598	58
5599	49
5600	53
5601	36
5602	53
5603	54
5604	56
5605	55
5606	55
5607	52
5608	42
5609	37
5610	50
5611	45
5612	60
5613	42
5614	64
5615	60
5616	36
5617	40
5618	56
5619	49
5620	44
5621	41
5622	57
5623	55
5624	52
5625	63
5626	50
5627	44
5628	47
5629	46
5630	42
5631	47
5632	45
5633	47
5634	52
5635	60
5636	42
5637	59
5638	54
5639	52
5640	48
5641	59
5642	49
5643	51
5644	47
5645	54
5646	54
5647	48
5648	58
5649	51
5650	49
5651	52
5652	49
5653	53
5654	52
5655	63
5656	49
5657	48
5658	56
5659	57
5660	52
5661	56
5662	45
5663	43
5664	55
5665	34
5666	43
5667	57
5668	63
5669	51
5670	55
5671	50
5672	58
5673	60
5674	62
5675	46
5676	39
5677	60
5678	51
5679	43
5680	54
5681	51
5682	48
5683	63
5684	47
5685	45
5686	58
5687	41
5688	45
5689	46
5690	53
5691	53
5692	44
5693	53
5694	50
5695	65
5696	48
5697	63
5698	48
5699	50
5700	56
5701	58
5702	59
5703	46
5704	46
5705	59
5706	39
5707	56
5708	62
5709	40
5710	52
5711	55
5712	58
5713	60
5714	57
5715	53
5716	57
5717	55
5718	51
5719	55
5720	42
5721	54
5722	58
5723	53
5724	48
5725	56
5726	55
5727	61
5728	64
5729	63
5730	66
5731	51
5732	53
5733	49
5734	66
5735	63
5736	57
5737	79
5738	78
5739	83
5740	81
5741	96
5742	122
5743	200
5744	198
5745	270
5746	322
5747	400
5748	533
5749	637
5750	735
5751	916
5752	977
5753	1075
5754	1187
5755	1191
5756	1217
5757	1114
5758	953
5759	883
5760	658
5761	504
5762	388
5763	308
5764	238
5765	195
5766	171
5767	137
5768	174
5769	174
5770	186
5771	199
5772	222
5773	215
5774	263
5775	274
5776	262
5777	256
5778	249
5779	185
5780	174
5781	147
5782	140
5783	104
5784	88
5785	93
5786	78
5787	64
5788	71
5789	47
5790	58
5791	62
5792	53
5793	44
5794	50
5795	53
5796	53
5797	61
5798	54
5799	55
5800	57
5801	55
5802	41
5803	61
5804	44
5805	56
5806	56
5807	41
5808	53
5809	52
5810	43
5811	48
5812	57
5813	56
5814	48
5815	48
5816	57
5817	48
5818	39
5819	41
5820	40
5821	47
5822	47
5823	51
5824	61
5825	43
5826	52
5827	57
5828	56
5829	51
5830	53
5831	47
5832	44
5833	53
5834	50
5835	55
5836	52
5837	55
5838	44
5839	40
5840	56
5841	62
5842	52
5843	56
5844	43
5845	51
5846	52
5847	48
5848	38
5849	54
5850	45
5851	65
5852	51
5853	45
5854	43
5855	48
5856	48
5857	58
5858	44
5859	57
5860	49
5861	36
5862	38
5863	54
5864	48
5865	62
5866	53
5867	56
5868	57
5869	55
5870	62
5871	67
5872	85
5873	78
5874	62
5875	75
5876	82
5877	78
5878	100
5879	105
5880	132
5881	166
5882	195
5883	233
5884	288
5885	397
5886	468
5887	668
5888	748
5889	891
5890	1075
5891	1204
5892	1379
5893	1477
5894	1515
5895	1516
5896	1428
5897	1308
5898	1187
5899	937
5900	778
5901	589
5902	433
5903	305
5904	275
5905	167
5906	162
5907	123
5908	105
5909	83
5910	76
5911	88
5912	82
5913	86
5914	83
5915	50
5916	61
5917	79
5918	55
5919	56
5920	45
5921	62
5922	60
5923	36
5924	54
5925	45
5926	48
5927	58
5928	53
5929	42
5930	49
5931	36
5932	51
5933	51
5934	53
5935	59
5936	47
5937	46
5938	41
5939	53
5940	41
5941	43
5942	50
5943	51
5944	53
5945	44
5946	60
5947	47
5948	33
5949	53
5950	51
5951	49
5952	51
5953	55
5954	62
5955	52
5956	55
5957	44
5958	44
5959	63
5960	47
5961	45
5962	59
5963	56
5964	52
5965	52
5966	47
5967	40
5968	38
5969	56
5970	53
5971	46
5972	50
5973	47
5974	46
5975	48
5976	53
5977	54
5978	46
5979	51
5980	55
5981	54
5982	52
5983	55
5984	39
5985	51
5986	50
5987	67
5988	41
5989	42
5990	47
5991	50
5992	37
5993	45
5994	49
5995	50
5996	70
5997	63
5998	55
5999	58
6000	46
6001	41
6002	42
6003	44
6004	56
6005	49
6006	55
6007	52
6008	62
6009	37
6010	55
6011	49
6012	50
6013	42
6014	44
6015	53
6016	50
6017	48
6018	53
6019	55
6020	67
6021	44
6022	52
6023	46
6024	43
6025	51
6026	42
6027	50
6028	57
6029	51
6030	47
6031	61
6032	49
6033	54
6034	46
6035	54
6036	49
6037	61
6038	40
6039	49
6040	61
6041	56
6042	48
6043	54
6044	50
6045	63
6046	60
6047	50
6048	39
6049	30
6050	50
6051	54
6052	56
6053	52
6054	60
6055	50
6056	43
6057	52
6058	46
6059	49
6060	50
6061	45
6062	39
6063	48
6064	53
6065	55
6066	53
6067	45
6068	49
6069	48
6070	50
6071	54
6072	48
6073	60
6074	40
6075	54
6076	58
6077	41
6078	56
6079	50
6080	44
6081	46
6082	55
6083	58
6084	60
6085	64
6086	52
6087	52
6088	50
6089	39
6090	56
6091	62
6092	46
6093	64
6094	61
6095	53
6096	53
6097	50
6098	50
6099	44
6100	48
6101	37
6102	49
6103	50
6104	48
6105	49
6106	49
6107	46
6108	60
6109	38
6110	59
6111	57
6112	61
6113	54
6114	48
6115	59
6116	54
6117	55
6118	51
6119	55
6120	49
6121	52
6122	48
6123	45
6124	52
6125	53
6126	55
6127	56
6128	60
6129	55
6130	70
6131	62
6132	49
6133	51
6134	48
6135	60
6136	57
6137	57
6138	54
6139	62
6140	51
6141	54
6142	56
6143	54
6144	54
6145	50
6146	51
6147	57
6148	61
6149	52
6150	67
6151	50
6152	66
6153	56
6154	66
6155	69
6156	57
6157	48
6158	55
6159	71
6160	44
6161	80
6162	51
6163	49
6164	64
6165	60
6166	53
6167	52
6168	65
6169	48
6170	49
6171	53
6172	49
6173	57
6174	70
6175	54
6176	56
6177	61
6178	63
6179	55
6180	60
6181	55
6182	61
6183	57
6184	55
6185	46
6186	61
6187	65
6188	45
6189	50
6190	50
6191	53
6192	52
6193	46
6194	52
6195	54
6196	63
6197	67
6198	62
6199	58
6200	52
6201	66
6202	60
6203	52
6204	63
6205	69
6206	44
6207	55
6208	78
6209	58
6210	64
6211	58
6212	64
6213	49
6214	63
6215	64
6216	65
6217	74
6218	53
6219	65
6220	48
6221	57
6222	54
6223	52
6224	47
6225	62
6226	45
6227	52
6228	53
6229	68
6230	58
6231	47
6232	55
6233	58
6234	49
6235	55
6236	57
6237	58
6238	61
6239	57
6240	59
6241	61
6242	54
6243	58
6244	51
6245	61
6246	57
6247	47
6248	56
6249	59
6250	61
6251	53
6252	46
6253	54
6254	74
6255	56
6256	45
6257	53
6258	55
6259	65
6260	72
6261	43
6262	60
6263	41
6264	53
6265	54
6266	57
6267	54
6268	62
6269	62
6270	45
6271	49
6272	61
6273	47
6274	61
6275	57
6276	39
6277	55
6278	39
6279	42
6280	53
6281	62
6282	54
6283	50
6284	65
6285	50
6286	49
6287	57
6288	64
6289	57
6290	60
6291	54
6292	49
6293	51
6294	59
6295	50
6296	59
6297	54
6298	49
6299	56
6300	56
6301	62
6302	49
6303	59
6304	51
6305	49
6306	63
6307	51
6308	45
6309	52
6310	38
6311	54
6312	50
6313	43
6314	41
6315	46
6316	53
6317	46
6318	53
6319	42
6320	51
6321	50
6322	45
6323	42
6324	41
6325	40
6326	45
6327	54
6328	46
6329	46
6330	51
6331	40
6332	41
6333	46
6334	36
6335	42
6336	35
6337	46
6338	40
6339	42
6340	45
6341	37
6342	40
6343	33
6344	43
6345	38
6346	28
6347	42
6348	34
6349	40
6350	38
6351	34
6352	30
6353	39
6354	49
6355	47
6356	47
6357	32
6358	46
6359	27
6360	44
6361	32
6362	29
6363	36
6364	27
6365	39
6366	39
6367	27
6368	42
6369	42
6370	35
6371	33
6372	34
6373	37
6374	46
6375	35
6376	26
6377	50
6378	26
6379	46
6380	47
6381	31
6382	44
6383	37
6384	33
6385	23
6386	37
6387	38
6388	38
6389	34
6390	38
6391	38
6392	36
6393	41
6394	38
6395	35
6396	32
6397	34
6398	33
6399	37
6400	37
6401	29
6402	40
6403	39
6404	28
6405	44
6406	43
6407	32
6408	29
6409	28
6410	35
6411	34
6412	33
6413	29
6414	34
6415	38
6416	29
6417	51
6418	35
6419	59
6420	53
6421	70
6422	66
6423	82
6424	104
6425	114
6426	126
6427	159
6428	149
6429	173
6430	179
6431	191
6432	153
6433	167
6434	122
6435	143
6436	101
6437	72
6438	69
6439	67
6440	44
6441	41
6442	38
6443	42
6444	38
6445	38
6446	38
6447	34
6448	28
6449	33
6450	20
6451	27
6452	35
6453	42
6454	37
6455	45
6456	33
6457	27
6458	24
6459	36
6460	23
6461	27
6462	31
6463	35
6464	24
6465	36
6466	31
6467	44
6468	34
6469	34
6470	38
6471	25
6472	15
6473	32
6474	35
6475	33
6476	24
6477	35
6478	39
6479	32
6480	31
6481	27
6482	37
6483	25
6484	29
6485	30
6486	31
6487	46
6488	32
6489	30
6490	30
6491	24
6492	26
6493	32
6494	23
6495	24
6496	24
6497	37
6498	32
6499	26
6500	35
6501	25
6502	21
6503	26
6504	33
6505	26
6506	27
6507	25
6508	32
6509	24
6510	24
6511	33
6512	25
6513	23
6514	30
6515	28
6516	31
6517	37
6518	31
6519	32
6520	25
6521	20
6522	28
6523	23
6524	26
6525	29
6526	54
6527	26
6528	40
6529	34
6530	23
6531	31
6532	34
6533	41
6534	29
6535	30
6536	25
6537	30
6538	30
6539	20
6540	25
6541	21
6542	28
6543	27
6544	29
6545	30
6546	36
6547	19
6548	24
6549	40
6550	28
6551	30
6552	26
6553	22
6554	28
6555	31
6556	28
6557	27
6558	31
6559	30
6560	24
6561	33
6562	22
6563	27
6564	23
6565	27
6566	28
6567	29
6568	19
6569	26
6570	25
6571	39
6572	18
6573	32
6574	28
6575	21
6576	28
6577	38
6578	18
6579	21
6580	28
6581	21
6582	35
6583	21
6584	29
6585	25
6586	23
6587	23
6588	20
6589	23
6590	29
6591	27
6592	30
6593	23
6594	23
6595	27
6596	31
6597	30
6598	31
6599	21
6600	32
6601	23
6602	30
6603	22
6604	26
6605	30
6606	16
6607	27
6608	27
6609	18
6610	19
6611	25
6612	18
6613	34
6614	25
6615	25
6616	32
6617	29
6618	26
6619	28
6620	27
6621	29
6622	25
6623	34
6624	39
6625	46
6626	51
6627	32
6628	45
6629	43
6630	31
6631	41
6632	42
6633	39
6634	26
6635	31
6636	24
6637	25
6638	21
6639	22
6640	29
6641	19
6642	25
6643	21
6644	22
6645	27
6646	24
6647	24
6648	20
6649	20
6650	23
6651	23
6652	19
6653	25
6654	19
6655	17
6656	24
6657	28
6658	21
6659	23
6660	24
6661	19
6662	25
6663	21
6664	31
6665	27
6666	14
6667	23
6668	20
6669	21
6670	27
6671	15
6672	29
6673	25
6674	27
6675	16
6676	24
6677	22
6678	18
6679	25
6680	28
6681	30
6682	23
6683	19
6684	23
6685	31
6686	31
6687	22
6688	26
6689	26
6690	19
6691	23
6692	20
6693	20
6694	18
6695	17
6696	26
6697	34
6698	26
6699	29
6700	17
6701	19
6702	22
6703	25
6704	16
6705	21
6706	15
6707	14
6708	26
6709	20
6710	20
6711	20
6712	11
6713	21
6714	19
6715	17
6716	24
6717	16
6718	24
6719	21
6720	15
6721	17
6722	12
6723	21
6724	22
6725	23
6726	24
6727	14
6728	19
6729	13
6730	21
6731	12
6732	20
6733	23
6734	15
6735	23
6736	15
6737	23
6738	22
6739	19
6740	19
6741	36
6742	14
6743	19
6744	22
6745	15
6746	17
6747	17
6748	24
6749	16
6750	18
6751	14
6752	10
6753	24
6754	17
6755	26
6756	29
6757	22
6758	28
6759	21
6760	19
6761	17
6762	17
6763	19
6764	16
6765	9
6766	21
6767	16
6768	24
6769	15
6770	16
6771	13
6772	18
6773	18
6774	25
6775	14
6776	19
6777	9
6778	22
6779	13
6780	16
6781	10
6782	19
6783	14
6784	23
6785	16
6786	15
6787	25
6788	18
6789	18
6790	18
6791	15
6792	17
6793	16
6794	17
6795	25
6796	22
6797	20
6798	18
6799	15
6800	11
6801	17
6802	20
6803	21
6804	17
6805	15
6806	16
6807	20
6808	24
6809	13
6810	13
6811	16
6812	15
6813	17
6814	19
6815	13
6816	14
6817	17
6818	18
6819	20
6820	13
6821	17
6822	20
6823	20
6824	18
6825	9
6826	14
6827	10
6828	16
6829	19
6830	13
6831	13
6832	18
6833	18
6834	19
6835	12
6836	16
6837	10
6838	14
6839	10
6840	11
6841	11
6842	18
6843	20
6844	20
6845	17
6846	18
6847	10
6848	16
6849	14
6850	18
6851	24
6852	14
6853	28
6854	18
6855	22
6856	30
6857	26
6858	19
6859	13
6860	18
6861	14
6862	14
6863	20
6864	17
6865	12
6866	9
6867	10
6868	20
6869	22
6870	14
6871	13
6872	13
6873	30
6874	26
6875	29
6876	34
6877	37
6878	38
6879	59
6880	70
6881	90
6882	85
6883	95
6884	121
6885	142
6886	152
6887	157
6888	175
6889	172
6890	163
6891	131
6892	107
6893	103
6894	71
6895	54
6896	54
6897	31
6898	22
6899	23
6900	22
6901	22
6902	27
6903	19
6904	10
6905	15
6906	19
6907	10
6908	9
6909	15
6910	12
6911	7
6912	7
6913	10
6914	11
6915	13
6916	10
6917	14
6918	20
6919	14
6920	9
6921	18
6922	16
6923	13
6924	10
6925	11
6926	12
6927	10
6928	6
6929	9
6930	12
6931	14
6932	14
6933	12
6934	14
6935	10
6936	7
6937	13
6938	8
6939	9
6940	12
6941	15
6942	9
6943	9
6944	16
6945	10
6946	13
6947	8
6948	13
6949	8
6950	9
6951	9
6952	12
6953	10
6954	15
6955	15
6956	12
6957	9
6958	9
6959	12
6960	6
6961	15
6962	12
6963	11
6964	10
6965	12
6966	13
6967	9
6968	8
6969	16
6970	11
6971	11
6972	12
6973	6
6974	14
6975	10
6976	11
6977	9
6978	9
6979	12
6980	12
6981	13
6982	12
6983	11
6984	11
6985	9
6986	17
6987	9
6988	11
6989	10
6990	11
6991	12
6992	12
6993	8
6994	5
6995	15
6996	11
6997	8
6998	10
6999	15
7000	7
7001	14
7002	8
7003	6
7004	13
7005	6
7006	7
7007	8
7008	15
7009	13
7010	13
7011	11
7012	12
7013	8
7014	9
7015	10
7016	11
7017	10
7018	10
7019	9
7020	9
7021	8
7022	12
7023	8
7024	10
7025	13
7026	10
7027	8
7028	11
7029	6
7030	11
7031	5
7032	10
7033	9
7034	11
7035	16
7036	10
7037	8
7038	5
7039	11
7040	5
7041	13
7042	10
7043	11
7044	8
7045	10
7046	7
7047	14
7048	11
7049	15
7050	9
7051	8
7052	9
7053	8
7054	9
7055	14
7056	7
7057	5
7058	9
7059	11
7060	19
7061	7
7062	10
7063	11
7064	8
7065	4
7066	4
7067	13
7068	8
7069	6
7070	7
7071	6
7072	8
7073	9
7074	15
7075	7
7076	6
7077	7
7078	11
7079	9
7080	11
7081	8
7082	6
7083	4
7084	11
7085	6
7086	9
7087	7
7088	7
7089	10
7090	8
7091	4
7092	6
7093	7
7094	9
7095	6
7096	10
7097	6
7098	11
7099	5
7100	7
7101	11
7102	14
7103	9
7104	8
7105	7
7106	6
7107	8
7108	5
7109	11
7110	12
7111	2
7112	6
7113	9
7114	6
7115	4
7116	4
7117	9
7118	8
7119	4
7120	3
7121	7
7122	8
7123	7
7124	10
7125	10
7126	6
7127	4
7128	7
7129	4
7130	9
7131	7
7132	7
7133	13
7134	8
7135	6
7136	12
7137	3
7138	4
7139	11
7140	3
7141	9
7142	9
7143	5
7144	9
7145	10
7146	10
7147	9
7148	9
7149	4
7150	8
7151	8
7152	12
7153	9
7154	5
7155	9
7156	6
7157	6
7158	5
7159	7
7160	11
7161	8
7162	8
7163	5
7164	8
7165	3
7166	6
7167	11
7168	9
7169	9
7170	5
7171	7
7172	5
7173	8
7174	7
7175	11
7176	6
7177	13
7178	4
7179	10
7180	6
7181	5
7182	9
7183	8
7184	5
7185	10
7186	7
7187	15
7188	3
7189	1
7190	3
7191	8
7192	5
7193	5
7194	9
7195	7
7196	12
7197	8
7198	8
7199	7
7200	9
7201	9
7202	10
7203	14
7204	5
7205	7
7206	8
7207	11
7208	10
7209	12
7210	10
7211	7
7212	9
7213	7
7214	1
7215	9
7216	6
7217	7
7218	6
7219	8
7220	16
7221	4
7222	5
7223	3
7224	6
7225	10
7226	10
7227	9
7228	10
7229	10
7230	14
7231	5
7232	10
7233	7
7234	12
7235	10
7236	7
7237	10
7238	8
7239	7
7240	8
7241	7
7242	4
7243	5
7244	7
7245	15
7246	10
7247	7
7248	10
7249	5
7250	7
7251	5
7252	7
7253	6
7254	8
7255	6
7256	5
7257	5
7258	6
7259	9
7260	11
7261	6
7262	6
7263	7
7264	13
7265	11
7266	9
7267	8
7268	3
7269	11
7270	8
7271	9
7272	4
7273	8
7274	8
7275	8
7276	5
7277	8
7278	6
7279	9
7280	12
7281	7
7282	10
7283	7
7284	7
7285	6
7286	7
7287	6
7288	7
7289	8
7290	6
7291	9
7292	7
7293	5
7294	6
7295	5
7296	10
7297	6
7298	4
7299	9
7300	9
7301	12
7302	3
7303	10
7304	10
7305	11
7306	8
7307	10
7308	5
7309	6
7310	9
7311	6
7312	5
7313	9
7314	8
7315	8
7316	5
7317	8
7318	5
7319	9
7320	11
7321	9
7322	3
7323	6
7324	8
7325	10
7326	11
7327	8
7328	11
7329	2
7330	8
7331	7
7332	5
7333	8
7334	7
7335	3
7336	8
7337	10
7338	7
7339	11
7340	8
7341	8
7342	4
7343	6
7344	8
7345	9
7346	10
7347	3
7348	3
7349	6
7350	10
7351	3
7352	10
7353	9
7354	4
7355	3
7356	13
7357	12
7358	7
7359	7
7360	10
7361	12
7362	9
7363	6
7364	7
7365	11
7366	7
7367	8
7368	9
7369	12
7370	11
7371	6
7372	7
7373	7
7374	13
7375	5
7376	10
7377	8
7378	6
7379	7
7380	4
7381	11
7382	5
7383	5
7384	10
7385	6
7386	4
7387	7
7388	7
7389	13
7390	9
7391	9
7392	12
7393	7
7394	7
7395	6
7396	4
7397	7
7398	4
7399	11
7400	5
7401	8
7402	7
7403	7
7404	4
7405	6
7406	8
7407	8
7408	8
7409	8
7410	10
7411	11
7412	14
7413	6
7414	5
7415	5
7416	13
7417	10
7418	10
7419	7
7420	11
7421	7
7422	7
7423	8
7424	9
7425	5
7426	9
7427	10
7428	8
7429	9
7430	13
7431	7
7432	7
7433	20
7434	17
7435	8
7436	6
7437	10
7438	12
7439	19
7440	19
7441	16
7442	14
7443	22
7444	20
7445	14
7446	35
7447	29
7448	41
7449	51
7450	56
7451	77
7452	117
7453	149
7454	216
7455	268
7456	356
7457	460
7458	559
7459	713
7460	901
7461	1105
7462	1255
7463	1418
7464	1571
7465	1691
7466	1753
7467	1674
7468	1644
7469	1566
7470	1292
7471	1169
7472	915
7473	725
7474	521
7475	394
7476	269
7477	187
7478	161
7479	117
7480	68
7481	75
7482	58
7483	48
7484	33
7485	52
7486	29
7487	27
7488	17
7489	21
7490	19
7491	23
7492	12
7493	14
7494	13
7495	9
7496	2
7497	10
7498	8
7499	6
7500	4
7501	6
7502	5
7503	0
7504	4
7505	4
7506	3
7507	3
7508	3
7509	3
7510	4
7511	8
7512	1
7513	5
7514	3
7515	3
7516	2
7517	2
7518	3
7519	3
7520	5
7521	4
7522	3
7523	3
7524	5
7525	4
7526	6
7527	5
7528	4
7529	5
7530	3
7531	3
7532	4
7533	3
7534	1
7535	3
7536	4
7537	7
7538	4
7539	2
7540	5
7541	4
7542	3
7543	6
7544	3
7545	1
7546	4
7547	7
7548	6
7549	1
7550	1
7551	2
7552	5
7553	6
7554	6
7555	4
7556	4
7557	2
7558	5
7559	2
7560	6
7561	2
7562	3
7563	1
7564	2
7565	3
7566	2
7567	4
7568	1
7569	6
7570	2
7571	5
7572	4
7573	2
7574	4
7575	4
7576	6
7577	6
7578	2
7579	3
7580	4
7581	9
7582	1
7583	6
7584	2
7585	1
7586	5
7587	3
7588	4
7589	5
7590	1
7591	1
7592	6
7593	4
7594	4
7595	3
7596	1
7597	0
7598	0
7599	1
7600	3
7601	7
7602	6
7603	3
7604	4
7605	4
7606	1
7607	1
7608	3
7609	2
7610	3
7611	4
7612	3
7613	4
7614	2
7615	1
7616	7
7617	6
7618	4
7619	4
7620	4
7621	4
7622	1
7623	2
7624	3
7625	4
7626	2
7627	4
7628	2
7629	3
7630	3
7631	2
7632	6
7633	1
7634	6
7635	5
7636	1
7637	3
7638	1
7639	1
7640	3
7641	4
7642	2
7643	2
7644	5
7645	4
7646	2
7647	2
7648	1
7649	4
7650	5
7651	4
7652	2
7653	7
7654	1
7655	2
7656	4
7657	5
7658	2
7659	6
7660	6
7661	2
7662	2
7663	2
7664	2
7665	3
7666	4
7667	1
7668	6
7669	4
7670	1
7671	2
7672	2
7673	2
7674	2
7675	4
7676	4
7677	4
7678	2
7679	2
7680	2
7681	5
7682	8
7683	3
7684	3
7685	3
7686	1
7687	4
7688	3
7689	4
7690	2
7691	6
7692	3
7693	2
7694	1
7695	1
7696	4
7697	1
7698	3
7699	1
7700	3
7701	5
7702	5
7703	4
7704	2
7705	1
7706	5
7707	5
7708	5
7709	4
7710	2
7711	2
7712	2
7713	2
7714	1
7715	12
7716	7
7717	7
7718	10
7719	9
7720	14
7721	26
7722	16
7723	27
7724	34
7725	39
7726	33
7727	45
7728	45
7729	41
7730	34
7731	38
7732	42
7733	45
7734	35
7735	31
7736	27
7737	22
7738	19
7739	25
7740	23
7741	26
7742	21
7743	20
7744	26
7745	29
7746	32
7747	30
7748	27
7749	34
7750	21
7751	23
7752	14
7753	13
7754	13
7755	9
7756	6
7757	4
7758	4
7759	3
7760	3
7761	4
7762	4
7763	4
7764	6
7765	4
7766	3
7767	1
7768	4
7769	8
7770	2
7771	3
7772	1
7773	3
7774	2
7775	3
7776	3
7777	5
7778	2
7779	3
7780	2
7781	1
7782	2
7783	3
7784	1
7785	4
7786	2
7787	4
7788	0
7789	2
7790	2
7791	3
7792	1
7793	2
7794	4
7795	3
7796	4
7797	1
7798	3
7799	5
7800	0
7801	2
7802	2
7803	3
7804	3
7805	3
7806	1
7807	3
7808	3
7809	1
7810	2
7811	4
7812	1
7813	4
7814	4
7815	3
7816	4
7817	6
7818	1
7819	1
7820	2
7821	2
7822	3
7823	2
7824	2
7825	4
7826	4
7827	1
7828	2
7829	3
7830	2
7831	6
7832	2
7833	3
7834	3
7835	3
7836	1
7837	6
7838	5
7839	3
7840	2
7841	1
7842	4
7843	1
7844	2
7845	2
7846	3
7847	1
7848	2
7849	2
7850	0
7851	4
7852	2
7853	0
7854	2
7855	3
7856	2
7857	1
7858	1
7859	6
7860	4
7861	3
7862	1
7863	2
7864	1
7865	1
7866	2
7867	1
7868	2
7869	6
7870	0
7871	2
7872	1
7873	1
7874	0
7875	1
7876	5
7877	5
7878	5
7879	2
7880	2
7881	3
7882	2
7883	3
7884	4
7885	1
7886	3
7887	3
7888	7
7889	1
7890	1
7891	2
7892	0
7893	2
7894	3
7895	1
7896	9
7897	1
7898	2
7899	3
7900	0
7901	4
7902	0
7903	2
7904	3
7905	2
7906	7
7907	4
7908	3
7909	1
7910	2
7911	0
7912	1
7913	2
7914	2
7915	1
7916	2
7917	3
7918	4
7919	3
7920	3
7921	4
7922	1
7923	1
7924	3
7925	1
7926	2
7927	0
7928	1
7929	2
7930	2
7931	4
7932	2
7933	2
7934	2
7935	4
7936	2
7937	1
7938	1
7939	2
7940	2
7941	6
7942	2
7943	0
7944	2
7945	2
7946	2
7947	0
7948	0
7949	2
7950	2
7951	2
7952	6
7953	0
7954	1
7955	3
7956	1
7957	3
7958	2
7959	1
7960	2
7961	3
7962	4
7963	3
7964	3
7965	0
7966	1
7967	3
7968	1
7969	4
7970	4
7971	1
7972	4
7973	6
7974	1
7975	2
7976	5
7977	0
7978	2
7979	6
7980	2
7981	3
7982	1
7983	2
7984	1
7985	2
7986	1
7987	2
7988	1
7989	1
7990	3
7991	4
7992	0
7993	5
7994	2
7995	2
7996	2
7997	3
7998	3
7999	2
8000	3
8001	1
8002	2
8003	4
8004	3
8005	6
8006	0
8007	3
8008	2
8009	5
8010	5
8011	1
8012	6
8013	4
8014	1
8015	1
8016	2
8017	1
8018	3
8019	1
8020	1
8021	2
8022	3
8023	4
8024	0
8025	3
8026	2
8027	0
8028	2
8029	2
8030	6
8031	3
8032	3
8033	0
8034	5
8035	1
8036	0
8037	0
8038	1
8039	1
8040	2
8041	1
8042	2
8043	3
8044	0
8045	4
8046	1
8047	3
8048	2
8049	1
8050	1
8051	3
8052	4
8053	2
8054	0
8055	5
8056	2
8057	1
8058	4
8059	3
8060	5
8061	5
8062	0
8063	0
8064	1
8065	2
8066	4
8067	2
8068	3
8069	3
8070	2
8071	1
8072	7
8073	0
8074	1
8075	2
8076	0
8077	1
8078	1
8079	4
8080	4
8081	3
8082	2
8083	1
8084	2
8085	2
8086	2
8087	1
8088	4
8089	4
8090	5
8091	6
8092	6
8093	5
8094	9
8095	8
8096	20
8097	12
8098	18
8099	18
8100	21
8101	27
8102	24
8103	21
8104	22
8105	20
8106	19
8107	14
8108	10
8109	11
8110	8
8111	6
8112	10
8113	3
8114	5
8115	7
8116	4
8117	6
8118	5
8119	3
8120	2
8121	3
8122	2
8123	4
8124	3
8125	1
8126	1
8127	0
8128	5
8129	4
8130	4
8131	5
8132	1
8133	1
8134	0
8135	0
8136	2
8137	0
8138	3
8139	1
8140	0
8141	1
8142	0
8143	0
8144	2
8145	2
8146	1
8147	1
8148	4
8149	2
8150	3
8151	2
8152	3
8153	2
8154	0
8155	2
8156	4
8157	0
8158	3
8159	0
8160	1
8161	0
8162	0
8163	0
8164	0
8165	0
8166	0
8167	0
8168	0
8169	0
8170	0
8171	0
8172	0
8173	0
8174	0
8175	0
8176	0
8177	0
8178	0
8179	0
8180	0
8181	0
8182	0
8183	0
8184	0
8185	0
8186	0
8187	0
8188	0
8189	0
8190	0
8191	0
