0	0
1	0
2	0
3	0
4	0
5	0
6	0
7	0
8	0
9	0
10	0
11	0
12	0
13	0
14	0
15	0
16	0
17	0
18	0
19	0
20	0
21	0
22	0
23	0
24	0
25	0
26	0
27	0
28	0
29	0
30	0
31	0
32	0
33	0
34	0
35	0
36	0
37	0
38	0
39	0
40	0
41	0
42	0
43	0
44	0
45	0
46	0
47	0
48	0
49	0
50	0
51	0
52	0
53	0
54	0
55	0
56	0
57	0
58	0
59	0
60	0
61	0
62	0
63	0
64	0
65	0
66	0
67	0
68	0
69	0
70	0
71	0
72	0
73	0
74	0
75	0
76	0
77	0
78	0
79	0
80	0
81	0
82	0
83	0
84	0
85	0
86	0
87	0
88	0
89	0
90	0
91	0
92	0
93	0
94	0
95	0
96	0
97	0
98	0
99	0
100	0
101	0
102	0
103	0
104	0
105	0
106	0
107	0
108	0
109	0
110	0
111	0
112	0
113	0
114	0
115	0
116	0
117	0
118	0
119	0
120	0
121	0
122	0
123	0
124	0
125	0
126	0
127	0
128	0
129	0
130	0
131	0
132	0
133	0
134	0
135	0
136	0
137	0
138	0
139	0
140	0
141	0
142	0
143	0
144	0
145	0
146	0
147	0
148	0
149	0
150	0
151	0
152	0
153	0
154	0
155	0
156	0
157	0
158	0
159	0
160	0
161	0
162	0
163	0
164	0
165	0
166	0
167	0
168	0
169	0
170	0
171	0
172	0
173	0
174	0
175	2
176	6
177	62
178	269
179	482
180	500
181	518
182	494
183	500
184	574
185	524
186	504
187	460
188	507
189	536
190	525
191	511
192	446
193	522
194	502
195	480
196	489
197	461
198	500
199	496
200	475
201	445
202	522
203	512
204	499
205	517
206	464
207	535
208	458
209	491
210	482
211	463
212	528
213	473
214	527
215	470
216	480
217	462
218	463
219	501
220	468
221	459
222	490
223	488
224	477
225	478
226	467
227	465
228	468
229	490
230	465
231	462
232	464
233	441
234	465
235	434
236	494
237	430
238	417
239	446
240	460
241	482
242	503
243	473
244	452
245	492
246	483
247	491
248	440
249	450
250	434
251	439
252	424
253	418
254	477
255	444
256	412
257	478
258	471
259	501
260	463
261	475
262	483
263	420
264	426
265	441
266	460
267	433
268	488
269	441
270	435
271	436
272	448
273	444
274	441
275	442
276	452
277	441
278	454
279	454
280	451
281	465
282	414
283	439
284	445
285	442
286	430
287	417
288	444
289	450
290	434
291	438
292	448
293	418
294	442
295	438
296	427
297	477
298	446
299	475
300	415
301	387
302	454
303	429
304	447
305	454
306	429
307	415
308	438
309	424
310	402
311	466
312	386
313	446
314	425
315	410
316	419
317	409
318	439
319	394
320	432
321	442
322	435
323	424
324	436
325	435
326	432
327	423
328	441
329	412
330	407
331	418
332	414
333	449
334	412
335	471
336	442
337	411
338	392
339	435
340	422
341	453
342	418
343	427
344	479
345	437
346	406
347	422
348	484
349	426
350	411
351	417
352	442
353	390
354	425
355	425
356	414
357	428
358	439
359	422
360	443
361	433
362	447
363	425
364	421
365	435
366	444
367	452
368	417
369	422
370	459
371	450
372	423
373	465
374	441
375	456
376	464
377	445
378	470
379	440
380	484
381	461
382	488
383	437
384	470
385	468
386	472
387	460
388	470
389	443
390	444
391	416
392	436
393	427
394	416
395	403
396	416
397	405
398	422
399	437
400	406
401	425
402	404
403	396
404	422
405	421
406	417
407	419
408	436
409	417
410	405
411	413
412	420
413	405
414	396
415	420
416	399
417	399
418	431
419	402
420	403
421	414
422	393
423	436
424	426
425	375
426	393
427	387
428	399
429	395
430	434
431	457
432	424
433	457
434	455
435	466
436	452
437	389
438	415
439	437
440	437
441	413
442	438
443	371
444	386
445	405
446	423
447	429
448	395
449	414
450	458
451	395
452	453
453	412
454	431
455	451
456	412
457	444
458	411
459	407
460	384
461	389
462	425
463	394
464	397
465	386
466	411
467	408
468	399
469	426
470	421
471	400
472	410
473	399
474	410
475	395
476	407
477	417
478	393
479	371
480	431
481	378
482	392
483	420
484	426
485	404
486	414
487	401
488	403
489	405
490	405
491	426
492	378
493	400
494	407
495	395
496	409
497	400
498	432
499	425
500	413
501	375
502	394
503	411
504	407
505	409
506	419
507	374
508	436
509	399
510	422
511	369
512	396
513	382
514	392
515	449
516	418
517	388
518	396
519	421
520	397
521	413
522	405
523	414
524	435
525	414
526	362
527	394
528	394
529	387
530	387
531	394
532	446
533	384
534	383
535	374
536	407
537	375
538	362
539	368
540	403
541	383
542	375
543	400
544	384
545	417
546	368
547	404
548	349
549	396
550	391
551	387
552	393
553	369
554	408
555	403
556	394
557	382
558	408
559	395
560	393
561	354
562	412
563	408
564	372
565	421
566	418
567	371
568	409
569	387
570	386
571	389
572	407
573	412
574	393
575	416
576	376
577	410
578	390
579	372
580	382
581	389
582	370
583	429
584	374
585	374
586	385
587	403
588	383
589	380
590	383
591	387
592	362
593	388
594	396
595	393
596	352
597	381
598	380
599	376
600	362
601	403
602	391
603	374
604	401
605	368
606	366
607	380
608	409
609	345
610	414
611	374
612	398
613	394
614	405
615	417
616	353
617	383
618	368
619	394
620	382
621	395
622	421
623	384
624	423
625	377
626	366
627	415
628	364
629	367
630	384
631	381
632	408
633	354
634	393
635	372
636	379
637	401
638	414
639	395
640	409
641	369
642	383
643	389
644	394
645	384
646	410
647	388
648	411
649	428
650	415
651	380
652	400
653	349
654	390
655	424
656	383
657	379
658	366
659	415
660	387
661	384
662	392
663	371
664	414
665	426
666	388
667	412
668	377
669	391
670	382
671	359
672	414
673	392
674	379
675	404
676	390
677	401
678	387
679	430
680	366
681	374
682	401
683	384
684	390
685	407
686	418
687	390
688	382
689	389
690	396
691	366
692	374
693	399
694	377
695	398
696	360
697	407
698	381
699	378
700	384
701	396
702	394
703	354
704	399
705	395
706	375
707	386
708	407
709	375
710	406
711	368
712	381
713	394
714	419
715	390
716	419
717	382
718	404
719	359
720	413
721	398
722	378
723	377
724	338
725	371
726	402
727	402
728	359
729	368
730	368
731	375
732	397
733	390
734	374
735	383
736	364
737	413
738	367
739	378
740	365
741	412
742	398
743	398
744	391
745	406
746	379
747	392
748	357
749	378
750	372
751	362
752	337
753	392
754	407
755	382
756	384
757	409
758	384
759	340
760	358
761	369
762	399
763	361
764	376
765	354
766	374
767	354
768	411
769	399
770	384
771	371
772	393
773	360
774	361
775	374
776	382
777	391
778	359
779	361
780	367
781	387
782	397
783	369
784	373
785	386
786	348
787	392
788	385
789	426
790	362
791	393
792	429
793	425
794	391
795	422
796	355
797	382
798	379
799	356
800	360
801	410
802	371
803	406
804	393
805	365
806	364
807	394
808	369
809	379
810	351
811	352
812	363
813	328
814	397
815	382
816	389
817	411
818	390
819	355
820	369
821	355
822	346
823	373
824	401
825	406
826	393
827	359
828	323
829	354
830	350
831	374
832	336
833	349
834	347
835	377
836	358
837	359
838	404
839	360
840	376
841	371
842	366
843	362
844	372
845	340
846	376
847	344
848	369
849	356
850	384
851	367
852	366
853	391
854	384
855	378
856	390
857	355
858	365
859	409
860	363
861	369
862	393
863	392
864	372
865	372
866	359
867	345
868	355
869	362
870	408
871	386
872	378
873	362
874	371
875	381
876	402
877	337
878	371
879	391
880	336
881	347
882	371
883	433
884	357
885	365
886	389
887	343
888	364
889	360
890	343
891	356
892	377
893	346
894	338
895	341
896	378
897	375
898	365
899	384
900	375
901	368
902	350
903	378
904	373
905	394
906	363
907	373
908	360
909	357
910	352
911	386
912	371
913	368
914	328
915	365
916	320
917	368
918	381
919	334
920	357
921	388
922	372
923	365
924	351
925	361
926	384
927	344
928	350
929	362
930	373
931	387
932	338
933	362
934	350
935	368
936	389
937	389
938	342
939	391
940	350
941	358
942	382
943	366
944	369
945	315
946	349
947	337
948	356
949	352
950	354
951	344
952	331
953	331
954	377
955	374
956	373
957	339
958	381
959	361
960	384
961	363
962	330
963	385
964	348
965	346
966	363
967	384
968	341
969	372
970	368
971	343
972	392
973	368
974	348
975	380
976	372
977	362
978	342
979	374
980	354
981	383
982	358
983	404
984	337
985	368
986	375
987	343
988	342
989	346
990	369
991	342
992	377
993	364
994	357
995	321
996	344
997	367
998	343
999	328
1000	355
1001	339
1002	365
1003	346
1004	307
1005	356
1006	364
1007	354
1008	328
1009	339
1010	370
1011	376
1012	363
1013	344
1014	327
1015	341
1016	336
1017	333
1018	350
1019	367
1020	339
1021	360
1022	323
1023	387
1024	377
1025	338
1026	335
1027	342
1028	316
1029	326
1030	381
1031	361
1032	323
1033	331
1034	346
1035	334
1036	367
1037	374
1038	325
1039	349
1040	342
1041	318
1042	366
1043	348
1044	358
1045	317
1046	366
1047	324
1048	336
1049	355
1050	344
1051	343
1052	342
1053	327
1054	334
1055	375
1056	337
1057	352
1058	372
1059	353
1060	366
1061	343
1062	353
1063	345
1064	357
1065	369
1066	343
1067	337
1068	356
1069	343
1070	341
1071	368
1072	376
1073	360
1074	374
1075	348
1076	350
1077	380
1078	342
1079	314
1080	346
1081	355
1082	361
1083	358
1084	353
1085	362
1086	331
1087	366
1088	362
1089	358
1090	354
1091	363
1092	376
1093	367
1094	381
1095	398
1096	393
1097	357
1098	390
1099	388
1100	385
1101	372
1102	394
1103	414
1104	385
1105	376
1106	383
1107	396
1108	412
1109	380
1110	380
1111	414
1112	362
1113	371
1114	360
1115	400
1116	373
1117	385
1118	370
1119	407
1120	402
1121	409
1122	415
1123	384
1124	459
1125	385
1126	434
1127	357
1128	432
1129	422
1130	391
1131	408
1132	428
1133	385
1134	404
1135	417
1136	403
1137	353
1138	380
1139	376
1140	407
1141	404
1142	396
1143	368
1144	395
1145	412
1146	381
1147	386
1148	389
1149	412
1150	379
1151	395
1152	411
1153	377
1154	376
1155	385
1156	396
1157	385
1158	397
1159	375
1160	368
1161	392
1162	381
1163	421
1164	421
1165	399
1166	396
1167	381
1168	378
1169	408
1170	378
1171	372
1172	417
1173	352
1174	393
1175	405
1176	379
1177	395
1178	403
1179	373
1180	399
1181	409
1182	399
1183	404
1184	364
1185	413
1186	432
1187	360
1188	396
1189	369
1190	380
1191	372
1192	391
1193	419
1194	387
1195	369
1196	400
1197	391
1198	396
1199	368
1200	354
1201	367
1202	400
1203	393
1204	386
1205	379
1206	390
1207	406
1208	344
1209	404
1210	395
1211	401
1212	383
1213	407
1214	384
1215	422
1216	359
1217	386
1218	393
1219	371
1220	368
1221	360
1222	408
1223	380
1224	386
1225	386
1226	372
1227	378
1228	371
1229	413
1230	415
1231	366
1232	390
1233	398
1234	354
1235	401
1236	411
1237	380
1238	384
1239	425
1240	410
1241	408
1242	356
1243	358
1244	380
1245	417
1246	390
1247	351
1248	397
1249	358
1250	362
1251	394
1252	364
1253	393
1254	415
1255	393
1256	364
1257	404
1258	389
1259	386
1260	377
1261	396
1262	359
1263	341
1264	336
1265	375
1266	347
1267	381
1268	371
1269	363
1270	383
1271	351
1272	402
1273	393
1274	407
1275	398
1276	417
1277	382
1278	373
1279	390
1280	376
1281	397
1282	349
1283	384
1284	380
1285	362
1286	374
1287	382
1288	366
1289	360
1290	388
1291	378
1292	407
1293	354
1294	362
1295	396
1296	369
1297	345
1298	367
1299	383
1300	389
1301	377
1302	389
1303	362
1304	373
1305	338
1306	356
1307	371
1308	347
1309	383
1310	354
1311	389
1312	369
1313	351
1314	386
1315	360
1316	390
1317	353
1318	354
1319	373
1320	369
1321	383
1322	381
1323	417
1324	382
1325	365
1326	420
1327	363
1328	403
1329	350
1330	396
1331	387
1332	395
1333	369
1334	332
1335	377
1336	368
1337	356
1338	368
1339	367
1340	360
1341	388
1342	341
1343	390
1344	359
1345	377
1346	379
1347	360
1348	352
1349	364
1350	346
1351	360
1352	368
1353	353
1354	336
1355	394
1356	379
1357	356
1358	329
1359	393
1360	395
1361	368
1362	370
1363	337
1364	375
1365	339
1366	358
1367	346
1368	362
1369	357
1370	372
1371	346
1372	347
1373	353
1374	355
1375	373
1376	374
1377	365
1378	341
1379	362
1380	374
1381	373
1382	369
1383	332
1384	343
1385	355
1386	407
1387	357
1388	354
1389	344
1390	364
1391	366
1392	350
1393	321
1394	338
1395	331
1396	341
1397	346
1398	312
1399	354
1400	335
1401	378
1402	337
1403	379
1404	349
1405	327
1406	350
1407	363
1408	347
1409	377
1410	333
1411	342
1412	379
1413	335
1414	367
1415	347
1416	339
1417	377
1418	356
1419	318
1420	307
1421	389
1422	378
1423	358
1424	364
1425	378
1426	342
1427	363
1428	356
1429	391
1430	338
1431	333
1432	328
1433	375
1434	342
1435	331
1436	342
1437	360
1438	358
1439	352
1440	361
1441	328
1442	352
1443	352
1444	337
1445	361
1446	369
1447	326
1448	377
1449	362
1450	357
1451	343
1452	372
1453	372
1454	351
1455	332
1456	348
1457	321
1458	363
1459	326
1460	328
1461	334
1462	373
1463	333
1464	325
1465	323
1466	321
1467	342
1468	355
1469	345
1470	343
1471	348
1472	344
1473	325
1474	340
1475	364
1476	356
1477	327
1478	358
1479	365
1480	332
1481	336
1482	308
1483	359
1484	324
1485	354
1486	339
1487	317
1488	330
1489	332
1490	346
1491	348
1492	335
1493	328
1494	350
1495	338
1496	368
1497	319
1498	302
1499	372
1500	332
1501	347
1502	308
1503	312
1504	348
1505	333
1506	311
1507	311
1508	379
1509	298
1510	352
1511	332
1512	321
1513	343
1514	339
1515	354
1516	363
1517	312
1518	306
1519	338
1520	321
1521	333
1522	324
1523	327
1524	326
1525	311
1526	307
1527	316
1528	345
1529	323
1530	337
1531	327
1532	315
1533	355
1534	321
1535	313
1536	336
1537	328
1538	333
1539	308
1540	357
1541	321
1542	381
1543	335
1544	338
1545	314
1546	334
1547	315
1548	356
1549	342
1550	312
1551	329
1552	305
1553	308
1554	330
1555	307
1556	328
1557	326
1558	339
1559	313
1560	318
1561	331
1562	290
1563	345
1564	313
1565	354
1566	318
1567	334
1568	350
1569	330
1570	292
1571	334
1572	322
1573	320
1574	316
1575	355
1576	303
1577	279
1578	283
1579	328
1580	316
1581	321
1582	309
1583	303
1584	318
1585	339
1586	313
1587	331
1588	314
1589	327
1590	316
1591	315
1592	320
1593	335
1594	346
1595	326
1596	349
1597	256
1598	296
1599	298
1600	291
1601	330
1602	329
1603	310
1604	345
1605	310
1606	318
1607	294
1608	297
1609	310
1610	298
1611	321
1612	297
1613	315
1614	313
1615	333
1616	293
1617	313
1618	327
1619	308
1620	286
1621	312
1622	304
1623	341
1624	301
1625	332
1626	349
1627	312
1628	329
1629	329
1630	313
1631	308
1632	339
1633	321
1634	351
1635	354
1636	350
1637	319
1638	349
1639	335
1640	351
1641	320
1642	285
1643	295
1644	304
1645	325
1646	309
1647	315
1648	336
1649	309
1650	274
1651	308
1652	315
1653	307
1654	275
1655	298
1656	302
1657	328
1658	351
1659	303
1660	289
1661	280
1662	297
1663	317
1664	301
1665	311
1666	263
1667	303
1668	321
1669	328
1670	299
1671	301
1672	290
1673	275
1674	278
1675	282
1676	316
1677	289
1678	281
1679	282
1680	293
1681	270
1682	316
1683	242
1684	293
1685	319
1686	329
1687	308
1688	290
1689	325
1690	264
1691	301
1692	298
1693	310
1694	293
1695	284
1696	296
1697	309
1698	277
1699	284
1700	297
1701	294
1702	290
1703	291
1704	282
1705	288
1706	305
1707	274
1708	298
1709	295
1710	276
1711	307
1712	300
1713	255
1714	285
1715	284
1716	269
1717	280
1718	274
1719	283
1720	284
1721	293
1722	277
1723	289
1724	302
1725	306
1726	292
1727	286
1728	300
1729	291
1730	330
1731	291
1732	243
1733	314
1734	272
1735	284
1736	290
1737	275
1738	294
1739	307
1740	268
1741	283
1742	273
1743	280
1744	294
1745	291
1746	285
1747	270
1748	284
1749	266
1750	285
1751	290
1752	306
1753	282
1754	292
1755	327
1756	286
1757	294
1758	263
1759	293
1760	267
1761	282
1762	261
1763	271
1764	297
1765	283
1766	268
1767	262
1768	275
1769	285
1770	259
1771	310
1772	283
1773	287
1774	282
1775	271
1776	268
1777	303
1778	310
1779	284
1780	297
1781	308
1782	297
1783	288
1784	292
1785	309
1786	330
1787	300
1788	301
1789	279
1790	292
1791	268
1792	293
1793	263
1794	288
1795	281
1796	290
1797	288
1798	290
1799	289
1800	291
1801	267
1802	272
1803	268
1804	315
1805	272
1806	288
1807	288
1808	291
1809	272
1810	264
1811	291
1812	272
1813	272
1814	277
1815	300
1816	275
1817	297
1818	271
1819	275
1820	265
1821	273
1822	297
1823	313
1824	290
1825	279
1826	303
1827	277
1828	302
1829	262
1830	273
1831	288
1832	278
1833	255
1834	282
1835	292
1836	278
1837	252
1838	273
1839	276
1840	253
1841	244
1842	279
1843	275
1844	291
1845	283
1846	270
1847	287
1848	284
1849	254
1850	277
1851	295
1852	292
1853	284
1854	267
1855	303
1856	293
1857	280
1858	283
1859	283
1860	297
1861	292
1862	282
1863	302
1864	299
1865	289
1866	254
1867	294
1868	271
1869	280
1870	286
1871	291
1872	274
1873	257
1874	257
1875	300
1876	293
1877	285
1878	278
1879	262
1880	248
1881	286
1882	278
1883	285
1884	268
1885	284
1886	279
1887	275
1888	266
1889	272
1890	260
1891	260
1892	229
1893	297
1894	277
1895	276
1896	280
1897	269
1898	249
1899	284
1900	296
1901	260
1902	277
1903	303
1904	275
1905	279
1906	299
1907	287
1908	276
1909	237
1910	264
1911	267
1912	275
1913	283
1914	250
1915	267
1916	267
1917	285
1918	259
1919	253
1920	267
1921	284
1922	244
1923	242
1924	313
1925	269
1926	242
1927	258
1928	301
1929	264
1930	247
1931	256
1932	267
1933	261
1934	259
1935	271
1936	282
1937	262
1938	258
1939	267
1940	260
1941	282
1942	253
1943	246
1944	263
1945	296
1946	256
1947	282
1948	255
1949	237
1950	249
1951	247
1952	264
1953	254
1954	303
1955	261
1956	306
1957	260
1958	272
1959	271
1960	244
1961	261
1962	289
1963	233
1964	271
1965	275
1966	259
1967	280
1968	257
1969	269
1970	286
1971	269
1972	269
1973	263
1974	269
1975	294
1976	256
1977	276
1978	273
1979	272
1980	232
1981	253
1982	227
1983	273
1984	289
1985	241
1986	296
1987	262
1988	268
1989	248
1990	242
1991	272
1992	254
1993	283
1994	234
1995	261
1996	283
1997	250
1998	278
1999	278
2000	230
2001	260
2002	271
2003	261
2004	254
2005	258
2006	270
2007	273
2008	286
2009	296
2010	271
2011	251
2012	252
2013	262
2014	257
2015	249
2016	278
2017	256
2018	257
2019	263
2020	266
2021	259
2022	254
2023	261
2024	264
2025	273
2026	250
2027	269
2028	227
2029	291
2030	254
2031	272
2032	222
2033	262
2034	245
2035	246
2036	263
2037	269
2038	273
2039	247
2040	244
2041	265
2042	265
2043	235
2044	232
2045	255
2046	205
2047	259
2048	259
2049	264
2050	243
2051	253
2052	299
2053	231
2054	271
2055	264
2056	266
2057	245
2058	226
2059	273
2060	260
2061	264
2062	258
2063	242
2064	247
2065	285
2066	240
2067	276
2068	271
2069	271
2070	230
2071	245
2072	287
2073	245
2074	272
2075	254
2076	270
2077	237
2078	234
2079	240
2080	241
2081	255
2082	244
2083	249
2084	243
2085	255
2086	261
2087	253
2088	276
2089	279
2090	254
2091	268
2092	254
2093	249
2094	248
2095	262
2096	254
2097	258
2098	260
2099	263
2100	246
2101	236
2102	259
2103	248
2104	241
2105	233
2106	211
2107	264
2108	277
2109	252
2110	256
2111	267
2112	249
2113	247
2114	256
2115	236
2116	236
2117	263
2118	243
2119	264
2120	249
2121	278
2122	237
2123	233
2124	234
2125	263
2126	235
2127	260
2128	249
2129	232
2130	267
2131	260
2132	243
2133	272
2134	265
2135	231
2136	264
2137	242
2138	245
2139	248
2140	252
2141	260
2142	257
2143	225
2144	243
2145	284
2146	258
2147	246
2148	252
2149	238
2150	274
2151	242
2152	237
2153	271
2154	249
2155	227
2156	252
2157	251
2158	253
2159	251
2160	259
2161	258
2162	247
2163	271
2164	221
2165	240
2166	249
2167	270
2168	251
2169	256
2170	248
2171	234
2172	260
2173	253
2174	215
2175	265
2176	237
2177	263
2178	272
2179	270
2180	257
2181	244
2182	230
2183	237
2184	242
2185	272
2186	251
2187	244
2188	232
2189	261
2190	268
2191	251
2192	267
2193	247
2194	249
2195	238
2196	273
2197	283
2198	248
2199	252
2200	260
2201	260
2202	224
2203	275
2204	267
2205	233
2206	249
2207	247
2208	255
2209	262
2210	210
2211	250
2212	229
2213	272
2214	253
2215	214
2216	242
2217	221
2218	259
2219	230
2220	242
2221	240
2222	237
2223	261
2224	236
2225	222
2226	245
2227	230
2228	247
2229	226
2230	245
2231	244
2232	255
2233	266
2234	255
2235	259
2236	271
2237	224
2238	263
2239	244
2240	250
2241	232
2242	260
2243	216
2244	240
2245	268
2246	239
2247	233
2248	268
2249	258
2250	244
2251	246
2252	224
2253	238
2254	256
2255	213
2256	272
2257	247
2258	269
2259	252
2260	234
2261	257
2262	276
2263	248
2264	256
2265	225
2266	243
2267	281
2268	228
2269	248
2270	238
2271	252
2272	259
2273	223
2274	245
2275	238
2276	241
2277	227
2278	251
2279	244
2280	254
2281	240
2282	246
2283	242
2284	253
2285	232
2286	245
2287	252
2288	274
2289	214
2290	221
2291	249
2292	236
2293	232
2294	239
2295	233
2296	234
2297	257
2298	265
2299	258
2300	213
2301	236
2302	230
2303	254
2304	244
2305	248
2306	234
2307	240
2308	224
2309	263
2310	221
2311	214
2312	218
2313	232
2314	246
2315	238
2316	253
2317	275
2318	236
2319	269
2320	261
2321	221
2322	238
2323	226
2324	221
2325	222
2326	225
2327	230
2328	256
2329	249
2330	243
2331	238
2332	245
2333	247
2334	233
2335	243
2336	231
2337	253
2338	248
2339	246
2340	262
2341	216
2342	226
2343	247
2344	214
2345	242
2346	252
2347	247
2348	206
2349	257
2350	241
2351	228
2352	227
2353	252
2354	237
2355	225
2356	251
2357	226
2358	228
2359	249
2360	256
2361	254
2362	269
2363	237
2364	233
2365	227
2366	236
2367	255
2368	243
2369	232
2370	252
2371	242
2372	241
2373	233
2374	234
2375	245
2376	242
2377	228
2378	222
2379	266
2380	225
2381	239
2382	240
2383	253
2384	241
2385	254
2386	246
2387	225
2388	258
2389	264
2390	258
2391	246
2392	215
2393	247
2394	261
2395	220
2396	239
2397	245
2398	241
2399	229
2400	239
2401	216
2402	232
2403	215
2404	238
2405	218
2406	244
2407	240
2408	238
2409	220
2410	219
2411	206
2412	256
2413	229
2414	242
2415	241
2416	249
2417	234
2418	246
2419	214
2420	245
2421	219
2422	231
2423	223
2424	232
2425	255
2426	235
2427	230
2428	221
2429	239
2430	271
2431	250
2432	266
2433	244
2434	248
2435	217
2436	212
2437	221
2438	262
2439	252
2440	224
2441	217
2442	235
2443	204
2444	223
2445	244
2446	227
2447	208
2448	252
2449	244
2450	226
2451	230
2452	271
2453	249
2454	233
2455	244
2456	234
2457	246
2458	222
2459	230
2460	220
2461	220
2462	241
2463	243
2464	210
2465	233
2466	251
2467	240
2468	206
2469	236
2470	234
2471	235
2472	225
2473	213
2474	235
2475	217
2476	217
2477	241
2478	249
2479	222
2480	236
2481	244
2482	224
2483	237
2484	237
2485	228
2486	264
2487	222
2488	220
2489	255
2490	214
2491	252
2492	231
2493	233
2494	250
2495	258
2496	231
2497	232
2498	237
2499	247
2500	215
2501	214
2502	239
2503	239
2504	221
2505	247
2506	236
2507	236
2508	263
2509	239
2510	246
2511	248
2512	243
2513	224
2514	233
2515	242
2516	222
2517	242
2518	221
2519	231
2520	218
2521	230
2522	252
2523	209
2524	231
2525	248
2526	222
2527	239
2528	236
2529	210
2530	247
2531	245
2532	240
2533	234
2534	201
2535	261
2536	246
2537	246
2538	211
2539	238
2540	214
2541	239
2542	244
2543	234
2544	233
2545	237
2546	223
2547	229
2548	240
2549	202
2550	247
2551	276
2552	220
2553	250
2554	249
2555	225
2556	260
2557	230
2558	231
2559	274
2560	222
2561	231
2562	229
2563	232
2564	213
2565	207
2566	228
2567	230
2568	227
2569	237
2570	247
2571	245
2572	218
2573	246
2574	231
2575	230
2576	229
2577	238
2578	216
2579	231
2580	234
2581	222
2582	246
2583	218
2584	221
2585	233
2586	229
2587	218
2588	231
2589	243
2590	255
2591	249
2592	248
2593	219
2594	234
2595	219
2596	201
2597	223
2598	229
2599	240
2600	238
2601	222
2602	211
2603	206
2604	225
2605	245
2606	206
2607	213
2608	226
2609	244
2610	211
2611	220
2612	210
2613	265
2614	215
2615	223
2616	230
2617	227
2618	229
2619	223
2620	227
2621	234
2622	215
2623	244
2624	220
2625	244
2626	220
2627	250
2628	240
2629	262
2630	235
2631	256
2632	228
2633	197
2634	232
2635	249
2636	232
2637	245
2638	205
2639	239
2640	248
2641	223
2642	245
2643	211
2644	232
2645	237
2646	219
2647	224
2648	220
2649	225
2650	254
2651	253
2652	248
2653	221
2654	224
2655	219
2656	245
2657	224
2658	249
2659	222
2660	241
2661	231
2662	253
2663	214
2664	216
2665	249
2666	229
2667	244
2668	240
2669	245
2670	221
2671	236
2672	232
2673	228
2674	223
2675	233
2676	225
2677	233
2678	226
2679	229
2680	235
2681	225
2682	242
2683	224
2684	238
2685	226
2686	222
2687	239
2688	220
2689	244
2690	271
2691	260
2692	253
2693	260
2694	250
2695	228
2696	262
2697	267
2698	257
2699	238
2700	267
2701	253
2702	243
2703	251
2704	268
2705	264
2706	256
2707	259
2708	256
2709	244
2710	223
2711	248
2712	226
2713	237
2714	231
2715	203
2716	227
2717	214
2718	225
2719	236
2720	227
2721	233
2722	224
2723	242
2724	257
2725	253
2726	200
2727	217
2728	204
2729	218
2730	228
2731	244
2732	230
2733	229
2734	222
2735	227
2736	215
2737	251
2738	213
2739	216
2740	224
2741	234
2742	200
2743	238
2744	227
2745	240
2746	258
2747	233
2748	233
2749	228
2750	204
2751	230
2752	243
2753	202
2754	209
2755	237
2756	232
2757	233
2758	235
2759	248
2760	218
2761	220
2762	232
2763	226
2764	245
2765	216
2766	227
2767	209
2768	237
2769	233
2770	232
2771	221
2772	236
2773	235
2774	213
2775	206
2776	228
2777	231
2778	224
2779	227
2780	239
2781	221
2782	204
2783	218
2784	216
2785	216
2786	229
2787	227
2788	227
2789	253
2790	237
2791	212
2792	228
2793	238
2794	223
2795	226
2796	245
2797	238
2798	220
2799	228
2800	220
2801	233
2802	222
2803	216
2804	229
2805	203
2806	225
2807	228
2808	242
2809	224
2810	234
2811	225
2812	213
2813	238
2814	229
2815	210
2816	202
2817	225
2818	224
2819	235
2820	241
2821	242
2822	241
2823	235
2824	241
2825	214
2826	208
2827	248
2828	225
2829	246
2830	246
2831	211
2832	239
2833	251
2834	224
2835	255
2836	229
2837	231
2838	222
2839	243
2840	248
2841	244
2842	221
2843	239
2844	225
2845	246
2846	205
2847	229
2848	217
2849	248
2850	207
2851	202
2852	243
2853	274
2854	229
2855	259
2856	238
2857	232
2858	232
2859	208
2860	211
2861	235
2862	233
2863	241
2864	241
2865	235
2866	230
2867	210
2868	214
2869	220
2870	208
2871	239
2872	229
2873	211
2874	239
2875	237
2876	232
2877	220
2878	230
2879	232
2880	211
2881	218
2882	228
2883	220
2884	199
2885	241
2886	218
2887	208
2888	265
2889	234
2890	230
2891	246
2892	251
2893	230
2894	210
2895	222
2896	211
2897	197
2898	235
2899	245
2900	217
2901	232
2902	236
2903	217
2904	235
2905	240
2906	220
2907	212
2908	211
2909	230
2910	231
2911	195
2912	231
2913	199
2914	260
2915	242
2916	231
2917	216
2918	230
2919	208
2920	214
2921	221
2922	211
2923	225
2924	180
2925	211
2926	234
2927	239
2928	213
2929	240
2930	221
2931	236
2932	225
2933	230
2934	223
2935	230
2936	226
2937	238
2938	231
2939	232
2940	251
2941	231
2942	231
2943	220
2944	204
2945	198
2946	251
2947	231
2948	234
2949	226
2950	214
2951	252
2952	243
2953	195
2954	224
2955	222
2956	244
2957	219
2958	220
2959	229
2960	239
2961	206
2962	212
2963	273
2964	223
2965	212
2966	239
2967	215
2968	210
2969	248
2970	238
2971	226
2972	217
2973	195
2974	237
2975	225
2976	230
2977	249
2978	235
2979	216
2980	197
2981	230
2982	254
2983	226
2984	239
2985	254
2986	226
2987	258
2988	229
2989	249
2990	225
2991	246
2992	244
2993	216
2994	254
2995	227
2996	220
2997	208
2998	222
2999	246
3000	212
3001	228
3002	223
3003	186
3004	225
3005	226
3006	211
3007	243
3008	218
3009	230
3010	223
3011	246
3012	253
3013	217
3014	253
3015	207
3016	208
3017	225
3018	234
3019	221
3020	225
3021	222
3022	209
3023	239
3024	228
3025	214
3026	232
3027	218
3028	232
3029	207
3030	218
3031	246
3032	227
3033	233
3034	238
3035	242
3036	228
3037	192
3038	234
3039	217
3040	244
3041	230
3042	223
3043	218
3044	245
3045	260
3046	214
3047	222
3048	255
3049	181
3050	247
3051	221
3052	231
3053	230
3054	246
3055	208
3056	214
3057	220
3058	224
3059	220
3060	229
3061	235
3062	222
3063	220
3064	257
3065	238
3066	212
3067	241
3068	251
3069	247
3070	216
3071	243
3072	228
3073	226
3074	223
3075	260
3076	219
3077	240
3078	219
3079	229
3080	243
3081	204
3082	242
3083	254
3084	208
3085	200
3086	259
3087	217
3088	211
3089	223
3090	226
3091	240
3092	202
3093	244
3094	218
3095	229
3096	210
3097	244
3098	229
3099	234
3100	239
3101	226
3102	219
3103	232
3104	217
3105	249
3106	214
3107	225
3108	213
3109	231
3110	234
3111	257
3112	210
3113	232
3114	210
3115	219
3116	243
3117	252
3118	224
3119	234
3120	216
3121	218
3122	233
3123	239
3124	222
3125	226
3126	229
3127	218
3128	227
3129	238
3130	237
3131	212
3132	224
3133	225
3134	219
3135	227
3136	203
3137	242
3138	216
3139	232
3140	206
3141	222
3142	232
3143	238
3144	222
3145	254
3146	207
3147	219
3148	231
3149	234
3150	232
3151	217
3152	255
3153	221
3154	249
3155	240
3156	211
3157	235
3158	202
3159	219
3160	217
3161	223
3162	226
3163	208
3164	226
3165	202
3166	217
3167	230
3168	203
3169	231
3170	257
3171	255
3172	208
3173	187
3174	233
3175	208
3176	207
3177	228
3178	222
3179	220
3180	218
3181	208
3182	226
3183	216
3184	199
3185	232
3186	208
3187	236
3188	269
3189	212
3190	187
3191	239
3192	229
3193	196
3194	220
3195	217
3196	227
3197	219
3198	203
3199	230
3200	222
3201	218
3202	214
3203	234
3204	238
3205	246
3206	223
3207	226
3208	226
3209	210
3210	270
3211	218
3212	241
3213	238
3214	234
3215	193
3216	205
3217	254
3218	205
3219	226
3220	227
3221	209
3222	232
3223	224
3224	218
3225	248
3226	245
3227	228
3228	234
3229	251
3230	236
3231	223
3232	234
3233	231
3234	234
3235	216
3236	219
3237	226
3238	229
3239	223
3240	249
3241	227
3242	217
3243	250
3244	238
3245	236
3246	215
3247	220
3248	226
3249	245
3250	231
3251	231
3252	223
3253	217
3254	242
3255	211
3256	219
3257	242
3258	236
3259	211
3260	219
3261	240
3262	210
3263	232
3264	223
3265	215
3266	223
3267	211
3268	229
3269	235
3270	224
3271	200
3272	235
3273	232
3274	236
3275	227
3276	213
3277	230
3278	226
3279	208
3280	233
3281	202
3282	211
3283	220
3284	240
3285	192
3286	220
3287	210
3288	219
3289	211
3290	223
3291	220
3292	221
3293	250
3294	210
3295	224
3296	230
3297	258
3298	241
3299	210
3300	231
3301	240
3302	221
3303	248
3304	231
3305	217
3306	222
3307	226
3308	220
3309	246
3310	232
3311	200
3312	224
3313	237
3314	209
3315	247
3316	228
3317	273
3318	235
3319	235
3320	215
3321	213
3322	258
3323	221
3324	213
3325	217
3326	224
3327	229
3328	243
3329	215
3330	230
3331	244
3332	217
3333	257
3334	221
3335	228
3336	204
3337	223
3338	231
3339	245
3340	194
3341	208
3342	230
3343	237
3344	231
3345	213
3346	212
3347	222
3348	212
3349	239
3350	216
3351	235
3352	239
3353	239
3354	221
3355	249
3356	240
3357	235
3358	198
3359	212
3360	240
3361	191
3362	236
3363	205
3364	220
3365	240
3366	237
3367	205
3368	241
3369	230
3370	213
3371	236
3372	250
3373	226
3374	227
3375	241
3376	208
3377	234
3378	257
3379	226
3380	204
3381	248
3382	223
3383	233
3384	206
3385	241
3386	219
3387	219
3388	232
3389	226
3390	241
3391	234
3392	231
3393	236
3394	263
3395	223
3396	223
3397	244
3398	207
3399	236
3400	227
3401	222
3402	226
3403	224
3404	240
3405	265
3406	235
3407	215
3408	232
3409	219
3410	239
3411	235
3412	250
3413	208
3414	242
3415	233
3416	233
3417	237
3418	206
3419	222
3420	247
3421	216
3422	241
3423	228
3424	221
3425	238
3426	217
3427	223
3428	235
3429	222
3430	233
3431	225
3432	231
3433	228
3434	254
3435	214
3436	226
3437	238
3438	231
3439	237
3440	199
3441	236
3442	208
3443	215
3444	231
3445	225
3446	238
3447	227
3448	230
3449	250
3450	230
3451	254
3452	221
3453	253
3454	222
3455	215
3456	241
3457	223
3458	222
3459	244
3460	220
3461	219
3462	236
3463	237
3464	217
3465	236
3466	248
3467	241
3468	218
3469	241
3470	228
3471	213
3472	220
3473	232
3474	207
3475	250
3476	224
3477	258
3478	239
3479	228
3480	227
3481	215
3482	231
3483	245
3484	221
3485	243
3486	217
3487	229
3488	230
3489	237
3490	242
3491	234
3492	228
3493	207
3494	227
3495	223
3496	237
3497	235
3498	216
3499	228
3500	230
3501	221
3502	232
3503	262
3504	244
3505	223
3506	209
3507	243
3508	241
3509	261
3510	247
3511	212
3512	235
3513	224
3514	239
3515	247
3516	214
3517	240
3518	232
3519	218
3520	228
3521	240
3522	223
3523	222
3524	219
3525	222
3526	252
3527	250
3528	224
3529	236
3530	237
3531	244
3532	251
3533	227
3534	272
3535	213
3536	219
3537	224
3538	253
3539	219
3540	233
3541	200
3542	261
3543	223
3544	242
3545	222
3546	232
3547	226
3548	225
3549	211
3550	224
3551	236
3552	236
3553	232
3554	222
3555	217
3556	244
3557	241
3558	243
3559	215
3560	189
3561	243
3562	227
3563	233
3564	215
3565	218
3566	233
3567	207
3568	227
3569	249
3570	225
3571	252
3572	223
3573	208
3574	244
3575	233
3576	249
3577	206
3578	242
3579	213
3580	236
3581	228
3582	209
3583	244
3584	247
3585	224
3586	216
3587	204
3588	252
3589	237
3590	213
3591	230
3592	242
3593	260
3594	227
3595	213
3596	237
3597	254
3598	209
3599	259
3600	254
3601	245
3602	227
3603	243
3604	236
3605	238
3606	245
3607	235
3608	216
3609	217
3610	220
3611	194
3612	231
3613	223
3614	247
3615	224
3616	220
3617	220
3618	235
3619	216
3620	229
3621	242
3622	237
3623	212
3624	218
3625	226
3626	225
3627	223
3628	233
3629	239
3630	241
3631	233
3632	233
3633	219
3634	233
3635	228
3636	219
3637	215
3638	240
3639	238
3640	217
3641	221
3642	216
3643	234
3644	229
3645	231
3646	246
3647	252
3648	238
3649	225
3650	234
3651	230
3652	216
3653	227
3654	230
3655	236
3656	244
3657	231
3658	251
3659	230
3660	237
3661	234
3662	246
3663	247
3664	226
3665	244
3666	213
3667	214
3668	241
3669	224
3670	234
3671	228
3672	245
3673	237
3674	222
3675	258
3676	236
3677	270
3678	224
3679	241
3680	226
3681	242
3682	255
3683	220
3684	240
3685	234
3686	238
3687	244
3688	221
3689	239
3690	205
3691	237
3692	225
3693	237
3694	226
3695	231
3696	234
3697	233
3698	239
3699	225
3700	235
3701	258
3702	231
3703	233
3704	260
3705	217
3706	239
3707	234
3708	202
3709	246
3710	241
3711	230
3712	227
3713	242
3714	238
3715	249
3716	237
3717	236
3718	210
3719	239
3720	221
3721	220
3722	223
3723	222
3724	249
3725	228
3726	229
3727	256
3728	234
3729	239
3730	237
3731	218
3732	225
3733	204
3734	253
3735	225
3736	239
3737	220
3738	242
3739	261
3740	271
3741	236
3742	236
3743	245
3744	241
3745	229
3746	265
3747	241
3748	244
3749	241
3750	241
3751	246
3752	249
3753	247
3754	243
3755	233
3756	229
3757	247
3758	227
3759	255
3760	235
3761	250
3762	221
3763	253
3764	211
3765	262
3766	265
3767	248
3768	212
3769	223
3770	247
3771	263
3772	224
3773	202
3774	250
3775	241
3776	223
3777	233
3778	223
3779	234
3780	235
3781	242
3782	250
3783	257
3784	237
3785	244
3786	229
3787	243
3788	234
3789	243
3790	246
3791	229
3792	255
3793	258
3794	256
3795	215
3796	234
3797	233
3798	230
3799	249
3800	258
3801	274
3802	225
3803	219
3804	235
3805	228
3806	260
3807	239
3808	250
3809	226
3810	251
3811	230
3812	238
3813	227
3814	221
3815	250
3816	225
3817	229
3818	244
3819	234
3820	235
3821	243
3822	228
3823	239
3824	263
3825	222
3826	239
3827	234
3828	237
3829	234
3830	235
3831	248
3832	228
3833	281
3834	247
3835	246
3836	259
3837	273
3838	238
3839	189
3840	228
3841	215
3842	242
3843	262
3844	229
3845	229
3846	240
3847	226
3848	242
3849	251
3850	246
3851	222
3852	246
3853	235
3854	259
3855	240
3856	267
3857	242
3858	246
3859	239
3860	241
3861	252
3862	253
3863	252
3864	240
3865	216
3866	232
3867	236
3868	249
3869	259
3870	242
3871	236
3872	271
3873	221
3874	256
3875	242
3876	239
3877	251
3878	277
3879	251
3880	259
3881	254
3882	228
3883	248
3884	228
3885	240
3886	241
3887	229
3888	254
3889	228
3890	242
3891	237
3892	268
3893	244
3894	198
3895	231
3896	240
3897	245
3898	237
3899	252
3900	254
3901	245
3902	258
3903	228
3904	243
3905	249
3906	247
3907	250
3908	222
3909	238
3910	237
3911	244
3912	222
3913	249
3914	264
3915	222
3916	238
3917	252
3918	241
3919	253
3920	249
3921	250
3922	238
3923	242
3924	257
3925	236
3926	243
3927	264
3928	256
3929	239
3930	219
3931	233
3932	241
3933	247
3934	229
3935	253
3936	254
3937	230
3938	211
3939	269
3940	249
3941	253
3942	238
3943	265
3944	241
3945	222
3946	268
3947	230
3948	228
3949	226
3950	268
3951	237
3952	256
3953	249
3954	223
3955	260
3956	265
3957	235
3958	242
3959	216
3960	270
3961	232
3962	258
3963	244
3964	234
3965	229
3966	246
3967	230
3968	254
3969	276
3970	220
3971	251
3972	248
3973	266
3974	264
3975	251
3976	240
3977	251
3978	240
3979	269
3980	241
3981	243
3982	240
3983	242
3984	240
3985	240
3986	248
3987	267
3988	245
3989	235
3990	253
3991	245
3992	266
3993	259
3994	215
3995	260
3996	228
3997	239
3998	275
3999	265
4000	239
4001	282
4002	214
4003	206
4004	248
4005	248
4006	246
4007	229
4008	259
4009	245
4010	252
4011	259
4012	277
4013	234
4014	264
4015	253
4016	231
4017	242
4018	258
4019	249
4020	245
4021	251
4022	202
4023	218
4024	259
4025	248
4026	240
4027	268
4028	235
4029	264
4030	275
4031	265
4032	245
4033	265
4034	259
4035	243
4036	251
4037	272
4038	286
4039	242
4040	242
4041	230
4042	253
4043	231
4044	246
4045	243
4046	265
4047	252
4048	234
4049	248
4050	245
4051	252
4052	257
4053	266
4054	264
4055	251
4056	269
4057	250
4058	263
4059	251
4060	242
4061	232
4062	241
4063	255
4064	229
4065	239
4066	258
4067	273
4068	276
4069	229
4070	248
4071	247
4072	274
4073	260
4074	255
4075	248
4076	266
4077	263
4078	249
4079	252
4080	236
4081	207
4082	268
4083	262
4084	260
4085	259
4086	260
4087	218
4088	265
4089	252
4090	254
4091	240
4092	285
4093	255
4094	272
4095	246
4096	246
4097	249
4098	274
4099	238
4100	238
4101	231
4102	253
4103	250
4104	253
4105	232
4106	235
4107	253
4108	241
4109	260
4110	258
4111	277
4112	250
4113	250
4114	247
4115	254
4116	232
4117	263
4118	268
4119	267
4120	248
4121	233
4122	243
4123	256
4124	253
4125	255
4126	239
4127	251
4128	270
4129	248
4130	250
4131	263
4132	244
4133	244
4134	274
4135	246
4136	240
4137	269
4138	243
4139	265
4140	256
4141	266
4142	256
4143	269
4144	237
4145	266
4146	274
4147	264
4148	270
4149	231
4150	243
4151	271
4152	248
4153	263
4154	289
4155	249
4156	249
4157	241
4158	268
4159	264
4160	262
4161	267
4162	232
4163	261
4164	275
4165	270
4166	253
4167	261
4168	256
4169	259
4170	259
4171	247
4172	263
4173	258
4174	258
4175	260
4176	253
4177	259
4178	270
4179	259
4180	273
4181	261
4182	278
4183	235
4184	266
4185	234
4186	276
4187	267
4188	242
4189	248
4190	252
4191	256
4192	278
4193	239
4194	293
4195	269
4196	283
4197	286
4198	223
4199	222
4200	266
4201	264
4202	281
4203	253
4204	274
4205	232
4206	282
4207	270
4208	269
4209	282
4210	262
4211	270
4212	254
4213	268
4214	253
4215	249
4216	249
4217	279
4218	231
4219	276
4220	253
4221	249
4222	261
4223	260
4224	249
4225	249
4226	258
4227	266
4228	284
4229	260
4230	264
4231	245
4232	304
4233	266
4234	288
4235	274
4236	271
4237	268
4238	252
4239	250
4240	261
4241	263
4242	246
4243	259
4244	253
4245	250
4246	272
4247	266
4248	252
4249	239
4250	252
4251	250
4252	260
4253	248
4254	264
4255	288
4256	232
4257	277
4258	259
4259	243
4260	259
4261	257
4262	273
4263	280
4264	275
4265	267
4266	269
4267	274
4268	272
4269	288
4270	283
4271	248
4272	262
4273	256
4274	255
4275	229
4276	252
4277	228
4278	298
4279	295
4280	258
4281	263
4282	279
4283	244
4284	268
4285	277
4286	276
4287	271
4288	287
4289	264
4290	264
4291	276
4292	283
4293	253
4294	225
4295	295
4296	272
4297	298
4298	269
4299	272
4300	261
4301	279
4302	292
4303	290
4304	280
4305	272
4306	280
4307	269
4308	309
4309	284
4310	289
4311	251
4312	272
4313	278
4314	280
4315	275
4316	258
4317	277
4318	266
4319	276
4320	283
4321	293
4322	258
4323	278
4324	274
4325	244
4326	288
4327	295
4328	281
4329	260
4330	232
4331	287
4332	294
4333	261
4334	267
4335	287
4336	295
4337	301
4338	283
4339	268
4340	261
4341	279
4342	302
4343	274
4344	285
4345	310
4346	271
4347	285
4348	296
4349	292
4350	301
4351	308
4352	287
4353	314
4354	307
4355	294
4356	270
4357	312
4358	287
4359	272
4360	311
4361	282
4362	278
4363	273
4364	303
4365	310
4366	262
4367	308
4368	279
4369	275
4370	310
4371	270
4372	294
4373	273
4374	293
4375	269
4376	261
4377	279
4378	278
4379	265
4380	271
4381	249
4382	287
4383	254
4384	283
4385	278
4386	291
4387	291
4388	264
4389	259
4390	279
4391	272
4392	308
4393	321
4394	292
4395	268
4396	290
4397	264
4398	267
4399	323
4400	282
4401	269
4402	283
4403	314
4404	285
4405	269
4406	266
4407	275
4408	302
4409	282
4410	297
4411	286
4412	266
4413	270
4414	294
4415	261
4416	277
4417	287
4418	301
4419	257
4420	275
4421	294
4422	256
4423	321
4424	281
4425	300
4426	285
4427	271
4428	261
4429	284
4430	280
4431	282
4432	287
4433	291
4434	270
4435	297
4436	293
4437	269
4438	253
4439	331
4440	295
4441	290
4442	280
4443	270
4444	315
4445	284
4446	299
4447	314
4448	268
4449	297
4450	257
4451	272
4452	277
4453	292
4454	271
4455	297
4456	287
4457	269
4458	316
4459	276
4460	279
4461	297
4462	292
4463	270
4464	299
4465	300
4466	261
4467	297
4468	286
4469	290
4470	310
4471	307
4472	265
4473	300
4474	272
4475	291
4476	283
4477	260
4478	309
4479	304
4480	281
4481	297
4482	307
4483	273
4484	316
4485	321
4486	258
4487	294
4488	291
4489	277
4490	305
4491	308
4492	277
4493	290
4494	266
4495	302
4496	257
4497	304
4498	297
4499	294
4500	289
4501	271
4502	286
4503	292
4504	289
4505	282
4506	291
4507	279
4508	282
4509	275
4510	304
4511	291
4512	286
4513	299
4514	294
4515	299
4516	273
4517	258
4518	250
4519	309
4520	290
4521	278
4522	311
4523	288
4524	281
4525	297
4526	292
4527	289
4528	289
4529	303
4530	300
4531	312
4532	311
4533	303
4534	280
4535	310
4536	345
4537	288
4538	262
4539	283
4540	270
4541	279
4542	288
4543	297
4544	294
4545	320
4546	298
4547	312
4548	294
4549	287
4550	276
4551	288
4552	274
4553	270
4554	301
4555	268
4556	304
4557	329
4558	305
4559	306
4560	284
4561	301
4562	289
4563	289
4564	333
4565	301
4566	293
4567	308
4568	301
4569	303
4570	268
4571	338
4572	281
4573	335
4574	315
4575	283
4576	289
4577	290
4578	285
4579	294
4580	337
4581	320
4582	282
4583	318
4584	280
4585	307
4586	293
4587	307
4588	289
4589	346
4590	318
4591	282
4592	285
4593	297
4594	274
4595	318
4596	297
4597	309
4598	341
4599	305
4600	322
4601	302
4602	305
4603	319
4604	303
4605	291
4606	272
4607	278
4608	350
4609	319
4610	305
4611	305
4612	321
4613	319
4614	307
4615	322
4616	324
4617	285
4618	319
4619	302
4620	306
4621	297
4622	312
4623	304
4624	273
4625	320
4626	292
4627	308
4628	332
4629	332
4630	302
4631	284
4632	299
4633	300
4634	293
4635	322
4636	306
4637	309
4638	325
4639	310
4640	280
4641	312
4642	314
4643	332
4644	306
4645	346
4646	319
4647	331
4648	325
4649	309
4650	330
4651	323
4652	325
4653	305
4654	328
4655	340
4656	310
4657	286
4658	308
4659	308
4660	307
4661	329
4662	331
4663	328
4664	323
4665	302
4666	310
4667	324
4668	307
4669	302
4670	313
4671	324
4672	336
4673	312
4674	311
4675	328
4676	303
4677	315
4678	351
4679	294
4680	314
4681	327
4682	306
4683	311
4684	352
4685	384
4686	324
4687	313
4688	320
4689	311
4690	314
4691	304
4692	313
4693	332
4694	326
4695	317
4696	350
4697	312
4698	309
4699	309
4700	350
4701	319
4702	318
4703	313
4704	357
4705	306
4706	329
4707	317
4708	317
4709	304
4710	311
4711	320
4712	310
4713	318
4714	321
4715	338
4716	324
4717	318
4718	351
4719	344
4720	308
4721	324
4722	351
4723	339
4724	337
4725	340
4726	335
4727	324
4728	309
4729	287
4730	371
4731	319
4732	348
4733	318
4734	288
4735	361
4736	357
4737	337
4738	347
4739	334
4740	373
4741	334
4742	343
4743	322
4744	318
4745	335
4746	344
4747	344
4748	360
4749	343
4750	350
4751	338
4752	359
4753	341
4754	352
4755	319
4756	328
4757	328
4758	317
4759	308
4760	351
4761	311
4762	317
4763	343
4764	313
4765	328
4766	335
4767	334
4768	362
4769	324
4770	310
4771	358
4772	331
4773	344
4774	361
4775	313
4776	349
4777	347
4778	346
4779	322
4780	363
4781	358
4782	339
4783	338
4784	347
4785	378
4786	352
4787	343
4788	327
4789	359
4790	318
4791	356
4792	310
4793	347
4794	344
4795	334
4796	341
4797	355
4798	344
4799	377
4800	334
4801	335
4802	334
4803	332
4804	387
4805	372
4806	361
4807	379
4808	333
4809	317
4810	345
4811	347
4812	357
4813	367
4814	356
4815	397
4816	399
4817	303
4818	338
4819	354
4820	373
4821	344
4822	374
4823	333
4824	317
4825	372
4826	330
4827	363
4828	382
4829	350
4830	361
4831	356
4832	350
4833	362
4834	366
4835	324
4836	350
4837	372
4838	369
4839	372
4840	365
4841	374
4842	350
4843	360
4844	364
4845	358
4846	384
4847	348
4848	369
4849	338
4850	337
4851	389
4852	331
4853	343
4854	371
4855	365
4856	352
4857	341
4858	352
4859	333
4860	406
4861	372
4862	405
4863	377
4864	382
4865	394
4866	389
4867	360
4868	349
4869	354
4870	382
4871	404
4872	330
4873	379
4874	336
4875	340
4876	336
4877	389
4878	359
4879	357
4880	380
4881	359
4882	338
4883	356
4884	387
4885	374
4886	346
4887	371
4888	379
4889	379
4890	425
4891	363
4892	351
4893	442
4894	393
4895	380
4896	413
4897	352
4898	384
4899	402
4900	384
4901	367
4902	345
4903	385
4904	332
4905	416
4906	366
4907	386
4908	369
4909	362
4910	384
4911	424
4912	358
4913	354
4914	410
4915	382
4916	358
4917	376
4918	370
4919	368
4920	378
4921	382
4922	344
4923	354
4924	374
4925	391
4926	393
4927	384
4928	355
4929	409
4930	384
4931	403
4932	381
4933	381
4934	336
4935	380
4936	374
4937	354
4938	363
4939	324
4940	405
4941	337
4942	397
4943	422
4944	357
4945	401
4946	348
4947	404
4948	377
4949	389
4950	395
4951	377
4952	389
4953	387
4954	400
4955	363
4956	416
4957	398
4958	369
4959	403
4960	389
4961	415
4962	342
4963	408
4964	395
4965	415
4966	397
4967	379
4968	453
4969	372
4970	396
4971	398
4972	380
4973	369
4974	384
4975	405
4976	361
4977	391
4978	397
4979	387
4980	403
4981	425
4982	424
4983	385
4984	414
4985	370
4986	384
4987	394
4988	382
4989	384
4990	413
4991	428
4992	379
4993	402
4994	399
4995	442
4996	432
4997	391
4998	388
4999	379
5000	356
5001	436
5002	371
5003	399
5004	387
5005	425
5006	395
5007	410
5008	402
5009	407
5010	368
5011	391
5012	418
5013	431
5014	400
5015	377
5016	400
5017	399
5018	431
5019	436
5020	383
5021	427
5022	365
5023	423
5024	387
5025	405
5026	436
5027	405
5028	373
5029	424
5030	398
5031	436
5032	436
5033	415
5034	391
5035	437
5036	429
5037	402
5038	425
5039	387
5040	383
5041	391
5042	441
5043	411
5044	390
5045	391
5046	431
5047	434
5048	445
5049	383
5050	378
5051	425
5052	360
5053	396
5054	370
5055	416
5056	434
5057	412
5058	413
5059	419
5060	404
5061	415
5062	351
5063	403
5064	393
5065	435
5066	417
5067	388
5068	419
5069	385
5070	397
5071	360
5072	356
5073	383
5074	388
5075	391
5076	385
5077	398
5078	391
5079	386
5080	386
5081	384
5082	363
5083	406
5084	392
5085	376
5086	366
5087	402
5088	382
5089	390
5090	385
5091	342
5092	418
5093	395
5094	423
5095	345
5096	380
5097	361
5098	375
5099	319
5100	324
5101	394
5102	348
5103	348
5104	361
5105	381
5106	312
5107	355
5108	339
5109	337
5110	325
5111	333
5112	356
5113	335
5114	314
5115	348
5116	308
5117	346
5118	302
5119	340
5120	328
5121	361
5122	333
5123	318
5124	328
5125	329
5126	347
5127	332
5128	345
5129	312
5130	290
5131	336
5132	305
5133	317
5134	315
5135	319
5136	294
5137	334
5138	302
5139	289
5140	321
5141	307
5142	344
5143	291
5144	337
5145	328
5146	323
5147	295
5148	320
5149	320
5150	279
5151	283
5152	312
5153	308
5154	312
5155	302
5156	312
5157	284
5158	268
5159	301
5160	299
5161	296
5162	300
5163	313
5164	309
5165	301
5166	285
5167	305
5168	283
5169	324
5170	291
5171	291
5172	312
5173	292
5174	286
5175	301
5176	303
5177	304
5178	293
5179	315
5180	277
5181	341
5182	304
5183	298
5184	290
5185	252
5186	297
5187	317
5188	287
5189	310
5190	319
5191	279
5192	282
5193	275
5194	286
5195	289
5196	284
5197	289
5198	290
5199	265
5200	291
5201	286
5202	297
5203	281
5204	256
5205	319
5206	296
5207	297
5208	291
5209	274
5210	305
5211	310
5212	307
5213	262
5214	296
5215	301
5216	272
5217	275
5218	256
5219	308
5220	288
5221	312
5222	280
5223	324
5224	264
5225	247
5226	271
5227	270
5228	301
5229	264
5230	283
5231	280
5232	273
5233	271
5234	278
5235	257
5236	288
5237	260
5238	306
5239	292
5240	273
5241	282
5242	278
5243	277
5244	277
5245	289
5246	291
5247	277
5248	241
5249	292
5250	284
5251	278
5252	276
5253	284
5254	300
5255	292
5256	294
5257	293
5258	243
5259	255
5260	288
5261	292
5262	292
5263	289
5264	299
5265	289
5266	248
5267	275
5268	301
5269	289
5270	308
5271	270
5272	276
5273	274
5274	278
5275	273
5276	263
5277	264
5278	283
5279	287
5280	255
5281	276
5282	272
5283	283
5284	258
5285	284
5286	262
5287	281
5288	299
5289	294
5290	295
5291	268
5292	313
5293	293
5294	284
5295	244
5296	289
5297	295
5298	254
5299	280
5300	271
5301	258
5302	273
5303	269
5304	255
5305	282
5306	286
5307	270
5308	265
5309	275
5310	294
5311	263
5312	278
5313	266
5314	247
5315	304
5316	294
5317	260
5318	272
5319	297
5320	250
5321	259
5322	291
5323	247
5324	263
5325	268
5326	275
5327	269
5328	268
5329	272
5330	243
5331	258
5332	276
5333	283
5334	289
5335	248
5336	291
5337	279
5338	261
5339	260
5340	236
5341	281
5342	251
5343	238
5344	266
5345	259
5346	274
5347	297
5348	269
5349	276
5350	274
5351	277
5352	268
5353	258
5354	267
5355	239
5356	266
5357	272
5358	276
5359	231
5360	248
5361	257
5362	307
5363	293
5364	256
5365	247
5366	288
5367	267
5368	249
5369	285
5370	284
5371	257
5372	288
5373	273
5374	252
5375	265
5376	243
5377	260
5378	243
5379	289
5380	235
5381	289
5382	245
5383	286
5384	254
5385	254
5386	256
5387	243
5388	261
5389	265
5390	288
5391	286
5392	288
5393	249
5394	261
5395	246
5396	233
5397	263
5398	258
5399	251
5400	268
5401	290
5402	258
5403	250
5404	246
5405	257
5406	260
5407	246
5408	265
5409	266
5410	286
5411	246
5412	270
5413	240
5414	259
5415	289
5416	255
5417	288
5418	263
5419	268
5420	259
5421	230
5422	261
5423	260
5424	245
5425	266
5426	274
5427	251
5428	270
5429	260
5430	252
5431	260
5432	246
5433	267
5434	270
5435	254
5436	259
5437	260
5438	239
5439	254
5440	249
5441	257
5442	236
5443	255
5444	279
5445	221
5446	256
5447	284
5448	246
5449	238
5450	241
5451	265
5452	255
5453	247
5454	228
5455	249
5456	282
5457	286
5458	275
5459	266
5460	260
5461	268
5462	250
5463	246
5464	254
5465	243
5466	269
5467	257
5468	239
5469	253
5470	269
5471	271
5472	245
5473	275
5474	262
5475	244
5476	228
5477	263
5478	278
5479	276
5480	250
5481	276
5482	251
5483	289
5484	294
5485	264
5486	252
5487	275
5488	245
5489	267
5490	249
5491	260
5492	257
5493	276
5494	248
5495	244
5496	257
5497	275
5498	245
5499	295
5500	246
5501	282
5502	258
5503	259
5504	274
5505	287
5506	237
5507	238
5508	246
5509	249
5510	306
5511	261
5512	256
5513	245
5514	298
5515	246
5516	255
5517	271
5518	269
5519	257
5520	255
5521	263
5522	265
5523	251
5524	230
5525	249
5526	255
5527	248
5528	241
5529	245
5530	225
5531	248
5532	264
5533	256
5534	272
5535	260
5536	246
5537	260
5538	258
5539	242
5540	261
5541	242
5542	253
5543	268
5544	236
5545	251
5546	240
5547	263
5548	243
5549	292
5550	246
5551	240
5552	240
5553	235
5554	266
5555	252
5556	256
5557	240
5558	263
5559	259
5560	232
5561	217
5562	277
5563	268
5564	241
5565	237
5566	271
5567	215
5568	231
5569	267
5570	223
5571	270
5572	228
5573	237
5574	249
5575	264
5576	258
5577	256
5578	271
5579	218
5580	264
5581	271
5582	243
5583	236
5584	252
5585	239
5586	256
5587	242
5588	236
5589	253
5590	256
5591	248
5592	250
5593	282
5594	256
5595	250
5596	233
5597	234
5598	231
5599	279
5600	228
5601	249
5602	250
5603	239
5604	229
5605	247
5606	254
5607	294
5608	276
5609	259
5610	225
5611	264
5612	249
5613	241
5614	275
5615	264
5616	274
5617	273
5618	229
5619	255
5620	229
5621	256
5622	249
5623	225
5624	257
5625	287
5626	224
5627	262
5628	245
5629	236
5630	289
5631	231
5632	232
5633	246
5634	276
5635	223
5636	243
5637	268
5638	247
5639	249
5640	241
5641	248
5642	256
5643	266
5644	267
5645	242
5646	261
5647	265
5648	230
5649	229
5650	235
5651	261
5652	252
5653	241
5654	245
5655	231
5656	248
5657	266
5658	287
5659	243
5660	220
5661	238
5662	242
5663	260
5664	239
5665	296
5666	253
5667	278
5668	254
5669	256
5670	270
5671	236
5672	250
5673	247
5674	241
5675	234
5676	265
5677	258
5678	260
5679	231
5680	288
5681	256
5682	258
5683	244
5684	275
5685	258
5686	257
5687	246
5688	253
5689	233
5690	244
5691	260
5692	258
5693	232
5694	278
5695	264
5696	250
5697	250
5698	266
5699	272
5700	269
5701	227
5702	237
5703	235
5704	281
5705	259
5706	270
5707	231
5708	257
5709	247
5710	267
5711	269
5712	249
5713	272
5714	248
5715	278
5716	257
5717	248
5718	255
5719	276
5720	243
5721	258
5722	259
5723	286
5724	257
5725	267
5726	268
5727	258
5728	270
5729	216
5730	265
5731	245
5732	261
5733	278
5734	267
5735	257
5736	226
5737	253
5738	246
5739	273
5740	239
5741	288
5742	250
5743	271
5744	240
5745	279
5746	256
5747	257
5748	284
5749	248
5750	287
5751	291
5752	279
5753	222
5754	255
5755	265
5756	265
5757	252
5758	261
5759	266
5760	272
5761	276
5762	262
5763	255
5764	252
5765	275
5766	246
5767	285
5768	259
5769	277
5770	274
5771	265
5772	279
5773	256
5774	300
5775	285
5776	316
5777	258
5778	268
5779	288
5780	283
5781	224
5782	262
5783	280
5784	233
5785	246
5786	275
5787	268
5788	264
5789	243
5790	268
5791	265
5792	256
5793	257
5794	286
5795	255
5796	263
5797	286
5798	267
5799	271
5800	249
5801	266
5802	282
5803	268
5804	289
5805	276
5806	284
5807	277
5808	239
5809	282
5810	262
5811	275
5812	287
5813	276
5814	270
5815	278
5816	249
5817	280
5818	229
5819	286
5820	266
5821	271
5822	262
5823	254
5824	259
5825	263
5826	263
5827	262
5828	265
5829	268
5830	283
5831	284
5832	281
5833	286
5834	278
5835	263
5836	273
5837	261
5838	288
5839	274
5840	248
5841	254
5842	271
5843	257
5844	275
5845	287
5846	266
5847	253
5848	272
5849	272
5850	259
5851	256
5852	273
5853	271
5854	300
5855	286
5856	285
5857	249
5858	271
5859	252
5860	285
5861	273
5862	267
5863	270
5864	271
5865	268
5866	259
5867	294
5868	266
5869	260
5870	267
5871	237
5872	293
5873	273
5874	281
5875	282
5876	266
5877	250
5878	246
5879	246
5880	250
5881	277
5882	261
5883	286
5884	270
5885	243
5886	267
5887	271
5888	262
5889	274
5890	302
5891	272
5892	263
5893	303
5894	241
5895	226
5896	253
5897	272
5898	247
5899	245
5900	268
5901	265
5902	260
5903	271
5904	269
5905	240
5906	252
5907	272
5908	227
5909	252
5910	229
5911	268
5912	275
5913	245
5914	264
5915	236
5916	234
5917	258
5918	222
5919	248
5920	252
5921	251
5922	236
5923	226
5924	217
5925	222
5926	247
5927	211
5928	208
5929	231
5930	203
5931	208
5932	216
5933	209
5934	251
5935	218
5936	200
5937	208
5938	184
5939	218
5940	213
5941	200
5942	175
5943	160
5944	180
5945	201
5946	211
5947	188
5948	180
5949	201
5950	171
5951	211
5952	212
5953	188
5954	193
5955	171
5956	176
5957	171
5958	170
5959	177
5960	189
5961	163
5962	165
5963	154
5964	183
5965	185
5966	195
5967	177
5968	148
5969	190
5970	178
5971	179
5972	167
5973	183
5974	181
5975	153
5976	160
5977	179
5978	174
5979	161
5980	174
5981	181
5982	170
5983	158
5984	171
5985	197
5986	160
5987	184
5988	170
5989	142
5990	168
5991	138
5992	174
5993	149
5994	177
5995	168
5996	158
5997	168
5998	188
5999	170
6000	178
6001	169
6002	158
6003	167
6004	154
6005	159
6006	158
6007	135
6008	167
6009	189
6010	145
6011	180
6012	159
6013	158
6014	159
6015	141
6016	156
6017	144
6018	168
6019	151
6020	157
6021	127
6022	159
6023	155
6024	164
6025	187
6026	142
6027	149
6028	149
6029	144
6030	172
6031	163
6032	153
6033	134
6034	181
6035	152
6036	161
6037	133
6038	160
6039	159
6040	159
6041	158
6042	160
6043	156
6044	133
6045	162
6046	160
6047	141
6048	140
6049	134
6050	152
6051	153
6052	161
6053	152
6054	167
6055	132
6056	135
6057	144
6058	153
6059	146
6060	173
6061	172
6062	137
6063	155
6064	145
6065	159
6066	137
6067	161
6068	142
6069	145
6070	155
6071	143
6072	152
6073	159
6074	141
6075	146
6076	150
6077	162
6078	114
6079	159
6080	131
6081	155
6082	136
6083	122
6084	139
6085	151
6086	146
6087	165
6088	147
6089	136
6090	145
6091	149
6092	138
6093	129
6094	152
6095	135
6096	158
6097	140
6098	172
6099	160
6100	124
6101	136
6102	156
6103	149
6104	152
6105	145
6106	142
6107	151
6108	139
6109	135
6110	138
6111	123
6112	146
6113	140
6114	154
6115	167
6116	124
6117	141
6118	144
6119	157
6120	144
6121	173
6122	137
6123	136
6124	117
6125	130
6126	140
6127	153
6128	135
6129	135
6130	147
6131	151
6132	155
6133	150
6134	165
6135	133
6136	145
6137	146
6138	150
6139	157
6140	167
6141	139
6142	145
6143	134
6144	154
6145	144
6146	160
6147	125
6148	132
6149	144
6150	129
6151	157
6152	135
6153	139
6154	120
6155	149
6156	139
6157	140
6158	136
6159	127
6160	130
6161	126
6162	155
6163	140
6164	125
6165	143
6166	131
6167	139
6168	143
6169	139
6170	143
6171	146
6172	140
6173	151
6174	140
6175	124
6176	147
6177	144
6178	153
6179	148
6180	148
6181	149
6182	147
6183	151
6184	150
6185	134
6186	132
6187	129
6188	158
6189	154
6190	143
6191	172
6192	180
6193	187
6194	175
6195	212
6196	249
6197	275
6198	323
6199	389
6200	464
6201	532
6202	700
6203	912
6204	1087
6205	1328
6206	1692
6207	1913
6208	2489
6209	3023
6210	3676
6211	4307
6212	5041
6213	5734
6214	6567
6215	7183
6216	8051
6217	8387
6218	8643
6219	8485
6220	8109
6221	7493
6222	6709
6223	5731
6224	4745
6225	3778
6226	2830
6227	2182
6228	1614
6229	1283
6230	1048
6231	813
6232	686
6233	628
6234	572
6235	521
6236	420
6237	388
6238	405
6239	381
6240	340
6241	308
6242	307
6243	226
6244	241
6245	187
6246	193
6247	171
6248	157
6249	158
6250	153
6251	117
6252	116
6253	103
6254	100
6255	110
6256	101
6257	117
6258	108
6259	90
6260	86
6261	100
6262	106
6263	85
6264	91
6265	96
6266	95
6267	99
6268	106
6269	92
6270	97
6271	93
6272	91
6273	97
6274	96
6275	100
6276	108
6277	106
6278	103
6279	83
6280	82
6281	90
6282	90
6283	100
6284	96
6285	88
6286	92
6287	91
6288	97
6289	86
6290	77
6291	100
6292	84
6293	98
6294	85
6295	79
6296	68
6297	72
6298	92
6299	93
6300	90
6301	97
6302	86
6303	84
6304	79
6305	96
6306	99
6307	82
6308	82
6309	64
6310	93
6311	81
6312	85
6313	70
6314	85
6315	84
6316	76
6317	79
6318	69
6319	57
6320	64
6321	70
6322	76
6323	67
6324	83
6325	90
6326	56
6327	93
6328	75
6329	65
6330	75
6331	93
6332	67
6333	94
6334	77
6335	77
6336	73
6337	81
6338	87
6339	84
6340	86
6341	73
6342	70
6343	52
6344	95
6345	73
6346	80
6347	74
6348	79
6349	94
6350	70
6351	72
6352	72
6353	61
6354	60
6355	63
6356	66
6357	60
6358	71
6359	78
6360	67
6361	92
6362	73
6363	73
6364	82
6365	64
6366	66
6367	95
6368	71
6369	81
6370	72
6371	54
6372	64
6373	71
6374	77
6375	74
6376	54
6377	69
6378	74
6379	65
6380	79
6381	80
6382	60
6383	77
6384	66
6385	56
6386	71
6387	62
6388	70
6389	63
6390	76
6391	68
6392	53
6393	72
6394	66
6395	79
6396	81
6397	58
6398	66
6399	73
6400	64
6401	57
6402	70
6403	58
6404	70
6405	61
6406	57
6407	56
6408	61
6409	66
6410	68
6411	64
6412	52
6413	55
6414	68
6415	60
6416	53
6417	64
6418	53
6419	59
6420	53
6421	59
6422	54
6423	62
6424	69
6425	39
6426	72
6427	65
6428	61
6429	59
6430	72
6431	71
6432	59
6433	63
6434	70
6435	62
6436	58
6437	61
6438	63
6439	61
6440	70
6441	65
6442	53
6443	56
6444	53
6445	60
6446	58
6447	51
6448	57
6449	46
6450	61
6451	59
6452	48
6453	54
6454	51
6455	59
6456	47
6457	60
6458	53
6459	51
6460	52
6461	47
6462	61
6463	43
6464	48
6465	53
6466	48
6467	53
6468	61
6469	61
6470	48
6471	43
6472	62
6473	52
6474	59
6475	57
6476	49
6477	55
6478	47
6479	51
6480	51
6481	49
6482	48
6483	39
6484	50
6485	45
6486	61
6487	59
6488	42
6489	50
6490	47
6491	52
6492	49
6493	56
6494	44
6495	48
6496	38
6497	44
6498	40
6499	48
6500	46
6501	41
6502	40
6503	41
6504	47
6505	43
6506	65
6507	44
6508	41
6509	52
6510	43
6511	40
6512	33
6513	40
6514	47
6515	52
6516	47
6517	37
6518	45
6519	54
6520	40
6521	57
6522	41
6523	46
6524	44
6525	50
6526	42
6527	35
6528	46
6529	61
6530	46
6531	47
6532	46
6533	48
6534	56
6535	51
6536	45
6537	37
6538	48
6539	47
6540	42
6541	42
6542	55
6543	46
6544	48
6545	38
6546	41
6547	44
6548	49
6549	50
6550	43
6551	44
6552	40
6553	58
6554	44
6555	49
6556	36
6557	40
6558	40
6559	36
6560	49
6561	55
6562	50
6563	42
6564	55
6565	46
6566	38
6567	39
6568	45
6569	47
6570	50
6571	44
6572	40
6573	45
6574	36
6575	41
6576	43
6577	51
6578	42
6579	43
6580	42
6581	43
6582	42
6583	39
6584	38
6585	45
6586	46
6587	45
6588	36
6589	45
6590	43
6591	35
6592	43
6593	31
6594	39
6595	45
6596	35
6597	37
6598	43
6599	29
6600	36
6601	38
6602	39
6603	34
6604	36
6605	32
6606	45
6607	34
6608	47
6609	41
6610	40
6611	42
6612	46
6613	44
6614	31
6615	49
6616	49
6617	59
6618	32
6619	54
6620	45
6621	38
6622	42
6623	32
6624	30
6625	41
6626	41
6627	45
6628	38
6629	42
6630	35
6631	51
6632	43
6633	40
6634	39
6635	32
6636	41
6637	32
6638	33
6639	28
6640	44
6641	37
6642	46
6643	35
6644	34
6645	34
6646	34
6647	31
6648	30
6649	31
6650	27
6651	33
6652	35
6653	37
6654	37
6655	36
6656	35
6657	33
6658	32
6659	44
6660	29
6661	36
6662	37
6663	32
6664	35
6665	39
6666	39
6667	41
6668	45
6669	35
6670	34
6671	44
6672	29
6673	38
6674	34
6675	35
6676	31
6677	33
6678	31
6679	32
6680	37
6681	30
6682	32
6683	43
6684	30
6685	32
6686	33
6687	34
6688	31
6689	48
6690	36
6691	32
6692	41
6693	35
6694	40
6695	37
6696	40
6697	33
6698	30
6699	33
6700	42
6701	31
6702	38
6703	35
6704	34
6705	27
6706	43
6707	39
6708	38
6709	29
6710	40
6711	22
6712	25
6713	40
6714	33
6715	30
6716	36
6717	34
6718	28
6719	22
6720	37
6721	28
6722	27
6723	41
6724	26
6725	36
6726	34
6727	31
6728	31
6729	33
6730	32
6731	20
6732	26
6733	27
6734	27
6735	32
6736	31
6737	28
6738	31
6739	36
6740	36
6741	33
6742	29
6743	45
6744	30
6745	33
6746	41
6747	40
6748	32
6749	39
6750	34
6751	31
6752	40
6753	40
6754	35
6755	31
6756	38
6757	30
6758	29
6759	43
6760	35
6761	26
6762	43
6763	33
6764	28
6765	28
6766	26
6767	40
6768	45
6769	37
6770	31
6771	39
6772	37
6773	34
6774	33
6775	28
6776	38
6777	40
6778	35
6779	28
6780	35
6781	23
6782	37
6783	40
6784	34
6785	35
6786	39
6787	25
6788	23
6789	27
6790	33
6791	23
6792	18
6793	39
6794	30
6795	27
6796	35
6797	24
6798	37
6799	33
6800	33
6801	36
6802	42
6803	35
6804	36
6805	36
6806	40
6807	34
6808	37
6809	35
6810	24
6811	41
6812	24
6813	33
6814	31
6815	21
6816	42
6817	25
6818	35
6819	33
6820	31
6821	47
6822	22
6823	28
6824	25
6825	41
6826	42
6827	40
6828	27
6829	35
6830	27
6831	28
6832	40
6833	35
6834	24
6835	28
6836	36
6837	30
6838	35
6839	31
6840	27
6841	33
6842	30
6843	29
6844	39
6845	32
6846	27
6847	30
6848	38
6849	34
6850	37
6851	36
6852	35
6853	32
6854	40
6855	33
6856	24
6857	28
6858	40
6859	39
6860	29
6861	27
6862	32
6863	23
6864	31
6865	40
6866	27
6867	24
6868	28
6869	40
6870	20
6871	31
6872	39
6873	31
6874	39
6875	27
6876	30
6877	29
6878	36
6879	33
6880	29
6881	33
6882	28
6883	21
6884	29
6885	27
6886	44
6887	35
6888	36
6889	39
6890	34
6891	31
6892	31
6893	27
6894	39
6895	43
6896	38
6897	31
6898	25
6899	27
6900	21
6901	34
6902	23
6903	34
6904	37
6905	26
6906	44
6907	26
6908	30
6909	38
6910	29
6911	29
6912	27
6913	35
6914	33
6915	28
6916	28
6917	31
6918	24
6919	27
6920	35
6921	30
6922	39
6923	36
6924	39
6925	43
6926	34
6927	30
6928	35
6929	33
6930	36
6931	31
6932	32
6933	28
6934	35
6935	33
6936	33
6937	22
6938	46
6939	34
6940	31
6941	42
6942	17
6943	33
6944	29
6945	22
6946	26
6947	39
6948	40
6949	21
6950	31
6951	25
6952	32
6953	38
6954	29
6955	38
6956	34
6957	30
6958	29
6959	35
6960	33
6961	40
6962	31
6963	28
6964	34
6965	30
6966	38
6967	38
6968	40
6969	39
6970	45
6971	35
6972	21
6973	30
6974	38
6975	28
6976	41
6977	44
6978	41
6979	31
6980	27
6981	24
6982	39
6983	40
6984	33
6985	35
6986	55
6987	37
6988	35
6989	39
6990	32
6991	24
6992	26
6993	39
6994	37
6995	30
6996	47
6997	27
6998	31
6999	38
7000	30
7001	32
7002	41
7003	36
7004	38
7005	38
7006	27
7007	26
7008	42
7009	28
7010	38
7011	45
7012	36
7013	45
7014	44
7015	46
7016	33
7017	44
7018	58
7019	45
7020	42
7021	52
7022	40
7023	46
7024	48
7025	37
7026	46
7027	44
7028	46
7029	59
7030	46
7031	42
7032	55
7033	46
7034	69
7035	44
7036	59
7037	49
7038	71
7039	81
7040	88
7041	87
7042	141
7043	165
7044	219
7045	288
7046	373
7047	479
7048	562
7049	774
7050	996
7051	1256
7052	1483
7053	1845
7054	2264
7055	2833
7056	3217
7057	3885
7058	4444
7059	5172
7060	5695
7061	6383
7062	6882
7063	7276
7064	7215
7065	7087
7066	6947
7067	6344
7068	5586
7069	4821
7070	4049
7071	3235
7072	2524
7073	1936
7074	1482
7075	1095
7076	927
7077	647
7078	574
7079	436
7080	434
7081	374
7082	329
7083	282
7084	281
7085	251
7086	233
7087	205
7088	168
7089	155
7090	141
7091	104
7092	81
7093	84
7094	62
7095	53
7096	42
7097	34
7098	43
7099	22
7100	21
7101	23
7102	18
7103	12
7104	14
7105	16
7106	17
7107	14
7108	14
7109	10
7110	23
7111	18
7112	15
7113	25
7114	16
7115	14
7116	19
7117	18
7118	13
7119	12
7120	14
7121	13
7122	10
7123	17
7124	17
7125	9
7126	19
7127	15
7128	16
7129	21
7130	16
7131	15
7132	22
7133	12
7134	15
7135	10
7136	9
7137	12
7138	18
7139	10
7140	14
7141	9
7142	11
7143	13
7144	9
7145	11
7146	8
7147	18
7148	11
7149	15
7150	14
7151	12
7152	11
7153	11
7154	21
7155	15
7156	13
7157	12
7158	13
7159	18
7160	23
7161	11
7162	13
7163	17
7164	5
7165	12
7166	11
7167	11
7168	11
7169	12
7170	13
7171	9
7172	15
7173	13
7174	12
7175	11
7176	17
7177	15
7178	15
7179	16
7180	15
7181	12
7182	16
7183	7
7184	14
7185	11
7186	13
7187	12
7188	15
7189	14
7190	12
7191	8
7192	13
7193	9
7194	12
7195	9
7196	12
7197	15
7198	10
7199	10
7200	11
7201	13
7202	10
7203	16
7204	14
7205	8
7206	10
7207	7
7208	13
7209	15
7210	6
7211	14
7212	9
7213	13
7214	13
7215	12
7216	8
7217	8
7218	9
7219	13
7220	12
7221	17
7222	13
7223	17
7224	7
7225	17
7226	11
7227	9
7228	21
7229	14
7230	9
7231	21
7232	9
7233	11
7234	18
7235	6
7236	13
7237	9
7238	7
7239	13
7240	15
7241	13
7242	7
7243	10
7244	16
7245	6
7246	13
7247	12
7248	21
7249	8
7250	14
7251	10
7252	13
7253	13
7254	14
7255	10
7256	13
7257	10
7258	11
7259	13
7260	12
7261	18
7262	16
7263	17
7264	18
7265	5
7266	10
7267	8
7268	13
7269	6
7270	10
7271	8
7272	9
7273	10
7274	17
7275	12
7276	12
7277	16
7278	11
7279	11
7280	11
7281	10
7282	9
7283	11
7284	12
7285	11
7286	16
7287	11
7288	8
7289	11
7290	9
7291	6
7292	6
7293	7
7294	13
7295	24
7296	15
7297	8
7298	12
7299	10
7300	15
7301	6
7302	16
7303	8
7304	12
7305	6
7306	6
7307	8
7308	10
7309	10
7310	13
7311	9
7312	7
7313	11
7314	9
7315	11
7316	12
7317	13
7318	18
7319	10
7320	9
7321	9
7322	12
7323	9
7324	15
7325	15
7326	12
7327	7
7328	10
7329	8
7330	11
7331	16
7332	10
7333	7
7334	11
7335	16
7336	19
7337	9
7338	10
7339	1
7340	12
7341	11
7342	13
7343	8
7344	8
7345	10
7346	8
7347	15
7348	9
7349	9
7350	9
7351	10
7352	12
7353	11
7354	7
7355	11
7356	13
7357	15
7358	12
7359	9
7360	8
7361	11
7362	20
7363	15
7364	9
7365	8
7366	8
7367	13
7368	12
7369	12
7370	9
7371	12
7372	17
7373	8
7374	4
7375	13
7376	9
7377	7
7378	12
7379	14
7380	9
7381	7
7382	10
7383	6
7384	5
7385	12
7386	15
7387	12
7388	8
7389	13
7390	6
7391	8
7392	12
7393	13
7394	10
7395	5
7396	8
7397	8
7398	8
7399	14
7400	8
7401	15
7402	11
7403	14
7404	6
7405	7
7406	8
7407	10
7408	6
7409	11
7410	12
7411	8
7412	7
7413	10
7414	11
7415	11
7416	5
7417	11
7418	10
7419	7
7420	17
7421	13
7422	18
7423	13
7424	7
7425	9
7426	8
7427	8
7428	18
7429	9
7430	14
7431	5
7432	9
7433	12
7434	12
7435	7
7436	10
7437	16
7438	12
7439	12
7440	12
7441	10
7442	13
7443	11
7444	10
7445	4
7446	15
7447	10
7448	9
7449	10
7450	12
7451	8
7452	8
7453	7
7454	7
7455	10
7456	14
7457	11
7458	10
7459	10
7460	11
7461	9
7462	12
7463	11
7464	6
7465	15
7466	7
7467	6
7468	16
7469	5
7470	17
7471	8
7472	9
7473	10
7474	12
7475	7
7476	8
7477	4
7478	3
7479	12
7480	10
7481	11
7482	16
7483	10
7484	10
7485	5
7486	11
7487	8
7488	5
7489	7
7490	11
7491	3
7492	8
7493	3
7494	16
7495	10
7496	14
7497	8
7498	14
7499	10
7500	13
7501	12
7502	10
7503	2
7504	9
7505	15
7506	6
7507	10
7508	8
7509	6
7510	10
7511	18
7512	14
7513	10
7514	6
7515	5
7516	8
7517	8
7518	12
7519	8
7520	12
7521	9
7522	9
7523	5
7524	10
7525	12
7526	12
7527	5
7528	11
7529	7
7530	10
7531	12
7532	9
7533	13
7534	9
7535	11
7536	5
7537	6
7538	7
7539	11
7540	8
7541	10
7542	8
7543	10
7544	9
7545	10
7546	12
7547	13
7548	11
7549	9
7550	8
7551	13
7552	11
7553	8
7554	10
7555	12
7556	14
7557	11
7558	15
7559	6
7560	7
7561	6
7562	16
7563	15
7564	10
7565	7
7566	7
7567	7
7568	9
7569	13
7570	9
7571	9
7572	8
7573	9
7574	16
7575	13
7576	13
7577	8
7578	6
7579	10
7580	8
7581	11
7582	11
7583	6
7584	8
7585	3
7586	10
7587	14
7588	8
7589	5
7590	10
7591	8
7592	6
7593	7
7594	10
7595	7
7596	8
7597	6
7598	8
7599	4
7600	7
7601	16
7602	10
7603	8
7604	6
7605	9
7606	11
7607	10
7608	7
7609	5
7610	14
7611	18
7612	9
7613	12
7614	12
7615	12
7616	10
7617	10
7618	6
7619	5
7620	7
7621	8
7622	11
7623	6
7624	9
7625	12
7626	8
7627	4
7628	12
7629	7
7630	7
7631	13
7632	9
7633	3
7634	11
7635	9
7636	9
7637	14
7638	13
7639	12
7640	12
7641	9
7642	9
7643	12
7644	11
7645	7
7646	4
7647	7
7648	10
7649	13
7650	6
7651	7
7652	11
7653	11
7654	7
7655	12
7656	7
7657	9
7658	8
7659	7
7660	20
7661	11
7662	10
7663	9
7664	9
7665	8
7666	4
7667	7
7668	4
7669	9
7670	17
7671	11
7672	4
7673	11
7674	7
7675	13
7676	8
7677	12
7678	10
7679	7
7680	5
7681	5
7682	9
7683	12
7684	14
7685	13
7686	13
7687	6
7688	9
7689	12
7690	10
7691	9
7692	11
7693	9
7694	11
7695	5
7696	7
7697	5
7698	12
7699	13
7700	8
7701	11
7702	7
7703	10
7704	9
7705	5
7706	9
7707	10
7708	12
7709	10
7710	7
7711	7
7712	13
7713	7
7714	6
7715	10
7716	11
7717	11
7718	11
7719	6
7720	9
7721	8
7722	13
7723	6
7724	9
7725	5
7726	10
7727	9
7728	11
7729	9
7730	13
7731	10
7732	14
7733	16
7734	8
7735	20
7736	17
7737	15
7738	18
7739	21
7740	38
7741	31
7742	35
7743	46
7744	27
7745	33
7746	34
7747	26
7748	30
7749	27
7750	17
7751	23
7752	22
7753	13
7754	11
7755	20
7756	12
7757	8
7758	12
7759	12
7760	10
7761	10
7762	4
7763	7
7764	13
7765	7
7766	10
7767	13
7768	9
7769	14
7770	6
7771	12
7772	7
7773	4
7774	8
7775	12
7776	12
7777	12
7778	7
7779	5
7780	12
7781	9
7782	9
7783	16
7784	8
7785	11
7786	8
7787	6
7788	7
7789	7
7790	10
7791	12
7792	10
7793	7
7794	7
7795	14
7796	13
7797	12
7798	13
7799	11
7800	9
7801	10
7802	5
7803	10
7804	9
7805	15
7806	11
7807	9
7808	10
7809	6
7810	10
7811	13
7812	6
7813	15
7814	9
7815	12
7816	9
7817	7
7818	9
7819	11
7820	5
7821	8
7822	7
7823	9
7824	7
7825	8
7826	7
7827	4
7828	8
7829	11
7830	5
7831	12
7832	9
7833	12
7834	10
7835	6
7836	7
7837	8
7838	5
7839	15
7840	11
7841	9
7842	8
7843	7
7844	13
7845	5
7846	6
7847	14
7848	14
7849	6
7850	9
7851	13
7852	10
7853	5
7854	8
7855	8
7856	6
7857	11
7858	8
7859	12
7860	6
7861	15
7862	16
7863	8
7864	4
7865	8
7866	8
7867	9
7868	7
7869	11
7870	4
7871	5
7872	4
7873	8
7874	7
7875	9
7876	9
7877	12
7878	7
7879	5
7880	8
7881	8
7882	8
7883	3
7884	7
7885	8
7886	4
7887	7
7888	9
7889	13
7890	10
7891	6
7892	7
7893	9
7894	5
7895	11
7896	10
7897	7
7898	14
7899	14
7900	11
7901	14
7902	8
7903	8
7904	11
7905	6
7906	7
7907	7
7908	5
7909	11
7910	8
7911	8
7912	16
7913	4
7914	9
7915	13
7916	7
7917	12
7918	3
7919	12
7920	6
7921	6
7922	6
7923	5
7924	8
7925	5
7926	6
7927	8
7928	4
7929	5
7930	11
7931	6
7932	8
7933	8
7934	6
7935	8
7936	8
7937	11
7938	4
7939	2
7940	7
7941	15
7942	8
7943	9
7944	10
7945	10
7946	3
7947	5
7948	12
7949	12
7950	10
7951	12
7952	7
7953	4
7954	6
7955	8
7956	11
7957	8
7958	9
7959	17
7960	8
7961	7
7962	4
7963	7
7964	5
7965	14
7966	13
7967	8
7968	9
7969	6
7970	9
7971	7
7972	9
7973	9
7974	6
7975	7
7976	10
7977	11
7978	10
7979	7
7980	14
7981	10
7982	7
7983	18
7984	10
7985	9
7986	8
7987	4
7988	7
7989	7
7990	10
7991	5
7992	6
7993	6
7994	9
7995	13
7996	6
7997	7
7998	6
7999	12
8000	6
8001	4
8002	6
8003	9
8004	8
8005	6
8006	7
8007	9
8008	11
8009	13
8010	7
8011	6
8012	9
8013	7
8014	5
8015	6
8016	14
8017	6
8018	7
8019	7
8020	11
8021	9
8022	12
8023	6
8024	6
8025	11
8026	6
8027	4
8028	12
8029	11
8030	15
8031	13
8032	14
8033	11
8034	6
8035	8
8036	9
8037	7
8038	10
8039	6
8040	13
8041	5
8042	10
8043	6
8044	10
8045	9
8046	10
8047	8
8048	8
8049	8
8050	5
8051	6
8052	4
8053	5
8054	11
8055	16
8056	17
8057	6
8058	4
8059	10
8060	9
8061	10
8062	4
8063	13
8064	6
8065	8
8066	7
8067	10
8068	5
8069	8
8070	6
8071	7
8072	12
8073	9
8074	7
8075	11
8076	13
8077	5
8078	12
8079	16
8080	8
8081	9
8082	11
8083	15
8084	9
8085	4
8086	5
8087	8
8088	8
8089	10
8090	10
8091	6
8092	2
8093	7
8094	4
8095	5
8096	11
8097	11
8098	6
8099	11
8100	9
8101	15
8102	9
8103	13
8104	10
8105	9
8106	9
8107	8
8108	6
8109	7
8110	9
8111	5
8112	6
8113	7
8114	11
8115	7
8116	6
8117	6
8118	10
8119	9
8120	9
8121	13
8122	8
8123	11
8124	10
8125	9
8126	13
8127	10
8128	11
8129	4
8130	6
8131	7
8132	10
8133	8
8134	7
8135	11
8136	2
8137	7
8138	5
8139	13
8140	12
8141	6
8142	8
8143	6
8144	9
8145	8
8146	7
8147	10
8148	7
8149	13
8150	11
8151	5
8152	10
8153	10
8154	10
8155	6
8156	5
8157	5
8158	11
8159	9
8160	6
8161	2
8162	0
8163	0
8164	0
8165	0
8166	0
8167	0
8168	0
8169	0
8170	0
8171	0
8172	0
8173	0
8174	0
8175	0
8176	0
8177	0
8178	0
8179	0
8180	0
8181	0
8182	0
8183	0
8184	0
8185	0
8186	0
8187	0
8188	0
8189	0
8190	0
8191	0
