0	0
1	0
2	0
3	0
4	0
5	0
6	0
7	0
8	0
9	0
10	0
11	0
12	0
13	0
14	0
15	0
16	0
17	0
18	0
19	0
20	0
21	0
22	0
23	0
24	0
25	0
26	0
27	0
28	0
29	0
30	0
31	0
32	0
33	0
34	0
35	0
36	0
37	0
38	0
39	0
40	0
41	0
42	0
43	0
44	0
45	0
46	0
47	0
48	0
49	0
50	0
51	0
52	0
53	0
54	0
55	0
56	0
57	0
58	0
59	0
60	0
61	0
62	0
63	0
64	0
65	0
66	0
67	0
68	0
69	0
70	0
71	0
72	0
73	0
74	0
75	0
76	0
77	0
78	0
79	0
80	0
81	0
82	0
83	0
84	0
85	0
86	0
87	0
88	0
89	0
90	0
91	0
92	0
93	0
94	0
95	0
96	0
97	0
98	0
99	0
100	0
101	0
102	0
103	0
104	0
105	0
106	0
107	0
108	0
109	0
110	0
111	0
112	0
113	0
114	0
115	0
116	0
117	0
118	0
119	0
120	0
121	0
122	0
123	0
124	0
125	0
126	0
127	0
128	0
129	0
130	0
131	0
132	0
133	0
134	0
135	0
136	0
137	0
138	0
139	0
140	0
141	0
142	0
143	0
144	0
145	0
146	0
147	0
148	0
149	0
150	0
151	0
152	0
153	0
154	0
155	0
156	0
157	0
158	0
159	0
160	0
161	0
162	0
163	0
164	0
165	0
166	0
167	0
168	0
169	0
170	0
171	0
172	0
173	0
174	1
175	1
176	7
177	90
178	397
179	691
180	719
181	747
182	736
183	788
184	756
185	744
186	735
187	761
188	803
189	728
190	737
191	740
192	803
193	751
194	781
195	707
196	776
197	733
198	728
199	740
200	722
201	723
202	753
203	748
204	723
205	718
206	690
207	748
208	701
209	710
210	697
211	726
212	707
213	699
214	732
215	675
216	735
217	710
218	745
219	696
220	695
221	746
222	728
223	734
224	696
225	692
226	701
227	672
228	722
229	730
230	710
231	721
232	696
233	716
234	672
235	670
236	717
237	691
238	713
239	680
240	692
241	675
242	689
243	708
244	707
245	671
246	642
247	692
248	646
249	673
250	666
251	706
252	695
253	692
254	668
255	671
256	662
257	680
258	681
259	683
260	715
261	708
262	655
263	635
264	731
265	710
266	661
267	648
268	656
269	639
270	670
271	646
272	665
273	684
274	693
275	642
276	661
277	689
278	667
279	651
280	639
281	675
282	699
283	627
284	646
285	679
286	655
287	629
288	662
289	613
290	675
291	686
292	684
293	668
294	626
295	613
296	690
297	704
298	675
299	656
300	702
301	653
302	631
303	640
304	664
305	629
306	654
307	663
308	647
309	675
310	617
311	633
312	658
313	704
314	631
315	657
316	660
317	635
318	634
319	642
320	652
321	624
322	611
323	633
324	665
325	660
326	612
327	666
328	693
329	667
330	619
331	686
332	682
333	631
334	636
335	603
336	598
337	619
338	661
339	674
340	636
341	633
342	615
343	632
344	645
345	604
346	645
347	658
348	629
349	689
350	636
351	618
352	664
353	600
354	629
355	630
356	684
357	632
358	639
359	672
360	639
361	648
362	666
363	611
364	683
365	655
366	683
367	660
368	673
369	641
370	726
371	727
372	757
373	705
374	721
375	730
376	699
377	736
378	655
379	693
380	773
381	732
382	747
383	741
384	762
385	828
386	778
387	718
388	724
389	691
390	658
391	729
392	621
393	640
394	585
395	633
396	628
397	635
398	661
399	614
400	603
401	629
402	634
403	666
404	636
405	672
406	586
407	627
408	636
409	659
410	612
411	651
412	566
413	655
414	657
415	608
416	659
417	645
418	641
419	639
420	623
421	654
422	597
423	638
424	642
425	634
426	659
427	672
428	620
429	678
430	750
431	660
432	707
433	657
434	727
435	760
436	722
437	738
438	821
439	730
440	674
441	651
442	698
443	610
444	665
445	669
446	623
447	723
448	641
449	643
450	624
451	605
452	639
453	635
454	593
455	636
456	651
457	641
458	649
459	608
460	557
461	659
462	631
463	614
464	592
465	610
466	660
467	628
468	603
469	643
470	629
471	604
472	633
473	575
474	597
475	633
476	629
477	622
478	607
479	612
480	614
481	628
482	643
483	594
484	595
485	653
486	578
487	608
488	649
489	585
490	639
491	597
492	617
493	621
494	593
495	639
496	633
497	604
498	606
499	590
500	591
501	602
502	615
503	596
504	658
505	623
506	621
507	638
508	583
509	603
510	663
511	631
512	627
513	653
514	576
515	601
516	605
517	634
518	593
519	613
520	637
521	628
522	629
523	618
524	594
525	572
526	628
527	610
528	577
529	635
530	656
531	611
532	626
533	635
534	617
535	587
536	667
537	645
538	607
539	647
540	628
541	635
542	590
543	605
544	565
545	628
546	621
547	583
548	657
549	615
550	589
551	623
552	599
553	547
554	587
555	638
556	610
557	619
558	588
559	606
560	646
561	599
562	649
563	652
564	652
565	589
566	606
567	595
568	577
569	603
570	636
571	644
572	609
573	561
574	615
575	659
576	633
577	601
578	621
579	611
580	628
581	632
582	637
583	659
584	627
585	631
586	628
587	683
588	602
589	632
590	580
591	626
592	634
593	611
594	607
595	615
596	598
597	604
598	657
599	634
600	608
601	643
602	677
603	621
604	624
605	630
606	617
607	633
608	638
609	683
610	637
611	622
612	663
613	618
614	656
615	680
616	662
617	587
618	600
619	607
620	629
621	641
622	629
623	626
624	647
625	636
626	621
627	629
628	602
629	643
630	646
631	646
632	665
633	607
634	630
635	672
636	626
637	625
638	627
639	595
640	656
641	575
642	707
643	637
644	688
645	660
646	610
647	661
648	643
649	673
650	609
651	631
652	645
653	627
654	708
655	637
656	614
657	618
658	632
659	624
660	661
661	608
662	647
663	633
664	640
665	679
666	631
667	622
668	659
669	600
670	660
671	677
672	647
673	690
674	608
675	634
676	640
677	667
678	656
679	585
680	637
681	622
682	665
683	634
684	652
685	625
686	661
687	675
688	651
689	648
690	646
691	649
692	616
693	647
694	653
695	654
696	653
697	629
698	651
699	660
700	671
701	651
702	634
703	629
704	652
705	643
706	605
707	611
708	662
709	625
710	600
711	694
712	582
713	639
714	650
715	616
716	641
717	640
718	623
719	686
720	665
721	669
722	606
723	614
724	637
725	650
726	639
727	571
728	636
729	643
730	644
731	648
732	622
733	602
734	641
735	621
736	572
737	633
738	643
739	615
740	609
741	587
742	611
743	626
744	605
745	628
746	607
747	648
748	633
749	631
750	672
751	658
752	618
753	637
754	658
755	639
756	584
757	666
758	636
759	633
760	618
761	644
762	660
763	559
764	599
765	648
766	626
767	653
768	631
769	642
770	649
771	613
772	596
773	620
774	650
775	569
776	590
777	688
778	615
779	692
780	657
781	638
782	606
783	654
784	623
785	620
786	606
787	637
788	625
789	625
790	681
791	647
792	626
793	608
794	609
795	593
796	650
797	590
798	597
799	626
800	617
801	617
802	644
803	601
804	559
805	594
806	637
807	623
808	603
809	686
810	567
811	597
812	622
813	611
814	607
815	644
816	627
817	606
818	659
819	613
820	635
821	630
822	636
823	601
824	622
825	641
826	653
827	619
828	655
829	642
830	599
831	625
832	619
833	648
834	647
835	646
836	649
837	599
838	640
839	640
840	651
841	605
842	633
843	621
844	615
845	619
846	676
847	633
848	650
849	640
850	642
851	652
852	630
853	605
854	644
855	635
856	611
857	626
858	610
859	610
860	594
861	703
862	639
863	606
864	611
865	612
866	654
867	594
868	574
869	618
870	613
871	616
872	640
873	633
874	644
875	625
876	612
877	612
878	596
879	633
880	637
881	612
882	646
883	638
884	602
885	576
886	623
887	643
888	617
889	633
890	634
891	625
892	639
893	616
894	608
895	609
896	644
897	632
898	671
899	619
900	650
901	614
902	675
903	658
904	634
905	630
906	626
907	675
908	594
909	602
910	618
911	643
912	598
913	634
914	640
915	640
916	620
917	603
918	622
919	611
920	613
921	675
922	623
923	624
924	619
925	635
926	590
927	664
928	614
929	617
930	648
931	633
932	661
933	677
934	637
935	647
936	646
937	623
938	635
939	668
940	663
941	700
942	651
943	679
944	679
945	687
946	671
947	709
948	671
949	712
950	718
951	685
952	703
953	753
954	700
955	716
956	754
957	690
958	708
959	772
960	766
961	734
962	801
963	769
964	836
965	785
966	835
967	808
968	807
969	848
970	779
971	833
972	851
973	808
974	834
975	851
976	826
977	800
978	814
979	808
980	816
981	849
982	821
983	785
984	834
985	807
986	717
987	800
988	797
989	770
990	769
991	756
992	749
993	773
994	732
995	726
996	756
997	752
998	776
999	760
1000	715
1001	704
1002	749
1003	757
1004	715
1005	731
1006	731
1007	736
1008	736
1009	724
1010	764
1011	811
1012	785
1013	755
1014	723
1015	724
1016	785
1017	693
1018	719
1019	698
1020	725
1021	735
1022	729
1023	756
1024	701
1025	733
1026	709
1027	735
1028	706
1029	646
1030	734
1031	703
1032	649
1033	686
1034	757
1035	677
1036	708
1037	723
1038	706
1039	745
1040	710
1041	701
1042	707
1043	693
1044	745
1045	649
1046	678
1047	726
1048	689
1049	660
1050	635
1051	649
1052	716
1053	687
1054	694
1055	622
1056	748
1057	695
1058	680
1059	674
1060	680
1061	676
1062	701
1063	730
1064	722
1065	641
1066	695
1067	641
1068	666
1069	709
1070	678
1071	662
1072	680
1073	677
1074	702
1075	690
1076	655
1077	669
1078	632
1079	660
1080	676
1081	672
1082	692
1083	719
1084	646
1085	686
1086	645
1087	655
1088	676
1089	697
1090	669
1091	679
1092	664
1093	660
1094	647
1095	661
1096	663
1097	661
1098	664
1099	650
1100	646
1101	664
1102	656
1103	629
1104	667
1105	657
1106	636
1107	639
1108	641
1109	637
1110	677
1111	678
1112	652
1113	698
1114	659
1115	649
1116	631
1117	664
1118	635
1119	640
1120	666
1121	630
1122	633
1123	623
1124	653
1125	672
1126	688
1127	622
1128	601
1129	678
1130	654
1131	679
1132	631
1133	627
1134	593
1135	643
1136	636
1137	650
1138	645
1139	637
1140	674
1141	641
1142	613
1143	655
1144	647
1145	605
1146	594
1147	619
1148	679
1149	630
1150	626
1151	659
1152	610
1153	638
1154	670
1155	620
1156	624
1157	623
1158	615
1159	632
1160	627
1161	648
1162	577
1163	671
1164	604
1165	605
1166	630
1167	647
1168	633
1169	671
1170	628
1171	672
1172	631
1173	632
1174	625
1175	616
1176	579
1177	644
1178	601
1179	637
1180	671
1181	663
1182	579
1183	651
1184	628
1185	689
1186	649
1187	643
1188	633
1189	638
1190	605
1191	668
1192	655
1193	619
1194	618
1195	656
1196	640
1197	655
1198	625
1199	608
1200	642
1201	633
1202	648
1203	648
1204	609
1205	671
1206	640
1207	632
1208	638
1209	616
1210	615
1211	642
1212	622
1213	621
1214	627
1215	654
1216	619
1217	653
1218	584
1219	669
1220	624
1221	624
1222	650
1223	639
1224	630
1225	666
1226	629
1227	709
1228	616
1229	647
1230	641
1231	663
1232	616
1233	598
1234	614
1235	599
1236	665
1237	658
1238	548
1239	622
1240	637
1241	650
1242	580
1243	677
1244	667
1245	654
1246	635
1247	592
1248	622
1249	628
1250	647
1251	633
1252	644
1253	654
1254	652
1255	656
1256	656
1257	625
1258	636
1259	612
1260	664
1261	624
1262	653
1263	696
1264	655
1265	666
1266	637
1267	658
1268	654
1269	670
1270	676
1271	606
1272	646
1273	695
1274	635
1275	609
1276	625
1277	652
1278	623
1279	638
1280	648
1281	674
1282	643
1283	654
1284	667
1285	624
1286	626
1287	627
1288	633
1289	638
1290	620
1291	653
1292	637
1293	621
1294	652
1295	618
1296	614
1297	615
1298	596
1299	651
1300	595
1301	599
1302	618
1303	629
1304	658
1305	636
1306	612
1307	626
1308	630
1309	646
1310	592
1311	627
1312	655
1313	616
1314	645
1315	640
1316	660
1317	598
1318	676
1319	618
1320	601
1321	596
1322	594
1323	619
1324	603
1325	616
1326	659
1327	662
1328	654
1329	600
1330	606
1331	616
1332	610
1333	609
1334	585
1335	603
1336	663
1337	634
1338	606
1339	584
1340	637
1341	610
1342	599
1343	617
1344	569
1345	602
1346	596
1347	612
1348	610
1349	605
1350	613
1351	577
1352	606
1353	615
1354	606
1355	627
1356	655
1357	583
1358	617
1359	568
1360	617
1361	602
1362	601
1363	598
1364	567
1365	578
1366	592
1367	583
1368	564
1369	572
1370	604
1371	619
1372	619
1373	628
1374	554
1375	587
1376	628
1377	608
1378	573
1379	564
1380	617
1381	579
1382	583
1383	621
1384	579
1385	588
1386	586
1387	598
1388	595
1389	605
1390	629
1391	542
1392	608
1393	601
1394	600
1395	588
1396	570
1397	567
1398	596
1399	603
1400	609
1401	527
1402	582
1403	619
1404	592
1405	576
1406	583
1407	582
1408	587
1409	586
1410	596
1411	574
1412	608
1413	588
1414	626
1415	565
1416	556
1417	616
1418	576
1419	551
1420	566
1421	577
1422	551
1423	576
1424	548
1425	609
1426	573
1427	541
1428	583
1429	587
1430	573
1431	515
1432	543
1433	566
1434	591
1435	545
1436	568
1437	549
1438	554
1439	575
1440	533
1441	592
1442	575
1443	563
1444	602
1445	570
1446	560
1447	591
1448	577
1449	496
1450	528
1451	584
1452	572
1453	533
1454	524
1455	571
1456	574
1457	554
1458	562
1459	544
1460	580
1461	545
1462	578
1463	534
1464	570
1465	521
1466	546
1467	560
1468	558
1469	545
1470	548
1471	522
1472	557
1473	548
1474	543
1475	499
1476	550
1477	534
1478	569
1479	545
1480	561
1481	558
1482	516
1483	567
1484	518
1485	538
1486	537
1487	549
1488	567
1489	568
1490	499
1491	569
1492	537
1493	524
1494	573
1495	574
1496	553
1497	549
1498	562
1499	558
1500	531
1501	528
1502	544
1503	551
1504	575
1505	514
1506	574
1507	497
1508	550
1509	595
1510	558
1511	556
1512	551
1513	579
1514	505
1515	533
1516	554
1517	566
1518	556
1519	554
1520	567
1521	548
1522	545
1523	501
1524	524
1525	590
1526	528
1527	554
1528	513
1529	530
1530	527
1531	558
1532	574
1533	489
1534	507
1535	550
1536	567
1537	571
1538	536
1539	530
1540	531
1541	566
1542	551
1543	516
1544	542
1545	533
1546	523
1547	493
1548	505
1549	534
1550	521
1551	527
1552	570
1553	539
1554	488
1555	551
1556	567
1557	507
1558	573
1559	525
1560	513
1561	547
1562	486
1563	514
1564	528
1565	506
1566	494
1567	515
1568	530
1569	522
1570	496
1571	542
1572	512
1573	540
1574	502
1575	502
1576	544
1577	536
1578	478
1579	492
1580	483
1581	516
1582	501
1583	537
1584	529
1585	545
1586	519
1587	550
1588	524
1589	539
1590	548
1591	495
1592	550
1593	502
1594	529
1595	482
1596	539
1597	533
1598	507
1599	513
1600	479
1601	493
1602	507
1603	498
1604	472
1605	487
1606	499
1607	521
1608	472
1609	534
1610	483
1611	473
1612	495
1613	506
1614	487
1615	531
1616	503
1617	510
1618	507
1619	515
1620	515
1621	521
1622	587
1623	530
1624	484
1625	511
1626	513
1627	486
1628	499
1629	522
1630	535
1631	518
1632	497
1633	525
1634	514
1635	508
1636	466
1637	498
1638	494
1639	506
1640	468
1641	509
1642	504
1643	535
1644	486
1645	485
1646	528
1647	462
1648	519
1649	521
1650	524
1651	532
1652	515
1653	499
1654	510
1655	465
1656	518
1657	530
1658	543
1659	492
1660	501
1661	501
1662	529
1663	521
1664	507
1665	480
1666	511
1667	470
1668	513
1669	465
1670	455
1671	489
1672	496
1673	482
1674	493
1675	529
1676	486
1677	515
1678	528
1679	533
1680	533
1681	494
1682	468
1683	502
1684	518
1685	500
1686	476
1687	525
1688	487
1689	472
1690	516
1691	509
1692	523
1693	531
1694	494
1695	513
1696	470
1697	521
1698	518
1699	483
1700	514
1701	478
1702	503
1703	492
1704	534
1705	543
1706	465
1707	500
1708	514
1709	480
1710	512
1711	499
1712	529
1713	492
1714	498
1715	488
1716	472
1717	501
1718	494
1719	502
1720	472
1721	417
1722	508
1723	513
1724	519
1725	482
1726	524
1727	484
1728	504
1729	483
1730	521
1731	504
1732	482
1733	502
1734	523
1735	494
1736	498
1737	494
1738	476
1739	488
1740	468
1741	528
1742	507
1743	488
1744	478
1745	498
1746	497
1747	494
1748	487
1749	491
1750	496
1751	490
1752	474
1753	544
1754	481
1755	508
1756	485
1757	464
1758	495
1759	548
1760	472
1761	508
1762	454
1763	460
1764	465
1765	506
1766	483
1767	466
1768	459
1769	494
1770	511
1771	498
1772	465
1773	529
1774	524
1775	485
1776	519
1777	509
1778	488
1779	470
1780	503
1781	495
1782	533
1783	489
1784	498
1785	486
1786	518
1787	520
1788	466
1789	465
1790	543
1791	505
1792	500
1793	468
1794	492
1795	486
1796	506
1797	518
1798	474
1799	498
1800	487
1801	525
1802	518
1803	490
1804	508
1805	504
1806	489
1807	488
1808	492
1809	504
1810	496
1811	488
1812	502
1813	478
1814	518
1815	494
1816	480
1817	472
1818	495
1819	521
1820	445
1821	481
1822	469
1823	492
1824	484
1825	479
1826	490
1827	512
1828	492
1829	521
1830	452
1831	543
1832	494
1833	496
1834	494
1835	482
1836	496
1837	486
1838	490
1839	453
1840	478
1841	494
1842	499
1843	482
1844	492
1845	476
1846	481
1847	492
1848	449
1849	483
1850	503
1851	499
1852	457
1853	496
1854	450
1855	480
1856	484
1857	541
1858	506
1859	502
1860	450
1861	516
1862	521
1863	481
1864	486
1865	491
1866	515
1867	485
1868	483
1869	479
1870	482
1871	480
1872	462
1873	494
1874	512
1875	487
1876	510
1877	531
1878	455
1879	530
1880	511
1881	488
1882	493
1883	500
1884	508
1885	484
1886	509
1887	521
1888	493
1889	496
1890	458
1891	435
1892	464
1893	494
1894	467
1895	476
1896	481
1897	497
1898	487
1899	490
1900	505
1901	498
1902	469
1903	510
1904	490
1905	496
1906	496
1907	505
1908	476
1909	485
1910	504
1911	541
1912	500
1913	500
1914	529
1915	466
1916	517
1917	481
1918	497
1919	505
1920	519
1921	507
1922	502
1923	497
1924	453
1925	482
1926	511
1927	526
1928	499
1929	517
1930	448
1931	546
1932	521
1933	512
1934	526
1935	518
1936	503
1937	507
1938	494
1939	499
1940	487
1941	508
1942	532
1943	476
1944	493
1945	460
1946	491
1947	508
1948	473
1949	497
1950	496
1951	505
1952	529
1953	480
1954	543
1955	434
1956	474
1957	546
1958	490
1959	530
1960	526
1961	485
1962	499
1963	505
1964	480
1965	501
1966	506
1967	490
1968	466
1969	523
1970	488
1971	493
1972	475
1973	507
1974	471
1975	504
1976	484
1977	519
1978	496
1979	500
1980	499
1981	498
1982	488
1983	502
1984	484
1985	513
1986	513
1987	522
1988	520
1989	489
1990	479
1991	449
1992	494
1993	474
1994	513
1995	472
1996	537
1997	499
1998	484
1999	494
2000	483
2001	505
2002	541
2003	525
2004	497
2005	505
2006	511
2007	476
2008	531
2009	480
2010	511
2011	511
2012	552
2013	559
2014	520
2015	527
2016	498
2017	483
2018	510
2019	535
2020	473
2021	536
2022	516
2023	475
2024	512
2025	491
2026	486
2027	491
2028	515
2029	522
2030	503
2031	534
2032	519
2033	502
2034	549
2035	507
2036	508
2037	498
2038	471
2039	537
2040	488
2041	512
2042	498
2043	514
2044	547
2045	479
2046	531
2047	494
2048	519
2049	548
2050	499
2051	497
2052	505
2053	550
2054	554
2055	504
2056	480
2057	501
2058	517
2059	533
2060	471
2061	536
2062	505
2063	535
2064	485
2065	505
2066	561
2067	537
2068	488
2069	548
2070	574
2071	501
2072	551
2073	517
2074	510
2075	519
2076	506
2077	503
2078	571
2079	538
2080	520
2081	574
2082	524
2083	532
2084	545
2085	522
2086	521
2087	494
2088	535
2089	532
2090	507
2091	502
2092	562
2093	516
2094	541
2095	504
2096	557
2097	548
2098	493
2099	538
2100	516
2101	498
2102	484
2103	519
2104	513
2105	533
2106	478
2107	482
2108	517
2109	534
2110	523
2111	510
2112	576
2113	532
2114	529
2115	538
2116	531
2117	476
2118	589
2119	560
2120	520
2121	555
2122	509
2123	526
2124	567
2125	536
2126	529
2127	539
2128	549
2129	526
2130	543
2131	518
2132	548
2133	535
2134	551
2135	509
2136	550
2137	471
2138	556
2139	577
2140	538
2141	532
2142	540
2143	479
2144	531
2145	575
2146	534
2147	503
2148	513
2149	541
2150	549
2151	519
2152	536
2153	572
2154	517
2155	523
2156	553
2157	546
2158	562
2159	526
2160	548
2161	577
2162	521
2163	533
2164	543
2165	535
2166	577
2167	551
2168	557
2169	545
2170	551
2171	544
2172	543
2173	538
2174	514
2175	545
2176	586
2177	516
2178	571
2179	525
2180	557
2181	572
2182	523
2183	519
2184	528
2185	576
2186	631
2187	582
2188	532
2189	523
2190	558
2191	587
2192	590
2193	562
2194	574
2195	533
2196	568
2197	542
2198	594
2199	550
2200	572
2201	575
2202	556
2203	554
2204	596
2205	589
2206	577
2207	598
2208	616
2209	599
2210	590
2211	562
2212	600
2213	511
2214	591
2215	575
2216	528
2217	596
2218	578
2219	538
2220	557
2221	570
2222	603
2223	577
2224	566
2225	589
2226	572
2227	595
2228	608
2229	556
2230	562
2231	614
2232	583
2233	581
2234	577
2235	602
2236	510
2237	573
2238	594
2239	593
2240	621
2241	570
2242	556
2243	601
2244	583
2245	583
2246	601
2247	577
2248	582
2249	594
2250	590
2251	600
2252	588
2253	607
2254	610
2255	552
2256	556
2257	601
2258	586
2259	609
2260	616
2261	619
2262	560
2263	629
2264	632
2265	632
2266	591
2267	617
2268	586
2269	551
2270	601
2271	594
2272	648
2273	556
2274	600
2275	599
2276	620
2277	575
2278	591
2279	615
2280	612
2281	640
2282	615
2283	639
2284	570
2285	615
2286	628
2287	608
2288	581
2289	609
2290	591
2291	607
2292	627
2293	609
2294	600
2295	569
2296	620
2297	584
2298	603
2299	638
2300	586
2301	600
2302	626
2303	636
2304	619
2305	649
2306	574
2307	628
2308	614
2309	638
2310	596
2311	651
2312	636
2313	612
2314	660
2315	641
2316	647
2317	606
2318	651
2319	626
2320	598
2321	626
2322	629
2323	603
2324	618
2325	652
2326	655
2327	596
2328	646
2329	639
2330	599
2331	634
2332	606
2333	623
2334	628
2335	624
2336	644
2337	640
2338	640
2339	681
2340	656
2341	634
2342	661
2343	616
2344	641
2345	664
2346	607
2347	625
2348	561
2349	637
2350	650
2351	635
2352	613
2353	635
2354	663
2355	643
2356	678
2357	644
2358	655
2359	584
2360	638
2361	621
2362	680
2363	689
2364	672
2365	623
2366	678
2367	661
2368	657
2369	702
2370	648
2371	662
2372	703
2373	646
2374	616
2375	665
2376	702
2377	637
2378	623
2379	675
2380	602
2381	642
2382	662
2383	662
2384	657
2385	660
2386	644
2387	650
2388	697
2389	674
2390	645
2391	660
2392	694
2393	698
2394	669
2395	686
2396	700
2397	651
2398	703
2399	696
2400	668
2401	655
2402	671
2403	668
2404	641
2405	721
2406	702
2407	681
2408	661
2409	688
2410	696
2411	714
2412	624
2413	671
2414	643
2415	702
2416	664
2417	709
2418	702
2419	681
2420	663
2421	710
2422	696
2423	664
2424	638
2425	686
2426	702
2427	685
2428	727
2429	699
2430	712
2431	667
2432	667
2433	699
2434	641
2435	686
2436	668
2437	676
2438	725
2439	681
2440	691
2441	687
2442	664
2443	701
2444	712
2445	665
2446	675
2447	678
2448	711
2449	717
2450	709
2451	670
2452	705
2453	681
2454	670
2455	691
2456	649
2457	675
2458	643
2459	714
2460	731
2461	688
2462	687
2463	689
2464	664
2465	699
2466	713
2467	627
2468	733
2469	686
2470	659
2471	687
2472	741
2473	741
2474	692
2475	694
2476	698
2477	718
2478	657
2479	720
2480	679
2481	677
2482	675
2483	675
2484	675
2485	698
2486	720
2487	656
2488	700
2489	641
2490	690
2491	664
2492	680
2493	658
2494	679
2495	650
2496	666
2497	646
2498	663
2499	685
2500	641
2501	709
2502	652
2503	656
2504	679
2505	654
2506	619
2507	608
2508	651
2509	637
2510	625
2511	597
2512	683
2513	612
2514	591
2515	636
2516	568
2517	555
2518	622
2519	582
2520	565
2521	580
2522	557
2523	567
2524	606
2525	525
2526	538
2527	512
2528	540
2529	498
2530	517
2531	459
2532	499
2533	486
2534	468
2535	519
2536	486
2537	488
2538	467
2539	455
2540	453
2541	467
2542	431
2543	454
2544	492
2545	422
2546	450
2547	469
2548	428
2549	445
2550	402
2551	424
2552	425
2553	423
2554	420
2555	398
2556	418
2557	435
2558	421
2559	403
2560	399
2561	422
2562	452
2563	405
2564	399
2565	422
2566	428
2567	412
2568	410
2569	419
2570	387
2571	416
2572	385
2573	386
2574	416
2575	399
2576	413
2577	396
2578	380
2579	382
2580	414
2581	392
2582	396
2583	336
2584	392
2585	379
2586	359
2587	392
2588	366
2589	343
2590	359
2591	348
2592	377
2593	387
2594	417
2595	355
2596	355
2597	357
2598	371
2599	342
2600	354
2601	337
2602	330
2603	366
2604	346
2605	352
2606	339
2607	337
2608	365
2609	338
2610	364
2611	309
2612	366
2613	335
2614	356
2615	329
2616	346
2617	337
2618	327
2619	357
2620	318
2621	362
2622	317
2623	325
2624	329
2625	323
2626	334
2627	307
2628	336
2629	328
2630	320
2631	328
2632	368
2633	334
2634	345
2635	349
2636	319
2637	308
2638	314
2639	312
2640	325
2641	319
2642	275
2643	346
2644	348
2645	330
2646	326
2647	296
2648	329
2649	343
2650	307
2651	307
2652	309
2653	306
2654	316
2655	322
2656	313
2657	311
2658	305
2659	287
2660	289
2661	280
2662	313
2663	293
2664	293
2665	318
2666	338
2667	293
2668	286
2669	334
2670	283
2671	319
2672	298
2673	314
2674	319
2675	333
2676	303
2677	267
2678	268
2679	281
2680	282
2681	310
2682	309
2683	290
2684	340
2685	285
2686	267
2687	297
2688	302
2689	309
2690	316
2691	301
2692	295
2693	332
2694	292
2695	279
2696	287
2697	282
2698	275
2699	278
2700	260
2701	301
2702	301
2703	309
2704	290
2705	286
2706	321
2707	299
2708	286
2709	285
2710	259
2711	301
2712	262
2713	254
2714	259
2715	277
2716	252
2717	237
2718	278
2719	291
2720	276
2721	279
2722	285
2723	252
2724	297
2725	284
2726	268
2727	256
2728	257
2729	280
2730	255
2731	258
2732	268
2733	250
2734	237
2735	271
2736	246
2737	269
2738	258
2739	250
2740	250
2741	256
2742	260
2743	264
2744	237
2745	239
2746	253
2747	267
2748	241
2749	252
2750	254
2751	237
2752	220
2753	241
2754	257
2755	215
2756	239
2757	248
2758	241
2759	239
2760	214
2761	266
2762	239
2763	229
2764	263
2765	231
2766	239
2767	202
2768	215
2769	241
2770	233
2771	220
2772	221
2773	223
2774	211
2775	245
2776	219
2777	207
2778	230
2779	230
2780	237
2781	224
2782	237
2783	225
2784	209
2785	195
2786	227
2787	217
2788	236
2789	214
2790	200
2791	220
2792	228
2793	226
2794	185
2795	218
2796	212
2797	230
2798	231
2799	191
2800	203
2801	229
2802	213
2803	186
2804	233
2805	216
2806	205
2807	236
2808	193
2809	187
2810	190
2811	207
2812	225
2813	218
2814	210
2815	190
2816	173
2817	203
2818	209
2819	204
2820	190
2821	214
2822	239
2823	216
2824	204
2825	217
2826	196
2827	215
2828	190
2829	197
2830	178
2831	197
2832	199
2833	203
2834	198
2835	200
2836	194
2837	194
2838	207
2839	201
2840	174
2841	193
2842	214
2843	200
2844	170
2845	183
2846	178
2847	201
2848	207
2849	188
2850	191
2851	185
2852	172
2853	176
2854	175
2855	175
2856	171
2857	207
2858	183
2859	178
2860	192
2861	195
2862	189
2863	167
2864	162
2865	202
2866	161
2867	186
2868	178
2869	183
2870	179
2871	190
2872	163
2873	181
2874	162
2875	164
2876	171
2877	170
2878	171
2879	175
2880	151
2881	172
2882	173
2883	196
2884	161
2885	163
2886	141
2887	163
2888	152
2889	155
2890	161
2891	158
2892	168
2893	163
2894	159
2895	167
2896	158
2897	132
2898	141
2899	174
2900	140
2901	169
2902	175
2903	150
2904	176
2905	141
2906	152
2907	145
2908	131
2909	152
2910	135
2911	154
2912	167
2913	152
2914	157
2915	140
2916	142
2917	170
2918	162
2919	153
2920	169
2921	138
2922	148
2923	137
2924	140
2925	148
2926	146
2927	160
2928	167
2929	150
2930	149
2931	149
2932	146
2933	128
2934	117
2935	154
2936	139
2937	149
2938	150
2939	150
2940	164
2941	139
2942	143
2943	161
2944	139
2945	148
2946	162
2947	136
2948	134
2949	141
2950	136
2951	149
2952	143
2953	130
2954	159
2955	122
2956	114
2957	139
2958	139
2959	151
2960	134
2961	122
2962	146
2963	160
2964	122
2965	135
2966	134
2967	128
2968	121
2969	138
2970	130
2971	160
2972	136
2973	146
2974	140
2975	128
2976	151
2977	141
2978	134
2979	130
2980	141
2981	137
2982	147
2983	121
2984	135
2985	129
2986	149
2987	139
2988	120
2989	128
2990	131
2991	121
2992	121
2993	119
2994	128
2995	124
2996	135
2997	122
2998	119
2999	128
3000	146
3001	145
3002	129
3003	136
3004	123
3005	117
3006	91
3007	112
3008	126
3009	117
3010	129
3011	140
3012	140
3013	126
3014	118
3015	122
3016	116
3017	123
3018	138
3019	130
3020	125
3021	117
3022	115
3023	123
3024	120
3025	121
3026	134
3027	133
3028	131
3029	140
3030	118
3031	114
3032	121
3033	133
3034	124
3035	135
3036	106
3037	118
3038	119
3039	121
3040	117
3041	112
3042	126
3043	115
3044	128
3045	138
3046	117
3047	126
3048	126
3049	109
3050	117
3051	106
3052	132
3053	117
3054	102
3055	97
3056	119
3057	127
3058	117
3059	111
3060	127
3061	99
3062	122
3063	129
3064	127
3065	127
3066	119
3067	120
3068	110
3069	104
3070	97
3071	138
3072	105
3073	103
3074	99
3075	110
3076	105
3077	102
3078	126
3079	130
3080	116
3081	141
3082	118
3083	118
3084	115
3085	140
3086	134
3087	116
3088	117
3089	132
3090	111
3091	129
3092	127
3093	121
3094	116
3095	120
3096	124
3097	106
3098	117
3099	118
3100	98
3101	119
3102	126
3103	123
3104	99
3105	101
3106	114
3107	106
3108	100
3109	109
3110	95
3111	115
3112	114
3113	114
3114	115
3115	111
3116	114
3117	123
3118	127
3119	94
3120	104
3121	105
3122	123
3123	93
3124	103
3125	103
3126	113
3127	104
3128	118
3129	97
3130	124
3131	124
3132	110
3133	108
3134	126
3135	101
3136	123
3137	120
3138	110
3139	124
3140	122
3141	118
3142	100
3143	103
3144	121
3145	119
3146	103
3147	138
3148	96
3149	121
3150	105
3151	101
3152	106
3153	95
3154	121
3155	102
3156	107
3157	99
3158	103
3159	99
3160	103
3161	116
3162	110
3163	105
3164	121
3165	86
3166	107
3167	87
3168	116
3169	98
3170	113
3171	110
3172	118
3173	85
3174	105
3175	112
3176	109
3177	107
3178	100
3179	123
3180	96
3181	123
3182	95
3183	94
3184	126
3185	110
3186	120
3187	101
3188	96
3189	112
3190	112
3191	109
3192	86
3193	107
3194	78
3195	111
3196	123
3197	94
3198	91
3199	113
3200	94
3201	91
3202	90
3203	95
3204	87
3205	90
3206	90
3207	91
3208	107
3209	109
3210	104
3211	119
3212	108
3213	107
3214	113
3215	99
3216	99
3217	117
3218	93
3219	107
3220	110
3221	133
3222	113
3223	144
3224	119
3225	123
3226	121
3227	113
3228	98
3229	120
3230	90
3231	112
3232	96
3233	101
3234	108
3235	130
3236	118
3237	91
3238	97
3239	80
3240	84
3241	89
3242	75
3243	116
3244	102
3245	109
3246	97
3247	111
3248	70
3249	96
3250	110
3251	95
3252	97
3253	89
3254	88
3255	82
3256	102
3257	104
3258	93
3259	85
3260	113
3261	90
3262	92
3263	105
3264	104
3265	109
3266	105
3267	80
3268	82
3269	84
3270	92
3271	89
3272	89
3273	98
3274	98
3275	86
3276	101
3277	108
3278	106
3279	100
3280	112
3281	100
3282	93
3283	95
3284	90
3285	92
3286	96
3287	111
3288	111
3289	108
3290	115
3291	90
3292	104
3293	84
3294	94
3295	84
3296	104
3297	98
3298	99
3299	95
3300	107
3301	90
3302	92
3303	87
3304	97
3305	91
3306	95
3307	99
3308	92
3309	94
3310	99
3311	81
3312	96
3313	87
3314	101
3315	85
3316	101
3317	99
3318	108
3319	90
3320	122
3321	105
3322	80
3323	99
3324	116
3325	103
3326	101
3327	92
3328	86
3329	96
3330	102
3331	88
3332	92
3333	98
3334	104
3335	91
3336	102
3337	105
3338	115
3339	78
3340	104
3341	99
3342	78
3343	109
3344	95
3345	103
3346	89
3347	95
3348	67
3349	95
3350	88
3351	108
3352	122
3353	85
3354	86
3355	106
3356	100
3357	98
3358	101
3359	100
3360	92
3361	93
3362	96
3363	89
3364	93
3365	101
3366	92
3367	120
3368	96
3369	103
3370	117
3371	91
3372	100
3373	99
3374	99
3375	109
3376	108
3377	107
3378	113
3379	95
3380	98
3381	88
3382	99
3383	92
3384	105
3385	105
3386	91
3387	104
3388	113
3389	103
3390	95
3391	92
3392	95
3393	87
3394	80
3395	100
3396	107
3397	116
3398	115
3399	92
3400	99
3401	82
3402	100
3403	110
3404	114
3405	104
3406	87
3407	108
3408	100
3409	106
3410	86
3411	103
3412	93
3413	104
3414	117
3415	105
3416	103
3417	106
3418	114
3419	122
3420	115
3421	91
3422	123
3423	103
3424	104
3425	110
3426	124
3427	109
3428	115
3429	122
3430	113
3431	122
3432	118
3433	116
3434	81
3435	117
3436	123
3437	105
3438	106
3439	115
3440	104
3441	121
3442	101
3443	95
3444	121
3445	116
3446	129
3447	133
3448	116
3449	110
3450	125
3451	112
3452	117
3453	128
3454	122
3455	121
3456	139
3457	125
3458	121
3459	123
3460	126
3461	134
3462	135
3463	158
3464	137
3465	141
3466	136
3467	141
3468	124
3469	148
3470	162
3471	171
3472	150
3473	143
3474	140
3475	153
3476	143
3477	165
3478	181
3479	172
3480	178
3481	175
3482	229
3483	251
3484	290
3485	419
3486	559
3487	699
3488	1086
3489	1541
3490	2237
3491	3115
3492	4566
3493	6317
3494	8853
3495	11647
3496	14821
3497	18807
3498	22590
3499	26389
3500	29003
3501	30372
3502	29579
3503	27987
3504	24142
3505	19709
3506	14669
3507	10586
3508	7271
3509	4898
3510	3266
3511	2311
3512	1751
3513	1384
3514	1163
3515	990
3516	874
3517	697
3518	643
3519	559
3520	491
3521	369
3522	355
3523	286
3524	193
3525	185
3526	145
3527	109
3528	71
3529	53
3530	54
3531	42
3532	58
3533	43
3534	35
3535	48
3536	30
3537	41
3538	34
3539	19
3540	32
3541	29
3542	38
3543	28
3544	32
3545	23
3546	39
3547	26
3548	29
3549	24
3550	35
3551	32
3552	24
3553	22
3554	30
3555	27
3556	32
3557	23
3558	30
3559	32
3560	26
3561	31
3562	32
3563	20
3564	28
3565	20
3566	26
3567	28
3568	21
3569	21
3570	25
3571	18
3572	21
3573	21
3574	31
3575	22
3576	27
3577	25
3578	29
3579	23
3580	9
3581	22
3582	17
3583	18
3584	18
3585	18
3586	20
3587	18
3588	29
3589	26
3590	12
3591	19
3592	22
3593	14
3594	26
3595	28
3596	15
3597	21
3598	18
3599	18
3600	21
3601	17
3602	23
3603	24
3604	17
3605	28
3606	19
3607	18
3608	26
3609	22
3610	16
3611	25
3612	29
3613	23
3614	20
3615	24
3616	20
3617	24
3618	19
3619	12
3620	24
3621	20
3622	18
3623	23
3624	18
3625	19
3626	13
3627	24
3628	22
3629	24
3630	15
3631	24
3632	22
3633	19
3634	19
3635	25
3636	18
3637	18
3638	21
3639	16
3640	21
3641	12
3642	11
3643	21
3644	17
3645	25
3646	15
3647	15
3648	18
3649	17
3650	16
3651	15
3652	27
3653	15
3654	14
3655	17
3656	18
3657	13
3658	22
3659	17
3660	17
3661	10
3662	19
3663	13
3664	20
3665	22
3666	14
3667	15
3668	16
3669	17
3670	23
3671	20
3672	13
3673	16
3674	21
3675	14
3676	9
3677	15
3678	10
3679	21
3680	19
3681	24
3682	21
3683	17
3684	21
3685	20
3686	14
3687	14
3688	18
3689	6
3690	21
3691	23
3692	27
3693	19
3694	19
3695	26
3696	16
3697	19
3698	21
3699	16
3700	17
3701	23
3702	17
3703	21
3704	14
3705	22
3706	9
3707	11
3708	13
3709	29
3710	20
3711	18
3712	21
3713	16
3714	17
3715	13
3716	13
3717	20
3718	25
3719	17
3720	20
3721	17
3722	19
3723	20
3724	14
3725	13
3726	13
3727	19
3728	16
3729	14
3730	16
3731	19
3732	21
3733	16
3734	13
3735	11
3736	14
3737	20
3738	17
3739	18
3740	9
3741	15
3742	21
3743	19
3744	18
3745	15
3746	16
3747	16
3748	16
3749	16
3750	18
3751	11
3752	20
3753	20
3754	13
3755	22
3756	18
3757	13
3758	22
3759	17
3760	16
3761	15
3762	17
3763	14
3764	11
3765	19
3766	14
3767	15
3768	23
3769	21
3770	18
3771	11
3772	14
3773	19
3774	16
3775	16
3776	24
3777	14
3778	21
3779	18
3780	18
3781	17
3782	12
3783	13
3784	15
3785	12
3786	11
3787	13
3788	12
3789	18
3790	17
3791	20
3792	9
3793	21
3794	20
3795	20
3796	9
3797	21
3798	13
3799	14
3800	13
3801	20
3802	21
3803	15
3804	13
3805	16
3806	11
3807	17
3808	11
3809	19
3810	18
3811	12
3812	18
3813	16
3814	17
3815	10
3816	12
3817	20
3818	15
3819	9
3820	14
3821	12
3822	11
3823	14
3824	20
3825	13
3826	9
3827	16
3828	14
3829	25
3830	12
3831	12
3832	22
3833	20
3834	15
3835	18
3836	15
3837	19
3838	18
3839	14
3840	10
3841	18
3842	12
3843	14
3844	14
3845	13
3846	15
3847	15
3848	11
3849	20
3850	19
3851	23
3852	17
3853	15
3854	16
3855	17
3856	9
3857	13
3858	16
3859	24
3860	9
3861	18
3862	19
3863	12
3864	17
3865	15
3866	17
3867	20
3868	21
3869	7
3870	17
3871	23
3872	15
3873	13
3874	11
3875	16
3876	12
3877	8
3878	15
3879	18
3880	19
3881	14
3882	16
3883	13
3884	5
3885	20
3886	9
3887	19
3888	6
3889	13
3890	12
3891	20
3892	13
3893	8
3894	17
3895	14
3896	14
3897	19
3898	13
3899	15
3900	25
3901	14
3902	13
3903	17
3904	19
3905	24
3906	9
3907	10
3908	15
3909	16
3910	13
3911	17
3912	18
3913	17
3914	21
3915	14
3916	12
3917	13
3918	12
3919	18
3920	7
3921	15
3922	12
3923	14
3924	11
3925	15
3926	16
3927	14
3928	5
3929	10
3930	15
3931	15
3932	13
3933	22
3934	19
3935	12
3936	13
3937	19
3938	18
3939	15
3940	11
3941	9
3942	15
3943	13
3944	11
3945	13
3946	10
3947	23
3948	13
3949	16
3950	13
3951	19
3952	21
3953	13
3954	16
3955	12
3956	7
3957	14
3958	11
3959	21
3960	15
3961	13
3962	5
3963	19
3964	12
3965	18
3966	11
3967	14
3968	13
3969	10
3970	19
3971	19
3972	17
3973	6
3974	5
3975	20
3976	21
3977	14
3978	20
3979	16
3980	17
3981	18
3982	18
3983	20
3984	9
3985	12
3986	15
3987	12
3988	11
3989	16
3990	13
3991	16
3992	11
3993	14
3994	19
3995	10
3996	19
3997	11
3998	12
3999	22
4000	12
4001	16
4002	14
4003	14
4004	12
4005	18
4006	14
4007	11
4008	19
4009	17
4010	10
4011	11
4012	9
4013	13
4014	7
4015	14
4016	8
4017	12
4018	16
4019	16
4020	18
4021	13
4022	18
4023	11
4024	12
4025	14
4026	20
4027	14
4028	12
4029	11
4030	11
4031	14
4032	11
4033	14
4034	11
4035	20
4036	18
4037	14
4038	16
4039	13
4040	11
4041	22
4042	11
4043	11
4044	21
4045	14
4046	14
4047	17
4048	13
4049	9
4050	7
4051	11
4052	13
4053	20
4054	20
4055	11
4056	9
4057	11
4058	13
4059	13
4060	17
4061	11
4062	15
4063	18
4064	15
4065	18
4066	11
4067	10
4068	15
4069	10
4070	19
4071	12
4072	20
4073	13
4074	15
4075	15
4076	10
4077	12
4078	21
4079	15
4080	13
4081	13
4082	14
4083	20
4084	12
4085	16
4086	11
4087	8
4088	9
4089	10
4090	9
4091	11
4092	12
4093	9
4094	11
4095	16
4096	13
4097	12
4098	15
4099	18
4100	11
4101	12
4102	9
4103	14
4104	10
4105	10
4106	20
4107	15
4108	11
4109	17
4110	14
4111	15
4112	8
4113	12
4114	14
4115	18
4116	11
4117	7
4118	12
4119	10
4120	15
4121	10
4122	13
4123	9
4124	9
4125	18
4126	13
4127	20
4128	12
4129	11
4130	12
4131	12
4132	9
4133	17
4134	15
4135	13
4136	17
4137	14
4138	10
4139	8
4140	14
4141	15
4142	15
4143	19
4144	7
4145	17
4146	15
4147	12
4148	13
4149	12
4150	15
4151	16
4152	17
4153	12
4154	12
4155	16
4156	16
4157	9
4158	15
4159	14
4160	5
4161	11
4162	10
4163	10
4164	12
4165	18
4166	13
4167	14
4168	10
4169	14
4170	7
4171	11
4172	16
4173	10
4174	13
4175	11
4176	13
4177	18
4178	12
4179	13
4180	16
4181	6
4182	12
4183	10
4184	6
4185	9
4186	20
4187	13
4188	17
4189	9
4190	18
4191	12
4192	11
4193	20
4194	13
4195	7
4196	9
4197	15
4198	9
4199	12
4200	12
4201	19
4202	10
4203	12
4204	15
4205	12
4206	12
4207	13
4208	17
4209	12
4210	5
4211	9
4212	8
4213	13
4214	9
4215	10
4216	10
4217	15
4218	8
4219	15
4220	13
4221	9
4222	7
4223	14
4224	12
4225	10
4226	15
4227	15
4228	14
4229	15
4230	7
4231	17
4232	10
4233	12
4234	15
4235	9
4236	8
4237	9
4238	10
4239	14
4240	15
4241	16
4242	18
4243	12
4244	8
4245	15
4246	10
4247	12
4248	14
4249	8
4250	12
4251	14
4252	7
4253	15
4254	21
4255	17
4256	7
4257	9
4258	15
4259	9
4260	10
4261	14
4262	14
4263	14
4264	11
4265	11
4266	10
4267	8
4268	11
4269	10
4270	11
4271	10
4272	13
4273	11
4274	11
4275	11
4276	7
4277	16
4278	7
4279	4
4280	8
4281	10
4282	11
4283	7
4284	12
4285	10
4286	17
4287	10
4288	9
4289	14
4290	9
4291	10
4292	7
4293	9
4294	16
4295	12
4296	13
4297	9
4298	12
4299	5
4300	12
4301	11
4302	15
4303	11
4304	16
4305	14
4306	15
4307	11
4308	10
4309	8
4310	15
4311	13
4312	16
4313	15
4314	8
4315	10
4316	9
4317	25
4318	11
4319	11
4320	17
4321	13
4322	12
4323	12
4324	8
4325	14
4326	13
4327	12
4328	9
4329	11
4330	13
4331	13
4332	15
4333	19
4334	14
4335	13
4336	11
4337	9
4338	14
4339	8
4340	8
4341	4
4342	14
4343	19
4344	13
4345	8
4346	10
4347	11
4348	8
4349	13
4350	23
4351	15
4352	10
4353	16
4354	10
4355	9
4356	10
4357	12
4358	10
4359	9
4360	6
4361	17
4362	11
4363	6
4364	10
4365	12
4366	4
4367	13
4368	17
4369	11
4370	18
4371	9
4372	11
4373	9
4374	6
4375	10
4376	15
4377	13
4378	14
4379	10
4380	9
4381	10
4382	7
4383	12
4384	16
4385	10
4386	11
4387	15
4388	5
4389	10
4390	11
4391	12
4392	14
4393	14
4394	9
4395	7
4396	9
4397	11
4398	12
4399	7
4400	12
4401	10
4402	15
4403	12
4404	13
4405	5
4406	15
4407	14
4408	16
4409	16
4410	11
4411	13
4412	12
4413	14
4414	15
4415	7
4416	10
4417	16
4418	2
4419	5
4420	13
4421	7
4422	15
4423	13
4424	13
4425	8
4426	14
4427	11
4428	9
4429	15
4430	8
4431	14
4432	13
4433	16
4434	12
4435	13
4436	5
4437	9
4438	12
4439	8
4440	11
4441	13
4442	10
4443	18
4444	6
4445	8
4446	14
4447	13
4448	12
4449	11
4450	8
4451	13
4452	10
4453	10
4454	11
4455	13
4456	15
4457	12
4458	9
4459	17
4460	11
4461	13
4462	8
4463	10
4464	9
4465	9
4466	14
4467	10
4468	13
4469	7
4470	15
4471	8
4472	9
4473	9
4474	13
4475	14
4476	13
4477	11
4478	10
4479	10
4480	6
4481	8
4482	14
4483	14
4484	8
4485	15
4486	13
4487	16
4488	10
4489	12
4490	13
4491	8
4492	12
4493	10
4494	13
4495	11
4496	12
4497	12
4498	12
4499	13
4500	8
4501	8
4502	9
4503	8
4504	6
4505	7
4506	19
4507	10
4508	16
4509	10
4510	11
4511	11
4512	8
4513	14
4514	11
4515	13
4516	9
4517	11
4518	20
4519	8
4520	11
4521	14
4522	11
4523	14
4524	7
4525	8
4526	11
4527	10
4528	9
4529	9
4530	12
4531	10
4532	7
4533	17
4534	6
4535	12
4536	8
4537	12
4538	14
4539	11
4540	10
4541	8
4542	10
4543	8
4544	9
4545	8
4546	15
4547	9
4548	10
4549	9
4550	11
4551	4
4552	11
4553	6
4554	16
4555	13
4556	17
4557	13
4558	13
4559	5
4560	11
4561	9
4562	10
4563	7
4564	9
4565	9
4566	11
4567	10
4568	5
4569	5
4570	4
4571	14
4572	8
4573	11
4574	11
4575	11
4576	17
4577	8
4578	13
4579	12
4580	11
4581	14
4582	8
4583	9
4584	10
4585	5
4586	14
4587	10
4588	9
4589	9
4590	17
4591	13
4592	11
4593	10
4594	8
4595	6
4596	14
4597	7
4598	9
4599	7
4600	13
4601	11
4602	12
4603	9
4604	8
4605	8
4606	10
4607	12
4608	11
4609	15
4610	6
4611	8
4612	12
4613	9
4614	11
4615	8
4616	9
4617	10
4618	7
4619	9
4620	7
4621	8
4622	11
4623	5
4624	9
4625	5
4626	7
4627	5
4628	7
4629	12
4630	6
4631	13
4632	10
4633	13
4634	10
4635	13
4636	10
4637	11
4638	7
4639	9
4640	12
4641	7
4642	10
4643	11
4644	10
4645	12
4646	4
4647	8
4648	9
4649	11
4650	7
4651	10
4652	11
4653	7
4654	10
4655	9
4656	5
4657	7
4658	13
4659	12
4660	6
4661	10
4662	11
4663	10
4664	10
4665	11
4666	4
4667	12
4668	8
4669	13
4670	8
4671	12
4672	7
4673	11
4674	9
4675	18
4676	15
4677	11
4678	4
4679	13
4680	10
4681	17
4682	14
4683	2
4684	4
4685	5
4686	10
4687	11
4688	11
4689	6
4690	16
4691	9
4692	8
4693	5
4694	7
4695	14
4696	8
4697	11
4698	5
4699	15
4700	7
4701	13
4702	9
4703	14
4704	7
4705	10
4706	8
4707	8
4708	9
4709	13
4710	7
4711	8
4712	9
4713	10
4714	11
4715	12
4716	10
4717	10
4718	9
4719	10
4720	11
4721	14
4722	4
4723	11
4724	11
4725	8
4726	7
4727	15
4728	10
4729	10
4730	13
4731	5
4732	14
4733	9
4734	4
4735	8
4736	9
4737	7
4738	13
4739	9
4740	6
4741	11
4742	14
4743	8
4744	10
4745	4
4746	11
4747	9
4748	11
4749	11
4750	8
4751	11
4752	4
4753	10
4754	7
4755	8
4756	9
4757	9
4758	7
4759	12
4760	10
4761	11
4762	5
4763	9
4764	6
4765	12
4766	8
4767	5
4768	8
4769	9
4770	8
4771	9
4772	14
4773	7
4774	9
4775	12
4776	12
4777	5
4778	9
4779	15
4780	13
4781	11
4782	13
4783	7
4784	10
4785	5
4786	9
4787	6
4788	10
4789	8
4790	12
4791	7
4792	7
4793	9
4794	7
4795	9
4796	6
4797	8
4798	12
4799	9
4800	5
4801	7
4802	9
4803	9
4804	8
4805	13
4806	7
4807	7
4808	14
4809	9
4810	7
4811	9
4812	9
4813	7
4814	11
4815	14
4816	10
4817	15
4818	4
4819	3
4820	10
4821	10
4822	5
4823	12
4824	15
4825	18
4826	16
4827	12
4828	21
4829	9
4830	9
4831	12
4832	9
4833	9
4834	10
4835	9
4836	9
4837	13
4838	13
4839	13
4840	4
4841	10
4842	7
4843	9
4844	7
4845	5
4846	4
4847	6
4848	14
4849	9
4850	5
4851	8
4852	5
4853	8
4854	7
4855	8
4856	8
4857	8
4858	6
4859	5
4860	6
4861	9
4862	10
4863	8
4864	8
4865	5
4866	9
4867	7
4868	3
4869	4
4870	9
4871	4
4872	8
4873	7
4874	10
4875	9
4876	8
4877	9
4878	6
4879	4
4880	8
4881	10
4882	10
4883	3
4884	6
4885	7
4886	6
4887	7
4888	7
4889	13
4890	12
4891	4
4892	7
4893	6
4894	10
4895	8
4896	7
4897	4
4898	11
4899	9
4900	3
4901	3
4902	6
4903	5
4904	7
4905	8
4906	14
4907	8
4908	11
4909	4
4910	9
4911	8
4912	9
4913	6
4914	11
4915	12
4916	4
4917	8
4918	11
4919	7
4920	6
4921	8
4922	5
4923	10
4924	6
4925	8
4926	6
4927	5
4928	5
4929	9
4930	10
4931	6
4932	10
4933	8
4934	14
4935	6
4936	6
4937	7
4938	10
4939	13
4940	11
4941	8
4942	4
4943	9
4944	9
4945	7
4946	7
4947	8
4948	15
4949	5
4950	13
4951	4
4952	8
4953	7
4954	10
4955	5
4956	5
4957	5
4958	7
4959	9
4960	6
4961	9
4962	4
4963	5
4964	6
4965	3
4966	9
4967	6
4968	8
4969	9
4970	11
4971	3
4972	6
4973	6
4974	8
4975	4
4976	4
4977	8
4978	2
4979	10
4980	4
4981	7
4982	6
4983	7
4984	7
4985	5
4986	11
4987	9
4988	10
4989	4
4990	13
4991	11
4992	6
4993	6
4994	6
4995	7
4996	4
4997	11
4998	9
4999	16
5000	7
5001	7
5002	4
5003	4
5004	10
5005	9
5006	5
5007	5
5008	6
5009	6
5010	8
5011	10
5012	11
5013	7
5014	8
5015	8
5016	15
5017	8
5018	9
5019	9
5020	9
5021	7
5022	5
5023	10
5024	8
5025	8
5026	3
5027	4
5028	5
5029	8
5030	9
5031	3
5032	4
5033	5
5034	9
5035	7
5036	6
5037	6
5038	11
5039	4
5040	8
5041	8
5042	7
5043	9
5044	6
5045	7
5046	4
5047	7
5048	11
5049	9
5050	6
5051	7
5052	8
5053	4
5054	6
5055	6
5056	4
5057	5
5058	6
5059	7
5060	7
5061	8
5062	6
5063	5
5064	10
5065	5
5066	4
5067	4
5068	5
5069	2
5070	4
5071	8
5072	3
5073	8
5074	6
5075	4
5076	10
5077	8
5078	5
5079	9
5080	6
5081	6
5082	4
5083	10
5084	4
5085	5
5086	6
5087	2
5088	1
5089	9
5090	8
5091	6
5092	5
5093	3
5094	1
5095	6
5096	11
5097	6
5098	5
5099	7
5100	5
5101	7
5102	6
5103	6
5104	6
5105	10
5106	7
5107	6
5108	4
5109	11
5110	8
5111	9
5112	6
5113	13
5114	7
5115	6
5116	4
5117	6
5118	6
5119	5
5120	8
5121	9
5122	8
5123	8
5124	4
5125	11
5126	5
5127	4
5128	3
5129	10
5130	11
5131	9
5132	6
5133	6
5134	9
5135	16
5136	18
5137	9
5138	10
5139	8
5140	11
5141	4
5142	6
5143	5
5144	7
5145	8
5146	8
5147	8
5148	12
5149	8
5150	10
5151	4
5152	5
5153	12
5154	9
5155	6
5156	7
5157	5
5158	5
5159	7
5160	4
5161	3
5162	5
5163	2
5164	9
5165	5
5166	7
5167	11
5168	4
5169	9
5170	6
5171	5
5172	3
5173	11
5174	7
5175	6
5176	6
5177	4
5178	10
5179	7
5180	4
5181	7
5182	9
5183	11
5184	7
5185	6
5186	8
5187	8
5188	7
5189	6
5190	7
5191	3
5192	5
5193	7
5194	6
5195	8
5196	5
5197	7
5198	8
5199	4
5200	6
5201	8
5202	1
5203	3
5204	5
5205	8
5206	8
5207	6
5208	6
5209	9
5210	6
5211	6
5212	9
5213	7
5214	8
5215	7
5216	10
5217	2
5218	9
5219	3
5220	8
5221	8
5222	6
5223	3
5224	4
5225	5
5226	11
5227	7
5228	10
5229	6
5230	2
5231	9
5232	6
5233	6
5234	9
5235	6
5236	8
5237	3
5238	5
5239	11
5240	7
5241	2
5242	7
5243	3
5244	5
5245	6
5246	12
5247	7
5248	5
5249	12
5250	3
5251	8
5252	7
5253	9
5254	4
5255	3
5256	9
5257	13
5258	10
5259	6
5260	5
5261	3
5262	5
5263	6
5264	10
5265	5
5266	3
5267	8
5268	6
5269	4
5270	11
5271	3
5272	6
5273	4
5274	2
5275	3
5276	14
5277	9
5278	10
5279	8
5280	9
5281	6
5282	6
5283	2
5284	6
5285	2
5286	7
5287	5
5288	5
5289	6
5290	5
5291	3
5292	4
5293	3
5294	7
5295	8
5296	8
5297	9
5298	5
5299	8
5300	3
5301	6
5302	4
5303	11
5304	12
5305	8
5306	2
5307	6
5308	7
5309	4
5310	7
5311	3
5312	8
5313	8
5314	7
5315	6
5316	10
5317	6
5318	7
5319	4
5320	7
5321	11
5322	11
5323	3
5324	9
5325	4
5326	4
5327	5
5328	9
5329	8
5330	7
5331	9
5332	7
5333	4
5334	12
5335	5
5336	10
5337	6
5338	7
5339	6
5340	2
5341	6
5342	3
5343	3
5344	8
5345	6
5346	3
5347	8
5348	4
5349	8
5350	3
5351	5
5352	5
5353	7
5354	11
5355	9
5356	10
5357	3
5358	10
5359	4
5360	5
5361	6
5362	1
5363	7
5364	7
5365	3
5366	5
5367	7
5368	3
5369	9
5370	4
5371	4
5372	9
5373	8
5374	8
5375	6
5376	7
5377	5
5378	5
5379	4
5380	4
5381	6
5382	7
5383	5
5384	1
5385	4
5386	5
5387	6
5388	3
5389	4
5390	6
5391	2
5392	4
5393	6
5394	5
5395	1
5396	7
5397	8
5398	7
5399	13
5400	10
5401	2
5402	2
5403	7
5404	9
5405	3
5406	3
5407	11
5408	6
5409	10
5410	4
5411	4
5412	9
5413	7
5414	3
5415	10
5416	3
5417	8
5418	14
5419	4
5420	4
5421	4
5422	5
5423	3
5424	1
5425	2
5426	9
5427	5
5428	4
5429	3
5430	7
5431	4
5432	9
5433	11
5434	8
5435	6
5436	9
5437	2
5438	5
5439	7
5440	5
5441	5
5442	7
5443	5
5444	8
5445	2
5446	3
5447	3
5448	6
5449	9
5450	4
5451	11
5452	8
5453	6
5454	5
5455	8
5456	3
5457	7
5458	4
5459	5
5460	5
5461	2
5462	2
5463	3
5464	2
5465	7
5466	8
5467	8
5468	6
5469	7
5470	8
5471	3
5472	6
5473	7
5474	3
5475	5
5476	6
5477	10
5478	6
5479	3
5480	7
5481	6
5482	4
5483	5
5484	6
5485	6
5486	2
5487	5
5488	5
5489	4
5490	4
5491	5
5492	6
5493	2
5494	2
5495	6
5496	7
5497	3
5498	2
5499	7
5500	1
5501	5
5502	7
5503	9
5504	4
5505	3
5506	4
5507	4
5508	3
5509	6
5510	6
5511	6
5512	5
5513	4
5514	4
5515	8
5516	3
5517	7
5518	3
5519	4
5520	4
5521	4
5522	5
5523	5
5524	5
5525	4
5526	6
5527	6
5528	9
5529	5
5530	7
5531	2
5532	3
5533	7
5534	5
5535	2
5536	3
5537	6
5538	6
5539	7
5540	6
5541	3
5542	7
5543	5
5544	3
5545	5
5546	5
5547	3
5548	8
5549	5
5550	4
5551	10
5552	6
5553	4
5554	3
5555	2
5556	3
5557	7
5558	4
5559	2
5560	10
5561	3
5562	5
5563	6
5564	5
5565	2
5566	5
5567	8
5568	3
5569	4
5570	5
5571	5
5572	4
5573	5
5574	5
5575	1
5576	4
5577	7
5578	2
5579	5
5580	1
5581	6
5582	8
5583	10
5584	3
5585	6
5586	10
5587	3
5588	8
5589	5
5590	6
5591	5
5592	1
5593	6
5594	4
5595	3
5596	6
5597	7
5598	4
5599	10
5600	2
5601	6
5602	2
5603	6
5604	7
5605	5
5606	6
5607	9
5608	7
5609	8
5610	3
5611	2
5612	6
5613	7
5614	5
5615	7
5616	3
5617	5
5618	5
5619	5
5620	8
5621	7
5622	5
5623	3
5624	3
5625	6
5626	5
5627	5
5628	5
5629	4
5630	5
5631	8
5632	4
5633	8
5634	3
5635	6
5636	3
5637	4
5638	6
5639	5
5640	4
5641	4
5642	11
5643	2
5644	0
5645	4
5646	6
5647	0
5648	12
5649	5
5650	8
5651	2
5652	1
5653	5
5654	6
5655	6
5656	2
5657	6
5658	3
5659	3
5660	5
5661	1
5662	5
5663	4
5664	10
5665	5
5666	3
5667	11
5668	8
5669	10
5670	8
5671	4
5672	5
5673	5
5674	5
5675	6
5676	4
5677	4
5678	5
5679	9
5680	6
5681	4
5682	3
5683	7
5684	6
5685	4
5686	2
5687	5
5688	5
5689	7
5690	1
5691	4
5692	6
5693	4
5694	2
5695	4
5696	4
5697	4
5698	6
5699	2
5700	2
5701	7
5702	8
5703	4
5704	3
5705	4
5706	6
5707	1
5708	6
5709	5
5710	8
5711	3
5712	6
5713	3
5714	5
5715	4
5716	2
5717	2
5718	7
5719	1
5720	3
5721	9
5722	3
5723	7
5724	4
5725	2
5726	5
5727	4
5728	4
5729	4
5730	7
5731	8
5732	6
5733	4
5734	7
5735	2
5736	4
5737	4
5738	1
5739	4
5740	11
5741	6
5742	6
5743	4
5744	5
5745	7
5746	5
5747	4
5748	6
5749	3
5750	3
5751	6
5752	7
5753	4
5754	4
5755	5
5756	4
5757	7
5758	8
5759	4
5760	5
5761	2
5762	2
5763	7
5764	5
5765	3
5766	3
5767	6
5768	4
5769	2
5770	4
5771	4
5772	8
5773	1
5774	5
5775	4
5776	5
5777	3
5778	9
5779	2
5780	5
5781	2
5782	5
5783	2
5784	11
5785	5
5786	4
5787	1
5788	5
5789	5
5790	1
5791	5
5792	4
5793	7
5794	5
5795	2
5796	6
5797	2
5798	2
5799	5
5800	6
5801	3
5802	4
5803	9
5804	4
5805	6
5806	6
5807	6
5808	5
5809	6
5810	8
5811	3
5812	6
5813	7
5814	3
5815	5
5816	3
5817	1
5818	4
5819	0
5820	3
5821	5
5822	7
5823	5
5824	0
5825	0
5826	1
5827	6
5828	5
5829	5
5830	5
5831	5
5832	5
5833	1
5834	4
5835	3
5836	6
5837	3
5838	4
5839	3
5840	7
5841	3
5842	6
5843	2
5844	4
5845	5
5846	4
5847	6
5848	6
5849	1
5850	6
5851	5
5852	6
5853	3
5854	4
5855	5
5856	3
5857	5
5858	1
5859	9
5860	6
5861	3
5862	4
5863	6
5864	4
5865	5
5866	4
5867	1
5868	3
5869	4
5870	4
5871	2
5872	5
5873	5
5874	7
5875	3
5876	7
5877	2
5878	8
5879	6
5880	2
5881	4
5882	3
5883	3
5884	2
5885	2
5886	5
5887	7
5888	3
5889	6
5890	12
5891	6
5892	2
5893	5
5894	1
5895	4
5896	7
5897	4
5898	2
5899	6
5900	3
5901	1
5902	5
5903	3
5904	5
5905	8
5906	3
5907	5
5908	5
5909	5
5910	7
5911	10
5912	4
5913	4
5914	2
5915	2
5916	8
5917	3
5918	3
5919	5
5920	8
5921	7
5922	9
5923	3
5924	4
5925	3
5926	3
5927	4
5928	4
5929	4
5930	3
5931	7
5932	3
5933	6
5934	7
5935	4
5936	6
5937	2
5938	5
5939	6
5940	5
5941	4
5942	9
5943	3
5944	2
5945	5
5946	5
5947	4
5948	1
5949	6
5950	6
5951	6
5952	7
5953	4
5954	6
5955	4
5956	6
5957	8
5958	3
5959	4
5960	4
5961	4
5962	7
5963	2
5964	1
5965	2
5966	4
5967	2
5968	4
5969	0
5970	2
5971	3
5972	1
5973	4
5974	4
5975	2
5976	4
5977	4
5978	4
5979	3
5980	2
5981	4
5982	7
5983	5
5984	2
5985	4
5986	4
5987	3
5988	3
5989	4
5990	3
5991	2
5992	2
5993	3
5994	3
5995	5
5996	4
5997	7
5998	0
5999	4
6000	5
6001	2
6002	3
6003	4
6004	2
6005	2
6006	1
6007	2
6008	7
6009	6
6010	7
6011	4
6012	7
6013	2
6014	2
6015	5
6016	3
6017	3
6018	2
6019	4
6020	2
6021	6
6022	5
6023	5
6024	6
6025	5
6026	1
6027	5
6028	3
6029	2
6030	7
6031	2
6032	2
6033	2
6034	4
6035	2
6036	2
6037	6
6038	9
6039	9
6040	4
6041	4
6042	3
6043	2
6044	0
6045	2
6046	8
6047	2
6048	2
6049	2
6050	3
6051	0
6052	11
6053	4
6054	1
6055	3
6056	4
6057	5
6058	5
6059	4
6060	3
6061	1
6062	4
6063	3
6064	5
6065	8
6066	3
6067	4
6068	1
6069	4
6070	4
6071	9
6072	1
6073	2
6074	7
6075	1
6076	6
6077	4
6078	4
6079	6
6080	5
6081	5
6082	3
6083	2
6084	4
6085	2
6086	1
6087	1
6088	5
6089	1
6090	4
6091	6
6092	3
6093	0
6094	6
6095	3
6096	5
6097	5
6098	5
6099	2
6100	3
6101	5
6102	3
6103	2
6104	5
6105	2
6106	2
6107	3
6108	6
6109	2
6110	4
6111	3
6112	3
6113	5
6114	1
6115	2
6116	2
6117	4
6118	6
6119	3
6120	2
6121	2
6122	3
6123	2
6124	3
6125	2
6126	3
6127	0
6128	3
6129	2
6130	0
6131	2
6132	7
6133	3
6134	2
6135	4
6136	2
6137	0
6138	4
6139	5
6140	4
6141	6
6142	5
6143	6
6144	3
6145	4
6146	1
6147	4
6148	2
6149	2
6150	2
6151	3
6152	3
6153	3
6154	3
6155	4
6156	3
6157	2
6158	2
6159	1
6160	2
6161	3
6162	6
6163	5
6164	3
6165	3
6166	1
6167	5
6168	6
6169	4
6170	2
6171	5
6172	3
6173	1
6174	1
6175	4
6176	1
6177	1
6178	1
6179	2
6180	8
6181	3
6182	4
6183	3
6184	4
6185	3
6186	5
6187	2
6188	1
6189	2
6190	4
6191	3
6192	2
6193	4
6194	0
6195	2
6196	5
6197	2
6198	3
6199	3
6200	2
6201	6
6202	5
6203	2
6204	5
6205	4
6206	1
6207	5
6208	4
6209	4
6210	5
6211	5
6212	3
6213	3
6214	2
6215	2
6216	1
6217	3
6218	4
6219	3
6220	2
6221	2
6222	2
6223	1
6224	3
6225	2
6226	3
6227	3
6228	1
6229	3
6230	1
6231	0
6232	1
6233	3
6234	1
6235	3
6236	3
6237	2
6238	4
6239	1
6240	3
6241	3
6242	2
6243	2
6244	3
6245	0
6246	1
6247	5
6248	1
6249	2
6250	0
6251	0
6252	8
6253	4
6254	1
6255	2
6256	6
6257	7
6258	1
6259	2
6260	3
6261	4
6262	2
6263	1
6264	0
6265	3
6266	3
6267	7
6268	3
6269	1
6270	4
6271	1
6272	2
6273	6
6274	2
6275	5
6276	0
6277	3
6278	0
6279	0
6280	0
6281	3
6282	2
6283	1
6284	5
6285	2
6286	5
6287	2
6288	0
6289	5
6290	4
6291	3
6292	2
6293	4
6294	4
6295	3
6296	2
6297	2
6298	3
6299	2
6300	4
6301	6
6302	3
6303	0
6304	5
6305	1
6306	3
6307	2
6308	4
6309	3
6310	2
6311	5
6312	3
6313	6
6314	1
6315	1
6316	1
6317	1
6318	6
6319	2
6320	4
6321	1
6322	3
6323	0
6324	2
6325	4
6326	3
6327	2
6328	6
6329	2
6330	2
6331	2
6332	2
6333	3
6334	2
6335	1
6336	3
6337	3
6338	2
6339	5
6340	4
6341	3
6342	1
6343	5
6344	3
6345	0
6346	5
6347	1
6348	4
6349	1
6350	2
6351	6
6352	2
6353	3
6354	1
6355	6
6356	1
6357	1
6358	6
6359	3
6360	1
6361	2
6362	3
6363	1
6364	1
6365	5
6366	1
6367	3
6368	1
6369	2
6370	3
6371	4
6372	1
6373	5
6374	2
6375	2
6376	1
6377	1
6378	6
6379	1
6380	1
6381	5
6382	3
6383	3
6384	3
6385	2
6386	0
6387	4
6388	3
6389	4
6390	2
6391	2
6392	2
6393	2
6394	2
6395	2
6396	0
6397	4
6398	1
6399	3
6400	5
6401	4
6402	4
6403	2
6404	0
6405	2
6406	2
6407	0
6408	1
6409	4
6410	0
6411	2
6412	3
6413	1
6414	1
6415	4
6416	3
6417	4
6418	3
6419	6
6420	2
6421	1
6422	3
6423	3
6424	5
6425	2
6426	5
6427	0
6428	1
6429	1
6430	6
6431	4
6432	1
6433	3
6434	2
6435	3
6436	2
6437	2
6438	1
6439	1
6440	1
6441	3
6442	1
6443	1
6444	2
6445	0
6446	0
6447	5
6448	1
6449	4
6450	3
6451	5
6452	0
6453	1
6454	1
6455	4
6456	5
6457	4
6458	1
6459	2
6460	3
6461	4
6462	3
6463	0
6464	3
6465	2
6466	3
6467	2
6468	2
6469	2
6470	1
6471	6
6472	2
6473	2
6474	3
6475	0
6476	4
6477	2
6478	3
6479	2
6480	2
6481	0
6482	2
6483	1
6484	3
6485	3
6486	3
6487	3
6488	2
6489	2
6490	4
6491	3
6492	4
6493	2
6494	4
6495	3
6496	2
6497	2
6498	5
6499	0
6500	1
6501	3
6502	1
6503	1
6504	3
6505	6
6506	4
6507	6
6508	0
6509	3
6510	4
6511	2
6512	2
6513	5
6514	0
6515	1
6516	2
6517	3
6518	4
6519	6
6520	6
6521	3
6522	4
6523	3
6524	0
6525	5
6526	3
6527	5
6528	1
6529	2
6530	2
6531	3
6532	2
6533	2
6534	5
6535	1
6536	1
6537	2
6538	2
6539	0
6540	3
6541	3
6542	2
6543	4
6544	3
6545	1
6546	0
6547	3
6548	1
6549	3
6550	0
6551	3
6552	2
6553	3
6554	6
6555	1
6556	5
6557	2
6558	1
6559	1
6560	2
6561	4
6562	5
6563	8
6564	5
6565	2
6566	3
6567	1
6568	5
6569	2
6570	1
6571	2
6572	1
6573	5
6574	3
6575	4
6576	4
6577	0
6578	5
6579	3
6580	2
6581	1
6582	2
6583	2
6584	4
6585	2
6586	7
6587	6
6588	2
6589	4
6590	8
6591	3
6592	1
6593	4
6594	3
6595	3
6596	10
6597	1
6598	1
6599	2
6600	4
6601	0
6602	3
6603	4
6604	2
6605	1
6606	0
6607	2
6608	3
6609	0
6610	2
6611	3
6612	2
6613	3
6614	1
6615	2
6616	6
6617	1
6618	4
6619	2
6620	2
6621	2
6622	4
6623	1
6624	3
6625	1
6626	3
6627	2
6628	4
6629	1
6630	2
6631	4
6632	1
6633	1
6634	0
6635	3
6636	3
6637	0
6638	3
6639	1
6640	2
6641	1
6642	0
6643	1
6644	3
6645	3
6646	1
6647	2
6648	0
6649	3
6650	1
6651	4
6652	3
6653	2
6654	0
6655	2
6656	2
6657	1
6658	4
6659	0
6660	0
6661	1
6662	4
6663	3
6664	0
6665	4
6666	2
6667	3
6668	2
6669	1
6670	1
6671	3
6672	1
6673	3
6674	2
6675	2
6676	1
6677	0
6678	4
6679	2
6680	3
6681	2
6682	0
6683	4
6684	2
6685	4
6686	2
6687	3
6688	1
6689	2
6690	5
6691	3
6692	5
6693	2
6694	2
6695	4
6696	3
6697	2
6698	3
6699	2
6700	4
6701	1
6702	2
6703	1
6704	6
6705	5
6706	2
6707	4
6708	5
6709	3
6710	2
6711	1
6712	2
6713	1
6714	2
6715	3
6716	0
6717	1
6718	4
6719	2
6720	1
6721	1
6722	0
6723	3
6724	2
6725	2
6726	3
6727	0
6728	1
6729	1
6730	4
6731	2
6732	2
6733	5
6734	4
6735	3
6736	3
6737	4
6738	3
6739	1
6740	3
6741	1
6742	3
6743	2
6744	0
6745	2
6746	3
6747	3
6748	1
6749	2
6750	1
6751	0
6752	0
6753	1
6754	5
6755	2
6756	1
6757	1
6758	3
6759	2
6760	0
6761	3
6762	1
6763	3
6764	2
6765	2
6766	2
6767	0
6768	0
6769	0
6770	5
6771	1
6772	2
6773	5
6774	1
6775	4
6776	3
6777	1
6778	2
6779	2
6780	2
6781	0
6782	1
6783	1
6784	1
6785	2
6786	2
6787	3
6788	3
6789	2
6790	0
6791	3
6792	0
6793	0
6794	5
6795	1
6796	1
6797	1
6798	3
6799	4
6800	2
6801	4
6802	1
6803	3
6804	2
6805	1
6806	1
6807	4
6808	4
6809	0
6810	1
6811	6
6812	2
6813	1
6814	1
6815	1
6816	2
6817	3
6818	1
6819	3
6820	4
6821	3
6822	2
6823	3
6824	2
6825	3
6826	1
6827	4
6828	3
6829	3
6830	1
6831	1
6832	1
6833	5
6834	1
6835	3
6836	5
6837	1
6838	2
6839	1
6840	1
6841	0
6842	3
6843	2
6844	5
6845	4
6846	2
6847	3
6848	2
6849	1
6850	2
6851	1
6852	2
6853	5
6854	2
6855	1
6856	0
6857	3
6858	2
6859	4
6860	1
6861	5
6862	2
6863	5
6864	4
6865	0
6866	1
6867	1
6868	5
6869	3
6870	7
6871	1
6872	4
6873	1
6874	2
6875	0
6876	3
6877	3
6878	2
6879	3
6880	3
6881	3
6882	1
6883	1
6884	4
6885	2
6886	3
6887	0
6888	4
6889	1
6890	1
6891	2
6892	4
6893	3
6894	3
6895	3
6896	5
6897	4
6898	1
6899	3
6900	4
6901	4
6902	3
6903	1
6904	2
6905	0
6906	4
6907	2
6908	2
6909	2
6910	2
6911	5
6912	0
6913	1
6914	2
6915	0
6916	2
6917	2
6918	2
6919	3
6920	4
6921	2
6922	0
6923	1
6924	2
6925	3
6926	1
6927	0
6928	0
6929	1
6930	1
6931	6
6932	2
6933	3
6934	3
6935	1
6936	3
6937	1
6938	4
6939	2
6940	2
6941	4
6942	1
6943	4
6944	0
6945	2
6946	2
6947	3
6948	3
6949	2
6950	2
6951	5
6952	3
6953	4
6954	3
6955	4
6956	1
6957	2
6958	2
6959	6
6960	0
6961	1
6962	3
6963	3
6964	3
6965	4
6966	6
6967	5
6968	7
6969	3
6970	5
6971	2
6972	3
6973	4
6974	0
6975	1
6976	3
6977	5
6978	3
6979	2
6980	2
6981	2
6982	3
6983	1
6984	2
6985	2
6986	5
6987	2
6988	2
6989	3
6990	6
6991	5
6992	2
6993	1
6994	8
6995	3
6996	0
6997	4
6998	10
6999	4
7000	5
7001	4
7002	4
7003	3
7004	3
7005	5
7006	6
7007	4
7008	4
7009	5
7010	11
7011	4
7012	9
7013	7
7014	8
7015	4
7016	7
7017	5
7018	6
7019	3
7020	7
7021	2
7022	4
7023	3
7024	3
7025	3
7026	2
7027	1
7028	3
7029	1
7030	1
7031	2
7032	0
7033	1
7034	1
7035	1
7036	0
7037	0
7038	1
7039	0
7040	0
7041	1
7042	1
7043	0
7044	0
7045	1
7046	1
7047	0
7048	1
7049	0
7050	3
7051	0
7052	1
7053	1
7054	0
7055	0
7056	0
7057	2
7058	0
7059	0
7060	0
7061	0
7062	0
7063	0
7064	0
7065	1
7066	1
7067	2
7068	0
7069	0
7070	0
7071	0
7072	2
7073	1
7074	1
7075	1
7076	2
7077	0
7078	0
7079	0
7080	2
7081	1
7082	1
7083	0
7084	1
7085	2
7086	1
7087	2
7088	2
7089	0
7090	2
7091	0
7092	0
7093	1
7094	0
7095	0
7096	2
7097	0
7098	0
7099	1
7100	0
7101	1
7102	0
7103	2
7104	1
7105	1
7106	0
7107	0
7108	0
7109	0
7110	0
7111	1
7112	0
7113	0
7114	2
7115	0
7116	2
7117	0
7118	0
7119	0
7120	0
7121	2
7122	1
7123	1
7124	1
7125	0
7126	0
7127	0
7128	2
7129	0
7130	1
7131	2
7132	1
7133	0
7134	0
7135	1
7136	0
7137	0
7138	2
7139	0
7140	1
7141	0
7142	0
7143	0
7144	2
7145	0
7146	0
7147	3
7148	1
7149	0
7150	0
7151	1
7152	0
7153	0
7154	0
7155	2
7156	0
7157	0
7158	3
7159	2
7160	0
7161	0
7162	0
7163	1
7164	1
7165	0
7166	1
7167	0
7168	3
7169	0
7170	0
7171	0
7172	0
7173	0
7174	1
7175	1
7176	2
7177	1
7178	1
7179	0
7180	0
7181	0
7182	0
7183	0
7184	0
7185	0
7186	0
7187	0
7188	1
7189	0
7190	1
7191	0
7192	1
7193	0
7194	0
7195	0
7196	3
7197	0
7198	0
7199	1
7200	0
7201	0
7202	0
7203	1
7204	2
7205	0
7206	4
7207	1
7208	0
7209	0
7210	0
7211	2
7212	0
7213	1
7214	1
7215	3
7216	1
7217	0
7218	0
7219	2
7220	1
7221	1
7222	0
7223	1
7224	0
7225	0
7226	1
7227	0
7228	0
7229	0
7230	0
7231	1
7232	0
7233	1
7234	1
7235	0
7236	1
7237	2
7238	2
7239	1
7240	1
7241	0
7242	2
7243	2
7244	1
7245	1
7246	1
7247	0
7248	0
7249	1
7250	0
7251	0
7252	1
7253	2
7254	0
7255	2
7256	1
7257	0
7258	0
7259	0
7260	0
7261	1
7262	0
7263	2
7264	2
7265	0
7266	1
7267	0
7268	0
7269	0
7270	1
7271	1
7272	0
7273	0
7274	1
7275	2
7276	0
7277	1
7278	1
7279	0
7280	0
7281	0
7282	0
7283	1
7284	1
7285	1
7286	1
7287	0
7288	0
7289	2
7290	0
7291	0
7292	2
7293	1
7294	0
7295	1
7296	0
7297	0
7298	0
7299	1
7300	1
7301	2
7302	1
7303	0
7304	1
7305	1
7306	1
7307	1
7308	0
7309	2
7310	2
7311	0
7312	1
7313	0
7314	1
7315	0
7316	1
7317	1
7318	0
7319	0
7320	3
7321	0
7322	0
7323	1
7324	0
7325	0
7326	2
7327	0
7328	1
7329	0
7330	0
7331	0
7332	0
7333	1
7334	0
7335	0
7336	1
7337	0
7338	1
7339	0
7340	3
7341	2
7342	0
7343	0
7344	1
7345	0
7346	0
7347	0
7348	0
7349	0
7350	0
7351	2
7352	0
7353	0
7354	1
7355	0
7356	0
7357	0
7358	1
7359	1
7360	2
7361	2
7362	1
7363	0
7364	0
7365	1
7366	1
7367	0
7368	0
7369	3
7370	1
7371	1
7372	0
7373	0
7374	0
7375	0
7376	1
7377	1
7378	0
7379	1
7380	0
7381	0
7382	0
7383	1
7384	0
7385	2
7386	0
7387	0
7388	0
7389	0
7390	1
7391	2
7392	1
7393	1
7394	0
7395	1
7396	0
7397	0
7398	1
7399	0
7400	1
7401	0
7402	0
7403	0
7404	0
7405	1
7406	0
7407	1
7408	0
7409	0
7410	0
7411	1
7412	1
7413	0
7414	0
7415	0
7416	0
7417	1
7418	0
7419	3
7420	0
7421	0
7422	0
7423	2
7424	0
7425	0
7426	0
7427	1
7428	0
7429	0
7430	1
7431	2
7432	2
7433	0
7434	2
7435	0
7436	1
7437	0
7438	0
7439	1
7440	2
7441	0
7442	0
7443	0
7444	0
7445	0
7446	1
7447	0
7448	1
7449	0
7450	0
7451	1
7452	2
7453	0
7454	0
7455	1
7456	0
7457	0
7458	2
7459	1
7460	0
7461	2
7462	0
7463	2
7464	1
7465	2
7466	2
7467	1
7468	1
7469	0
7470	1
7471	0
7472	1
7473	1
7474	0
7475	1
7476	1
7477	1
7478	0
7479	0
7480	0
7481	0
7482	0
7483	0
7484	1
7485	0
7486	0
7487	1
7488	0
7489	0
7490	1
7491	0
7492	1
7493	1
7494	1
7495	0
7496	0
7497	0
7498	1
7499	1
7500	0
7501	1
7502	0
7503	1
7504	1
7505	0
7506	1
7507	0
7508	0
7509	0
7510	0
7511	1
7512	0
7513	0
7514	0
7515	0
7516	0
7517	0
7518	0
7519	1
7520	0
7521	0
7522	0
7523	0
7524	2
7525	1
7526	1
7527	0
7528	0
7529	1
7530	1
7531	2
7532	0
7533	0
7534	1
7535	0
7536	0
7537	0
7538	0
7539	0
7540	1
7541	0
7542	0
7543	0
7544	1
7545	0
7546	2
7547	1
7548	1
7549	2
7550	1
7551	1
7552	0
7553	0
7554	0
7555	0
7556	0
7557	0
7558	0
7559	1
7560	0
7561	2
7562	1
7563	0
7564	0
7565	1
7566	1
7567	0
7568	2
7569	0
7570	1
7571	0
7572	0
7573	0
7574	2
7575	2
7576	0
7577	0
7578	1
7579	0
7580	1
7581	1
7582	0
7583	0
7584	3
7585	1
7586	1
7587	0
7588	0
7589	1
7590	0
7591	0
7592	2
7593	1
7594	0
7595	1
7596	0
7597	0
7598	0
7599	0
7600	0
7601	0
7602	0
7603	0
7604	0
7605	1
7606	2
7607	0
7608	0
7609	0
7610	1
7611	1
7612	0
7613	0
7614	2
7615	0
7616	0
7617	1
7618	1
7619	0
7620	1
7621	0
7622	0
7623	1
7624	2
7625	0
7626	1
7627	0
7628	0
7629	0
7630	0
7631	0
7632	0
7633	0
7634	2
7635	0
7636	0
7637	1
7638	0
7639	1
7640	0
7641	0
7642	0
7643	1
7644	0
7645	0
7646	1
7647	0
7648	0
7649	1
7650	0
7651	1
7652	1
7653	0
7654	0
7655	1
7656	0
7657	0
7658	1
7659	0
7660	0
7661	0
7662	1
7663	0
7664	1
7665	0
7666	2
7667	0
7668	2
7669	1
7670	0
7671	0
7672	1
7673	2
7674	0
7675	0
7676	1
7677	1
7678	1
7679	0
7680	1
7681	0
7682	2
7683	0
7684	0
7685	1
7686	2
7687	1
7688	2
7689	2
7690	0
7691	1
7692	1
7693	1
7694	0
7695	0
7696	0
7697	0
7698	0
7699	0
7700	0
7701	0
7702	0
7703	1
7704	0
7705	0
7706	1
7707	0
7708	0
7709	1
7710	1
7711	0
7712	0
7713	0
7714	1
7715	2
7716	0
7717	2
7718	1
7719	0
7720	0
7721	1
7722	1
7723	1
7724	1
7725	0
7726	1
7727	0
7728	0
7729	0
7730	2
7731	2
7732	1
7733	1
7734	3
7735	3
7736	4
7737	7
7738	10
7739	12
7740	14
7741	12
7742	19
7743	22
7744	32
7745	27
7746	28
7747	35
7748	26
7749	23
7750	32
7751	23
7752	23
7753	26
7754	8
7755	13
7756	5
7757	4
7758	2
7759	3
7760	1
7761	4
7762	1
7763	1
7764	2
7765	2
7766	0
7767	0
7768	0
7769	1
7770	1
7771	0
7772	1
7773	0
7774	1
7775	1
7776	0
7777	0
7778	1
7779	0
7780	0
7781	1
7782	0
7783	0
7784	0
7785	0
7786	0
7787	0
7788	0
7789	1
7790	0
7791	0
7792	0
7793	1
7794	0
7795	0
7796	0
7797	0
7798	0
7799	0
7800	0
7801	1
7802	1
7803	0
7804	0
7805	0
7806	0
7807	1
7808	0
7809	0
7810	1
7811	1
7812	1
7813	1
7814	0
7815	1
7816	0
7817	1
7818	1
7819	0
7820	0
7821	0
7822	0
7823	0
7824	0
7825	0
7826	0
7827	0
7828	0
7829	0
7830	0
7831	0
7832	2
7833	0
7834	0
7835	0
7836	0
7837	0
7838	0
7839	0
7840	0
7841	0
7842	0
7843	0
7844	0
7845	0
7846	0
7847	1
7848	0
7849	0
7850	1
7851	1
7852	0
7853	0
7854	0
7855	0
7856	1
7857	0
7858	0
7859	0
7860	0
7861	0
7862	0
7863	0
7864	0
7865	1
7866	0
7867	0
7868	1
7869	0
7870	1
7871	0
7872	0
7873	0
7874	0
7875	0
7876	2
7877	2
7878	2
7879	0
7880	0
7881	0
7882	0
7883	0
7884	0
7885	0
7886	0
7887	0
7888	0
7889	1
7890	0
7891	0
7892	0
7893	0
7894	1
7895	1
7896	0
7897	0
7898	0
7899	0
7900	0
7901	0
7902	0
7903	0
7904	0
7905	0
7906	0
7907	1
7908	0
7909	0
7910	0
7911	0
7912	0
7913	1
7914	0
7915	0
7916	0
7917	1
7918	1
7919	0
7920	0
7921	0
7922	0
7923	0
7924	0
7925	1
7926	0
7927	1
7928	0
7929	2
7930	0
7931	0
7932	0
7933	1
7934	0
7935	1
7936	0
7937	1
7938	0
7939	0
7940	1
7941	1
7942	0
7943	1
7944	1
7945	0
7946	1
7947	0
7948	0
7949	1
7950	1
7951	1
7952	0
7953	1
7954	0
7955	0
7956	0
7957	0
7958	0
7959	1
7960	0
7961	0
7962	1
7963	0
7964	1
7965	0
7966	0
7967	1
7968	0
7969	0
7970	0
7971	0
7972	0
7973	0
7974	0
7975	0
7976	0
7977	0
7978	0
7979	0
7980	1
7981	0
7982	1
7983	0
7984	1
7985	0
7986	0
7987	1
7988	1
7989	0
7990	0
7991	0
7992	0
7993	0
7994	1
7995	1
7996	0
7997	0
7998	1
7999	0
8000	0
8001	1
8002	1
8003	1
8004	2
8005	0
8006	1
8007	0
8008	0
8009	3
8010	0
8011	1
8012	0
8013	0
8014	1
8015	0
8016	0
8017	1
8018	0
8019	0
8020	0
8021	0
8022	0
8023	0
8024	1
8025	0
8026	0
8027	1
8028	0
8029	0
8030	0
8031	1
8032	0
8033	0
8034	0
8035	0
8036	1
8037	0
8038	0
8039	0
8040	0
8041	0
8042	0
8043	1
8044	1
8045	0
8046	0
8047	1
8048	0
8049	0
8050	0
8051	0
8052	0
8053	2
8054	0
8055	0
8056	0
8057	0
8058	0
8059	0
8060	0
8061	0
8062	0
8063	0
8064	0
8065	0
8066	0
8067	0
8068	0
8069	0
8070	1
8071	0
8072	1
8073	1
8074	1
8075	0
8076	0
8077	0
8078	0
8079	0
8080	1
8081	0
8082	0
8083	0
8084	0
8085	1
8086	0
8087	1
8088	0
8089	0
8090	1
8091	1
8092	0
8093	1
8094	0
8095	0
8096	0
8097	0
8098	0
8099	0
8100	1
8101	0
8102	1
8103	1
8104	1
8105	0
8106	0
8107	1
8108	3
8109	0
8110	0
8111	0
8112	1
8113	2
8114	0
8115	2
8116	0
8117	1
8118	0
8119	0
8120	0
8121	1
8122	0
8123	0
8124	0
8125	1
8126	1
8127	0
8128	4
8129	1
8130	0
8131	0
8132	0
8133	0
8134	0
8135	0
8136	0
8137	0
8138	1
8139	0
8140	1
8141	2
8142	1
8143	0
8144	0
8145	0
8146	0
8147	0
8148	0
8149	0
8150	0
8151	0
8152	0
8153	0
8154	0
8155	0
8156	0
8157	0
8158	0
8159	0
8160	1
8161	0
8162	0
8163	0
8164	0
8165	0
8166	0
8167	0
8168	0
8169	0
8170	0
8171	0
8172	0
8173	0
8174	0
8175	0
8176	0
8177	0
8178	0
8179	0
8180	0
8181	0
8182	0
8183	0
8184	0
8185	0
8186	0
8187	0
8188	0
8189	0
8190	0
8191	0
