# sigma dsigma fwhm dfwhm
661.430289   7.571417   0.585465  6.430569  0.497248
1172.851193   8.250859   0.082689  7.007635  0.070229
1332.061876   8.563118   0.083246  7.272843  0.070703
121.572403   4.773508   0.097292  4.054244  0.082632
244.473563   5.071148   0.081100  4.307037  0.068880
344.071928   5.341589   0.071457  4.536728  0.060690
778.730237   6.334195   0.070799  5.379770  0.060131
963.883646   6.724417   0.065725  5.711194  0.055822
1407.817504   7.541669   0.061654  6.405304  0.052364
