0	89
1	2
2	0
3	0
4	2
5	1
6	1
7	2
8	3
9	0
10	1
11	1
12	3
13	2
14	0
15	3
16	1
17	2
18	0
19	4
20	3
21	4
22	2
23	2
24	0
25	2
26	3
27	6
28	2
29	4
30	2
31	1
32	1
33	2
34	1
35	1
36	1
37	1
38	2
39	0
40	1
41	0
42	3
43	0
44	2
45	2
46	1
47	0
48	0
49	1
50	0
51	1
52	5
53	2
54	4
55	2
56	2
57	1
58	1
59	1
60	2
61	4
62	4
63	0
64	3
65	0
66	1
67	3
68	0
69	0
70	2
71	1
72	0
73	1
74	1
75	3
76	1
77	2
78	2
79	3
80	1
81	3
82	1
83	5
84	1
85	1
86	0
87	2
88	1
89	0
90	0
91	0
92	2
93	2
94	2
95	1
96	1
97	3
98	1
99	2
100	1
101	3
102	0
103	2
104	2
105	4
106	0
107	0
108	0
109	1
110	1
111	2
112	1
113	2
114	2
115	1
116	1
117	4
118	2
119	4
120	1
121	0
122	3
123	4
124	2
125	1
126	0
127	4
128	1
129	2
130	3
131	2
132	4
133	4
134	2
135	2
136	2
137	1
138	3
139	1
140	4
141	2
142	3
143	2
144	4
145	4
146	3
147	4
148	6
149	5
150	10
151	8
152	18
153	13
154	23
155	37
156	44
157	52
158	55
159	94
160	125
161	160
162	150
163	156
164	185
165	186
166	194
167	189
168	183
169	189
170	238
171	224
172	244
173	224
174	212
175	245
176	232
177	260
178	232
179	244
180	257
181	244
182	259
183	257
184	277
185	242
186	309
187	262
188	311
189	324
190	329
191	301
192	299
193	333
194	348
195	335
196	319
197	380
198	343
199	373
200	401
201	371
202	395
203	438
204	394
205	441
206	453
207	471
208	480
209	471
210	471
211	520
212	523
213	523
214	544
215	596
216	591
217	589
218	612
219	609
220	668
221	701
222	691
223	689
224	689
225	694
226	719
227	739
228	768
229	844
230	826
231	865
232	910
233	865
234	941
235	989
236	978
237	1056
238	1041
239	1065
240	1186
241	1180
242	1170
243	1271
244	1258
245	1398
246	1341
247	1413
248	1486
249	1412
250	1607
251	1625
252	1738
253	1736
254	1798
255	1896
256	1926
257	1963
258	2065
259	2112
260	2222
261	2168
262	2314
263	2424
264	2416
265	2460
266	2610
267	2689
268	2753
269	2802
270	2911
271	2916
272	3080
273	2998
274	3005
275	3282
276	3185
277	3273
278	3260
279	3382
280	3400
281	3503
282	3493
283	3514
284	3648
285	3575
286	3627
287	3577
288	3623
289	3681
290	3702
291	3709
292	3645
293	3617
294	3763
295	3683
296	3612
297	3671
298	3614
299	3700
300	3577
301	3610
302	3463
303	3441
304	3399
305	3350
306	3432
307	3387
308	3261
309	3261
310	3100
311	3102
312	3084
313	3059
314	2923
315	2905
316	2826
317	2856
318	2745
319	2698
320	2504
321	2553
322	2476
323	2421
324	2459
325	2208
326	2232
327	2077
328	2064
329	2141
330	2089
331	2017
332	1932
333	1849
334	1785
335	1751
336	1756
337	1750
338	1614
339	1604
340	1610
341	1608
342	1517
343	1481
344	1412
345	1438
346	1328
347	1294
348	1287
349	1270
350	1263
351	1180
352	1202
353	1145
354	1105
355	1139
356	994
357	1046
358	1000
359	934
360	935
361	913
362	911
363	871
364	822
365	843
366	796
367	801
368	785
369	740
370	709
371	686
372	695
373	638
374	658
375	638
376	679
377	667
378	597
379	582
380	570
381	543
382	532
383	537
384	514
385	497
386	484
387	471
388	474
389	477
390	438
391	403
392	482
393	458
394	428
395	420
396	438
397	378
398	467
399	420
400	415
401	411
402	418
403	416
404	403
405	414
406	393
407	376
408	384
409	371
410	423
411	414
412	409
413	392
414	379
415	408
416	425
417	397
418	385
419	395
420	437
421	376
422	442
423	391
424	446
425	382
426	389
427	421
428	442
429	449
430	399
431	417
432	421
433	446
434	391
435	433
436	428
437	423
438	413
439	468
440	440
441	482
442	448
443	421
444	441
445	426
446	423
447	464
448	451
449	428
450	421
451	438
452	457
453	448
454	467
455	468
456	492
457	481
458	451
459	451
460	470
461	479
462	486
463	515
464	490
465	450
466	478
467	488
468	459
469	502
470	527
471	451
472	467
473	524
474	501
475	527
476	515
477	546
478	523
479	545
480	559
481	582
482	594
483	546
484	579
485	530
486	573
487	540
488	501
489	572
490	566
491	536
492	563
493	560
494	563
495	577
496	571
497	529
498	607
499	544
500	551
501	593
502	628
503	593
504	576
505	619
506	605
507	645
508	583
509	602
510	652
511	634
512	621
513	603
514	631
515	643
516	589
517	591
518	635
519	646
520	667
521	640
522	635
523	659
524	658
525	641
526	691
527	679
528	646
529	676
530	624
531	639
532	690
533	700
534	717
535	654
536	686
537	682
538	706
539	696
540	731
541	694
542	707
543	684
544	725
545	719
546	724
547	744
548	695
549	734
550	704
551	750
552	719
553	764
554	749
555	751
556	696
557	808
558	777
559	745
560	773
561	766
562	759
563	806
564	790
565	765
566	786
567	773
568	826
569	828
570	779
571	792
572	795
573	801
574	793
575	815
576	808
577	796
578	804
579	801
580	856
581	857
582	829
583	834
584	853
585	812
586	901
587	874
588	848
589	872
590	827
591	877
592	803
593	856
594	855
595	879
596	858
597	856
598	881
599	889
600	891
601	836
602	841
603	896
604	922
605	865
606	892
607	955
608	869
609	884
610	838
611	895
612	902
613	851
614	875
615	924
616	920
617	879
618	873
619	873
620	905
621	896
622	880
623	866
624	894
625	902
626	888
627	841
628	839
629	922
630	897
631	834
632	920
633	887
634	860
635	911
636	863
637	917
638	878
639	897
640	901
641	910
642	912
643	939
644	870
645	845
646	823
647	830
648	846
649	864
650	897
651	885
652	910
653	858
654	863
655	825
656	860
657	859
658	863
659	849
660	854
661	907
662	856
663	855
664	828
665	888
666	841
667	832
668	884
669	888
670	865
671	883
672	818
673	876
674	842
675	859
676	854
677	847
678	844
679	870
680	792
681	841
682	786
683	842
684	822
685	813
686	867
687	832
688	821
689	825
690	821
691	834
692	835
693	793
694	846
695	842
696	793
697	860
698	829
699	805
700	777
701	807
702	828
703	883
704	833
705	846
706	838
707	855
708	833
709	828
710	777
711	846
712	844
713	759
714	836
715	800
716	838
717	834
718	793
719	863
720	837
721	793
722	872
723	785
724	818
725	833
726	848
727	816
728	831
729	851
730	848
731	827
732	846
733	852
734	821
735	845
736	882
737	878
738	857
739	858
740	886
741	886
742	800
743	825
744	842
745	847
746	913
747	893
748	923
749	885
750	870
751	843
752	911
753	943
754	921
755	827
756	890
757	890
758	928
759	908
760	939
761	916
762	971
763	968
764	1019
765	920
766	996
767	947
768	1006
769	1007
770	974
771	983
772	996
773	986
774	1056
775	1031
776	1041
777	1040
778	1055
779	1046
780	1104
781	1096
782	1038
783	1069
784	1088
785	1180
786	1145
787	1154
788	1172
789	1166
790	1294
791	1202
792	1247
793	1224
794	1234
795	1185
796	1259
797	1213
798	1271
799	1223
800	1366
801	1305
802	1283
803	1324
804	1418
805	1384
806	1422
807	1381
808	1420
809	1454
810	1434
811	1498
812	1511
813	1492
814	1488
815	1472
816	1566
817	1475
818	1598
819	1565
820	1526
821	1620
822	1677
823	1622
824	1607
825	1675
826	1687
827	1659
828	1651
829	1693
830	1637
831	1678
832	1707
833	1746
834	1697
835	1721
836	1718
837	1844
838	1658
839	1770
840	1778
841	1810
842	1785
843	1753
844	1817
845	1783
846	1791
847	1858
848	1757
849	1772
850	1840
851	1782
852	1895
853	1693
854	1817
855	1796
856	1809
857	1805
858	1828
859	1786
860	1832
861	1809
862	1822
863	1869
864	1761
865	1758
866	1825
867	1714
868	1820
869	1736
870	1700
871	1824
872	1795
873	1702
874	1801
875	1709
876	1727
877	1690
878	1646
879	1660
880	1711
881	1691
882	1642
883	1661
884	1616
885	1574
886	1634
887	1609
888	1566
889	1604
890	1491
891	1592
892	1528
893	1560
894	1553
895	1457
896	1438
897	1446
898	1393
899	1356
900	1409
901	1401
902	1339
903	1398
904	1370
905	1362
906	1305
907	1284
908	1238
909	1287
910	1307
911	1281
912	1241
913	1212
914	1261
915	1170
916	1139
917	1177
918	1144
919	1124
920	1143
921	1066
922	1120
923	1074
924	1073
925	1047
926	1016
927	1036
928	1007
929	1005
930	982
931	963
932	902
933	937
934	947
935	905
936	921
937	863
938	871
939	925
940	866
941	806
942	810
943	792
944	879
945	849
946	805
947	806
948	807
949	803
950	715
951	789
952	778
953	756
954	714
955	743
956	724
957	695
958	690
959	683
960	639
961	679
962	651
963	637
964	649
965	680
966	663
967	692
968	601
969	618
970	620
971	648
972	643
973	647
974	629
975	603
976	629
977	638
978	582
979	610
980	607
981	619
982	636
983	624
984	576
985	597
986	610
987	551
988	603
989	627
990	574
991	594
992	585
993	585
994	576
995	557
996	589
997	603
998	593
999	595
1000	562
1001	583
1002	537
1003	593
1004	534
1005	547
1006	573
1007	603
1008	559
1009	565
1010	554
1011	618
1012	553
1013	621
1014	572
1015	545
1016	572
1017	573
1018	602
1019	554
1020	579
1021	563
1022	516
1023	562
1024	539
1025	571
1026	592
1027	592
1028	574
1029	559
1030	505
1031	532
1032	564
1033	580
1034	537
1035	524
1036	541
1037	496
1038	578
1039	571
1040	555
1041	540
1042	537
1043	567
1044	508
1045	557
1046	522
1047	557
1048	535
1049	552
1050	531
1051	559
1052	568
1053	547
1054	504
1055	506
1056	548
1057	586
1058	570
1059	545
1060	561
1061	574
1062	546
1063	534
1064	560
1065	560
1066	524
1067	572
1068	566
1069	556
1070	562
1071	578
1072	550
1073	557
1074	562
1075	529
1076	538
1077	552
1078	524
1079	536
1080	564
1081	535
1082	564
1083	525
1084	513
1085	536
1086	559
1087	544
1088	527
1089	542
1090	531
1091	551
1092	547
1093	514
1094	509
1095	493
1096	529
1097	513
1098	547
1099	555
1100	508
1101	507
1102	536
1103	508
1104	497
1105	524
1106	524
1107	510
1108	517
1109	502
1110	505
1111	515
1112	482
1113	499
1114	550
1115	498
1116	543
1117	542
1118	500
1119	474
1120	521
1121	491
1122	485
1123	541
1124	507
1125	489
1126	499
1127	466
1128	506
1129	532
1130	485
1131	498
1132	514
1133	502
1134	491
1135	499
1136	525
1137	505
1138	491
1139	451
1140	492
1141	519
1142	476
1143	518
1144	516
1145	491
1146	506
1147	493
1148	509
1149	510
1150	514
1151	451
1152	497
1153	469
1154	475
1155	441
1156	435
1157	508
1158	469
1159	492
1160	469
1161	472
1162	453
1163	445
1164	466
1165	466
1166	473
1167	452
1168	465
1169	462
1170	472
1171	472
1172	437
1173	513
1174	428
1175	459
1176	417
1177	458
1178	444
1179	521
1180	455
1181	429
1182	471
1183	485
1184	458
1185	477
1186	472
1187	459
1188	461
1189	441
1190	461
1191	465
1192	441
1193	450
1194	452
1195	449
1196	460
1197	455
1198	446
1199	440
1200	455
1201	492
1202	441
1203	463
1204	456
1205	399
1206	453
1207	474
1208	427
1209	429
1210	422
1211	471
1212	470
1213	449
1214	461
1215	469
1216	461
1217	447
1218	469
1219	463
1220	526
1221	441
1222	454
1223	475
1224	426
1225	442
1226	494
1227	450
1228	451
1229	436
1230	428
1231	445
1232	437
1233	408
1234	441
1235	441
1236	456
1237	452
1238	421
1239	425
1240	466
1241	423
1242	503
1243	440
1244	471
1245	438
1246	458
1247	489
1248	458
1249	459
1250	455
1251	426
1252	427
1253	395
1254	466
1255	420
1256	417
1257	422
1258	419
1259	459
1260	426
1261	419
1262	422
1263	397
1264	422
1265	384
1266	404
1267	437
1268	423
1269	451
1270	410
1271	422
1272	441
1273	425
1274	415
1275	463
1276	450
1277	405
1278	434
1279	435
1280	437
1281	434
1282	421
1283	404
1284	419
1285	411
1286	437
1287	443
1288	405
1289	429
1290	425
1291	435
1292	457
1293	448
1294	413
1295	409
1296	405
1297	384
1298	404
1299	410
1300	421
1301	422
1302	420
1303	475
1304	419
1305	447
1306	444
1307	425
1308	424
1309	426
1310	429
1311	442
1312	422
1313	388
1314	438
1315	454
1316	414
1317	424
1318	435
1319	377
1320	393
1321	406
1322	413
1323	414
1324	399
1325	435
1326	397
1327	421
1328	415
1329	411
1330	438
1331	415
1332	419
1333	462
1334	409
1335	412
1336	436
1337	421
1338	480
1339	438
1340	426
1341	428
1342	424
1343	400
1344	419
1345	424
1346	416
1347	395
1348	415
1349	408
1350	403
1351	409
1352	438
1353	442
1354	409
1355	431
1356	407
1357	414
1358	410
1359	423
1360	402
1361	412
1362	455
1363	386
1364	438
1365	416
1366	413
1367	423
1368	446
1369	405
1370	395
1371	414
1372	399
1373	404
1374	403
1375	452
1376	419
1377	404
1378	445
1379	455
1380	394
1381	432
1382	432
1383	426
1384	439
1385	415
1386	409
1387	466
1388	439
1389	414
1390	415
1391	421
1392	426
1393	434
1394	424
1395	395
1396	401
1397	391
1398	433
1399	427
1400	408
1401	431
1402	462
1403	407
1404	388
1405	406
1406	401
1407	398
1408	435
1409	424
1410	409
1411	394
1412	448
1413	374
1414	393
1415	435
1416	429
1417	394
1418	413
1419	379
1420	412
1421	403
1422	459
1423	415
1424	428
1425	408
1426	420
1427	398
1428	425
1429	412
1430	411
1431	417
1432	388
1433	409
1434	384
1435	435
1436	398
1437	419
1438	404
1439	380
1440	455
1441	429
1442	466
1443	449
1444	413
1445	456
1446	450
1447	409
1448	434
1449	447
1450	434
1451	414
1452	407
1453	413
1454	390
1455	419
1456	441
1457	400
1458	376
1459	405
1460	390
1461	394
1462	364
1463	414
1464	416
1465	409
1466	374
1467	405
1468	420
1469	398
1470	404
1471	460
1472	413
1473	403
1474	397
1475	425
1476	422
1477	420
1478	394
1479	395
1480	410
1481	373
1482	362
1483	405
1484	421
1485	394
1486	407
1487	400
1488	395
1489	413
1490	413
1491	380
1492	397
1493	405
1494	384
1495	419
1496	415
1497	407
1498	415
1499	409
1500	351
1501	407
1502	404
1503	424
1504	389
1505	394
1506	379
1507	402
1508	454
1509	406
1510	404
1511	380
1512	371
1513	383
1514	385
1515	394
1516	379
1517	403
1518	401
1519	424
1520	427
1521	396
1522	421
1523	404
1524	431
1525	373
1526	389
1527	420
1528	420
1529	372
1530	383
1531	412
1532	411
1533	403
1534	360
1535	415
1536	415
1537	400
1538	397
1539	408
1540	401
1541	437
1542	403
1543	397
1544	408
1545	407
1546	409
1547	371
1548	447
1549	399
1550	413
1551	413
1552	427
1553	427
1554	389
1555	411
1556	397
1557	433
1558	395
1559	397
1560	441
1561	399
1562	409
1563	379
1564	381
1565	426
1566	429
1567	405
1568	390
1569	432
1570	409
1571	398
1572	440
1573	421
1574	426
1575	415
1576	420
1577	387
1578	403
1579	450
1580	405
1581	408
1582	432
1583	426
1584	426
1585	423
1586	429
1587	448
1588	398
1589	429
1590	396
1591	475
1592	454
1593	435
1594	415
1595	443
1596	434
1597	447
1598	460
1599	446
1600	406
1601	441
1602	422
1603	439
1604	408
1605	426
1606	430
1607	463
1608	418
1609	437
1610	446
1611	445
1612	421
1613	429
1614	450
1615	460
1616	442
1617	421
1618	484
1619	435
1620	457
1621	482
1622	447
1623	442
1624	431
1625	455
1626	448
1627	467
1628	444
1629	426
1630	456
1631	463
1632	454
1633	473
1634	452
1635	486
1636	481
1637	456
1638	442
1639	470
1640	474
1641	462
1642	478
1643	471
1644	463
1645	457
1646	479
1647	419
1648	498
1649	483
1650	464
1651	463
1652	426
1653	475
1654	458
1655	467
1656	490
1657	471
1658	432
1659	448
1660	459
1661	423
1662	460
1663	471
1664	486
1665	454
1666	471
1667	466
1668	471
1669	438
1670	435
1671	432
1672	483
1673	478
1674	459
1675	533
1676	476
1677	485
1678	452
1679	470
1680	423
1681	415
1682	439
1683	446
1684	453
1685	394
1686	435
1687	438
1688	479
1689	432
1690	438
1691	445
1692	501
1693	445
1694	437
1695	397
1696	434
1697	457
1698	417
1699	426
1700	429
1701	400
1702	443
1703	438
1704	457
1705	421
1706	391
1707	402
1708	440
1709	406
1710	397
1711	442
1712	413
1713	444
1714	427
1715	395
1716	411
1717	385
1718	460
1719	375
1720	399
1721	403
1722	400
1723	376
1724	421
1725	373
1726	398
1727	385
1728	415
1729	413
1730	371
1731	409
1732	377
1733	404
1734	415
1735	388
1736	394
1737	410
1738	362
1739	363
1740	372
1741	360
1742	379
1743	414
1744	365
1745	362
1746	358
1747	352
1748	397
1749	383
1750	375
1751	341
1752	377
1753	343
1754	359
1755	355
1756	335
1757	351
1758	368
1759	351
1760	331
1761	344
1762	343
1763	309
1764	306
1765	313
1766	356
1767	358
1768	336
1769	342
1770	325
1771	307
1772	320
1773	295
1774	351
1775	344
1776	298
1777	321
1778	295
1779	344
1780	312
1781	315
1782	296
1783	312
1784	328
1785	291
1786	284
1787	309
1788	332
1789	328
1790	318
1791	293
1792	295
1793	305
1794	289
1795	279
1796	265
1797	265
1798	298
1799	315
1800	259
1801	272
1802	264
1803	280
1804	269
1805	276
1806	271
1807	273
1808	292
1809	264
1810	263
1811	274
1812	256
1813	258
1814	292
1815	283
1816	268
1817	243
1818	261
1819	265
1820	252
1821	249
1822	277
1823	251
1824	266
1825	245
1826	263
1827	263
1828	254
1829	247
1830	256
1831	265
1832	248
1833	263
1834	218
1835	221
1836	252
1837	230
1838	257
1839	227
1840	212
1841	230
1842	252
1843	247
1844	212
1845	227
1846	238
1847	229
1848	248
1849	223
1850	216
1851	218
1852	219
1853	220
1854	228
1855	250
1856	218
1857	227
1858	231
1859	211
1860	250
1861	221
1862	222
1863	224
1864	220
1865	213
1866	230
1867	196
1868	219
1869	205
1870	222
1871	210
1872	202
1873	232
1874	238
1875	214
1876	223
1877	224
1878	216
1879	217
1880	205
1881	233
1882	240
1883	205
1884	228
1885	207
1886	204
1887	201
1888	233
1889	216
1890	230
1891	211
1892	210
1893	209
1894	203
1895	208
1896	219
1897	213
1898	219
1899	188
1900	192
1901	204
1902	199
1903	207
1904	198
1905	222
1906	182
1907	217
1908	204
1909	200
1910	206
1911	189
1912	179
1913	188
1914	201
1915	206
1916	190
1917	201
1918	204
1919	222
1920	218
1921	216
1922	216
1923	187
1924	225
1925	206
1926	186
1927	223
1928	200
1929	196
1930	200
1931	176
1932	206
1933	207
1934	217
1935	185
1936	190
1937	202
1938	230
1939	211
1940	197
1941	185
1942	208
1943	216
1944	187
1945	168
1946	215
1947	175
1948	186
1949	191
1950	229
1951	220
1952	183
1953	196
1954	194
1955	200
1956	208
1957	206
1958	195
1959	208
1960	227
1961	207
1962	203
1963	198
1964	205
1965	201
1966	176
1967	191
1968	181
1969	205
1970	193
1971	208
1972	207
1973	178
1974	201
1975	191
1976	215
1977	176
1978	208
1979	212
1980	198
1981	212
1982	218
1983	226
1984	213
1985	175
1986	184
1987	205
1988	186
1989	174
1990	209
1991	194
1992	197
1993	195
1994	220
1995	214
1996	170
1997	199
1998	179
1999	185
2000	172
2001	194
2002	210
2003	190
2004	225
2005	221
2006	198
2007	203
2008	188
2009	208
2010	174
2011	193
2012	175
2013	215
2014	205
2015	217
2016	199
2017	175
2018	181
2019	186
2020	178
2021	183
2022	184
2023	203
2024	185
2025	181
2026	201
2027	198
2028	188
2029	174
2030	205
2031	195
2032	198
2033	195
2034	200
2035	199
2036	187
2037	203
2038	197
2039	191
2040	175
2041	179
2042	198
2043	194
2044	201
2045	174
2046	186
2047	199
2048	204
2049	173
2050	167
2051	193
2052	153
2053	200
2054	195
2055	158
2056	196
2057	170
2058	164
2059	176
2060	201
2061	188
2062	194
2063	199
2064	200
2065	190
2066	191
2067	185
2068	189
2069	180
2070	219
2071	201
2072	188
2073	185
2074	183
2075	165
2076	192
2077	196
2078	185
2079	179
2080	197
2081	172
2082	193
2083	197
2084	197
2085	186
2086	187
2087	205
2088	202
2089	195
2090	198
2091	188
2092	209
2093	200
2094	209
2095	202
2096	202
2097	180
2098	185
2099	190
2100	183
2101	218
2102	175
2103	188
2104	197
2105	167
2106	216
2107	197
2108	194
2109	206
2110	214
2111	215
2112	189
2113	200
2114	186
2115	185
2116	219
2117	184
2118	215
2119	200
2120	201
2121	204
2122	213
2123	198
2124	194
2125	218
2126	211
2127	197
2128	209
2129	191
2130	217
2131	232
2132	216
2133	213
2134	236
2135	176
2136	211
2137	240
2138	227
2139	221
2140	229
2141	212
2142	216
2143	208
2144	203
2145	216
2146	265
2147	222
2148	254
2149	239
2150	208
2151	250
2152	236
2153	203
2154	221
2155	209
2156	242
2157	251
2158	237
2159	264
2160	264
2161	209
2162	234
2163	242
2164	224
2165	262
2166	247
2167	244
2168	253
2169	224
2170	247
2171	248
2172	288
2173	269
2174	266
2175	256
2176	302
2177	273
2178	247
2179	262
2180	261
2181	270
2182	257
2183	268
2184	281
2185	244
2186	278
2187	285
2188	280
2189	270
2190	299
2191	301
2192	279
2193	269
2194	282
2195	290
2196	281
2197	293
2198	300
2199	308
2200	306
2201	343
2202	327
2203	305
2204	312
2205	338
2206	298
2207	333
2208	302
2209	357
2210	329
2211	316
2212	341
2213	291
2214	361
2215	374
2216	325
2217	335
2218	360
2219	325
2220	357
2221	346
2222	313
2223	343
2224	391
2225	355
2226	413
2227	355
2228	385
2229	365
2230	368
2231	355
2232	404
2233	373
2234	419
2235	379
2236	410
2237	388
2238	400
2239	402
2240	388
2241	425
2242	415
2243	422
2244	437
2245	449
2246	429
2247	433
2248	415
2249	405
2250	443
2251	425
2252	448
2253	410
2254	459
2255	440
2256	436
2257	437
2258	448
2259	443
2260	483
2261	466
2262	434
2263	459
2264	464
2265	480
2266	486
2267	429
2268	503
2269	467
2270	476
2271	478
2272	437
2273	478
2274	495
2275	489
2276	488
2277	474
2278	523
2279	518
2280	515
2281	498
2282	509
2283	541
2284	498
2285	499
2286	499
2287	489
2288	521
2289	480
2290	500
2291	508
2292	534
2293	512
2294	532
2295	551
2296	510
2297	498
2298	523
2299	523
2300	538
2301	552
2302	528
2303	560
2304	527
2305	553
2306	549
2307	520
2308	562
2309	587
2310	568
2311	532
2312	551
2313	551
2314	547
2315	544
2316	563
2317	553
2318	568
2319	600
2320	539
2321	532
2322	533
2323	556
2324	564
2325	570
2326	537
2327	567
2328	555
2329	567
2330	531
2331	542
2332	570
2333	539
2334	538
2335	563
2336	599
2337	569
2338	542
2339	616
2340	500
2341	578
2342	556
2343	534
2344	557
2345	579
2346	525
2347	613
2348	556
2349	538
2350	569
2351	587
2352	572
2353	580
2354	556
2355	607
2356	574
2357	589
2358	559
2359	581
2360	568
2361	548
2362	576
2363	536
2364	550
2365	541
2366	614
2367	576
2368	553
2369	587
2370	544
2371	574
2372	579
2373	536
2374	547
2375	511
2376	554
2377	519
2378	565
2379	523
2380	528
2381	502
2382	510
2383	547
2384	548
2385	565
2386	616
2387	548
2388	559
2389	487
2390	534
2391	580
2392	531
2393	564
2394	501
2395	515
2396	520
2397	480
2398	541
2399	578
2400	487
2401	495
2402	546
2403	511
2404	472
2405	511
2406	445
2407	515
2408	496
2409	484
2410	484
2411	506
2412	501
2413	527
2414	445
2415	547
2416	475
2417	491
2418	502
2419	447
2420	488
2421	488
2422	423
2423	469
2424	477
2425	446
2426	475
2427	493
2428	429
2429	427
2430	438
2431	435
2432	454
2433	423
2434	452
2435	449
2436	402
2437	432
2438	436
2439	416
2440	407
2441	390
2442	388
2443	415
2444	407
2445	389
2446	383
2447	399
2448	407
2449	378
2450	344
2451	402
2452	381
2453	389
2454	356
2455	343
2456	399
2457	343
2458	363
2459	354
2460	374
2461	347
2462	342
2463	356
2464	366
2465	317
2466	345
2467	329
2468	377
2469	323
2470	291
2471	315
2472	311
2473	310
2474	359
2475	308
2476	329
2477	327
2478	282
2479	285
2480	310
2481	298
2482	291
2483	321
2484	286
2485	289
2486	283
2487	319
2488	268
2489	278
2490	306
2491	267
2492	267
2493	299
2494	281
2495	280
2496	228
2497	276
2498	257
2499	272
2500	259
2501	238
2502	259
2503	263
2504	236
2505	236
2506	252
2507	251
2508	206
2509	222
2510	227
2511	222
2512	228
2513	225
2514	239
2515	262
2516	219
2517	230
2518	208
2519	205
2520	213
2521	231
2522	225
2523	233
2524	212
2525	197
2526	202
2527	204
2528	215
2529	226
2530	187
2531	182
2532	206
2533	182
2534	188
2535	187
2536	218
2537	199
2538	176
2539	188
2540	188
2541	150
2542	202
2543	202
2544	190
2545	206
2546	187
2547	162
2548	189
2549	167
2550	154
2551	169
2552	186
2553	147
2554	166
2555	168
2556	154
2557	152
2558	155
2559	147
2560	178
2561	183
2562	170
2563	154
2564	184
2565	134
2566	157
2567	152
2568	168
2569	153
2570	145
2571	142
2572	178
2573	148
2574	126
2575	163
2576	150
2577	154
2578	144
2579	122
2580	146
2581	158
2582	142
2583	148
2584	156
2585	143
2586	131
2587	160
2588	150
2589	164
2590	137
2591	140
2592	135
2593	157
2594	158
2595	116
2596	135
2597	130
2598	124
2599	123
2600	136
2601	136
2602	136
2603	134
2604	119
2605	133
2606	146
2607	115
2608	122
2609	117
2610	156
2611	115
2612	131
2613	137
2614	135
2615	119
2616	131
2617	112
2618	120
2619	111
2620	137
2621	110
2622	147
2623	117
2624	136
2625	120
2626	104
2627	132
2628	121
2629	126
2630	125
2631	128
2632	132
2633	121
2634	118
2635	129
2636	134
2637	110
2638	115
2639	126
2640	127
2641	125
2642	125
2643	125
2644	112
2645	127
2646	107
2647	132
2648	115
2649	121
2650	152
2651	137
2652	121
2653	145
2654	134
2655	124
2656	160
2657	110
2658	119
2659	120
2660	102
2661	97
2662	139
2663	110
2664	96
2665	121
2666	111
2667	110
2668	113
2669	131
2670	110
2671	124
2672	136
2673	109
2674	127
2675	135
2676	139
2677	121
2678	121
2679	108
2680	116
2681	122
2682	114
2683	126
2684	111
2685	125
2686	93
2687	129
2688	125
2689	123
2690	118
2691	128
2692	121
2693	122
2694	112
2695	133
2696	129
2697	128
2698	132
2699	116
2700	112
2701	120
2702	107
2703	117
2704	136
2705	117
2706	110
2707	127
2708	142
2709	110
2710	109
2711	124
2712	124
2713	127
2714	110
2715	115
2716	140
2717	122
2718	132
2719	110
2720	125
2721	116
2722	118
2723	117
2724	120
2725	118
2726	112
2727	111
2728	141
2729	116
2730	128
2731	121
2732	118
2733	98
2734	137
2735	141
2736	102
2737	132
2738	114
2739	114
2740	139
2741	116
2742	137
2743	128
2744	129
2745	128
2746	135
2747	122
2748	113
2749	114
2750	133
2751	131
2752	140
2753	108
2754	125
2755	117
2756	128
2757	110
2758	121
2759	111
2760	136
2761	133
2762	149
2763	161
2764	128
2765	143
2766	139
2767	142
2768	128
2769	136
2770	126
2771	144
2772	126
2773	129
2774	114
2775	121
2776	138
2777	151
2778	148
2779	139
2780	155
2781	131
2782	128
2783	125
2784	132
2785	139
2786	125
2787	131
2788	110
2789	119
2790	117
2791	125
2792	137
2793	111
2794	127
2795	135
2796	117
2797	130
2798	136
2799	99
2800	145
2801	130
2802	121
2803	131
2804	142
2805	143
2806	136
2807	141
2808	138
2809	123
2810	139
2811	127
2812	120
2813	147
2814	130
2815	143
2816	132
2817	124
2818	130
2819	124
2820	113
2821	137
2822	127
2823	124
2824	120
2825	117
2826	146
2827	120
2828	143
2829	124
2830	127
2831	124
2832	141
2833	134
2834	122
2835	130
2836	135
2837	136
2838	123
2839	113
2840	134
2841	134
2842	112
2843	134
2844	110
2845	119
2846	145
2847	116
2848	108
2849	116
2850	133
2851	121
2852	140
2853	114
2854	108
2855	139
2856	128
2857	117
2858	123
2859	122
2860	123
2861	127
2862	138
2863	137
2864	149
2865	124
2866	131
2867	134
2868	130
2869	123
2870	125
2871	127
2872	136
2873	144
2874	132
2875	133
2876	132
2877	128
2878	127
2879	137
2880	130
2881	137
2882	127
2883	126
2884	121
2885	117
2886	130
2887	145
2888	124
2889	134
2890	131
2891	128
2892	162
2893	132
2894	117
2895	152
2896	135
2897	130
2898	134
2899	131
2900	153
2901	121
2902	135
2903	146
2904	122
2905	124
2906	144
2907	127
2908	129
2909	126
2910	128
2911	134
2912	131
2913	116
2914	133
2915	116
2916	123
2917	122
2918	137
2919	132
2920	113
2921	138
2922	118
2923	131
2924	142
2925	134
2926	128
2927	110
2928	143
2929	133
2930	132
2931	148
2932	154
2933	132
2934	133
2935	134
2936	121
2937	133
2938	107
2939	125
2940	130
2941	134
2942	132
2943	135
2944	124
2945	128
2946	130
2947	117
2948	145
2949	141
2950	132
2951	113
2952	154
2953	112
2954	127
2955	131
2956	115
2957	138
2958	137
2959	138
2960	115
2961	128
2962	151
2963	148
2964	111
2965	126
2966	126
2967	135
2968	130
2969	113
2970	108
2971	122
2972	119
2973	123
2974	131
2975	107
2976	131
2977	126
2978	121
2979	126
2980	129
2981	127
2982	147
2983	132
2984	123
2985	118
2986	134
2987	114
2988	132
2989	110
2990	127
2991	136
2992	105
2993	124
2994	134
2995	137
2996	108
2997	142
2998	132
2999	122
3000	122
3001	124
3002	146
3003	120
3004	123
3005	116
3006	116
3007	132
3008	113
3009	122
3010	139
3011	122
3012	125
3013	115
3014	116
3015	105
3016	138
3017	103
3018	121
3019	114
3020	110
3021	124
3022	127
3023	137
3024	123
3025	127
3026	136
3027	109
3028	119
3029	132
3030	123
3031	118
3032	126
3033	112
3034	109
3035	132
3036	123
3037	114
3038	102
3039	118
3040	113
3041	136
3042	112
3043	128
3044	120
3045	114
3046	122
3047	117
3048	104
3049	99
3050	117
3051	107
3052	126
3053	119
3054	114
3055	114
3056	114
3057	112
3058	124
3059	111
3060	118
3061	105
3062	113
3063	116
3064	110
3065	119
3066	109
3067	115
3068	121
3069	137
3070	110
3071	120
3072	97
3073	126
3074	93
3075	111
3076	114
3077	101
3078	104
3079	112
3080	132
3081	124
3082	120
3083	134
3084	104
3085	115
3086	121
3087	112
3088	111
3089	106
3090	104
3091	105
3092	113
3093	106
3094	106
3095	110
3096	121
3097	113
3098	93
3099	105
3100	102
3101	98
3102	116
3103	96
3104	118
3105	106
3106	107
3107	115
3108	81
3109	98
3110	94
3111	103
3112	97
3113	99
3114	96
3115	100
3116	89
3117	108
3118	102
3119	108
3120	90
3121	104
3122	108
3123	99
3124	105
3125	123
3126	104
3127	112
3128	87
3129	117
3130	105
3131	102
3132	99
3133	88
3134	93
3135	117
3136	95
3137	113
3138	99
3139	95
3140	86
3141	111
3142	87
3143	95
3144	110
3145	85
3146	96
3147	98
3148	99
3149	86
3150	91
3151	114
3152	85
3153	86
3154	103
3155	101
3156	103
3157	107
3158	101
3159	87
3160	78
3161	95
3162	101
3163	96
3164	93
3165	96
3166	107
3167	93
3168	98
3169	101
3170	91
3171	105
3172	110
3173	92
3174	86
3175	74
3176	83
3177	83
3178	89
3179	111
3180	89
3181	91
3182	93
3183	100
3184	87
3185	97
3186	92
3187	85
3188	98
3189	72
3190	73
3191	101
3192	78
3193	102
3194	92
3195	86
3196	74
3197	78
3198	87
3199	93
3200	90
3201	87
3202	90
3203	83
3204	88
3205	118
3206	85
3207	92
3208	90
3209	88
3210	92
3211	82
3212	81
3213	91
3214	83
3215	104
3216	95
3217	87
3218	108
3219	89
3220	86
3221	89
3222	77
3223	94
3224	82
3225	80
3226	95
3227	96
3228	99
3229	85
3230	76
3231	86
3232	71
3233	85
3234	87
3235	91
3236	73
3237	67
3238	77
3239	86
3240	83
3241	88
3242	95
3243	82
3244	87
3245	91
3246	82
3247	84
3248	82
3249	92
3250	98
3251	101
3252	89
3253	91
3254	97
3255	82
3256	84
3257	82
3258	82
3259	77
3260	85
3261	97
3262	70
3263	78
3264	71
3265	87
3266	94
3267	83
3268	98
3269	88
3270	88
3271	110
3272	72
3273	87
3274	89
3275	82
3276	85
3277	81
3278	82
3279	93
3280	82
3281	85
3282	80
3283	96
3284	76
3285	81
3286	97
3287	75
3288	85
3289	81
3290	88
3291	95
3292	90
3293	81
3294	88
3295	81
3296	77
3297	103
3298	80
3299	87
3300	85
3301	92
3302	77
3303	99
3304	91
3305	71
3306	77
3307	92
3308	91
3309	76
3310	99
3311	94
3312	90
3313	79
3314	76
3315	67
3316	104
3317	88
3318	91
3319	90
3320	78
3321	82
3322	88
3323	82
3324	73
3325	85
3326	91
3327	76
3328	100
3329	83
3330	105
3331	89
3332	74
3333	87
3334	73
3335	84
3336	102
3337	77
3338	91
3339	84
3340	87
3341	73
3342	84
3343	88
3344	71
3345	76
3346	80
3347	108
3348	97
3349	78
3350	97
3351	98
3352	89
3353	87
3354	78
3355	83
3356	93
3357	85
3358	71
3359	75
3360	78
3361	84
3362	99
3363	77
3364	94
3365	63
3366	62
3367	70
3368	85
3369	70
3370	80
3371	86
3372	70
3373	85
3374	91
3375	78
3376	94
3377	66
3378	73
3379	88
3380	80
3381	79
3382	86
3383	76
3384	83
3385	65
3386	79
3387	81
3388	80
3389	73
3390	84
3391	84
3392	88
3393	87
3394	72
3395	84
3396	73
3397	96
3398	75
3399	78
3400	72
3401	77
3402	78
3403	74
3404	95
3405	74
3406	78
3407	66
3408	85
3409	88
3410	77
3411	72
3412	73
3413	79
3414	70
3415	77
3416	65
3417	79
3418	85
3419	71
3420	75
3421	79
3422	81
3423	107
3424	91
3425	72
3426	86
3427	76
3428	85
3429	76
3430	100
3431	68
3432	83
3433	80
3434	81
3435	81
3436	77
3437	76
3438	73
3439	89
3440	77
3441	90
3442	91
3443	87
3444	77
3445	71
3446	72
3447	77
3448	98
3449	92
3450	82
3451	58
3452	78
3453	72
3454	94
3455	78
3456	78
3457	72
3458	96
3459	81
3460	78
3461	79
3462	69
3463	88
3464	70
3465	84
3466	60
3467	84
3468	80
3469	76
3470	88
3471	96
3472	84
3473	62
3474	72
3475	62
3476	87
3477	80
3478	77
3479	89
3480	89
3481	65
3482	69
3483	55
3484	66
3485	69
3486	76
3487	82
3488	85
3489	87
3490	77
3491	95
3492	85
3493	75
3494	74
3495	82
3496	69
3497	72
3498	80
3499	84
3500	80
3501	83
3502	86
3503	96
3504	70
3505	67
3506	79
3507	92
3508	75
3509	82
3510	83
3511	94
3512	71
3513	83
3514	81
3515	77
3516	77
3517	71
3518	90
3519	70
3520	87
3521	72
3522	73
3523	78
3524	71
3525	79
3526	77
3527	67
3528	87
3529	76
3530	81
3531	81
3532	78
3533	65
3534	76
3535	87
3536	76
3537	107
3538	84
3539	80
3540	74
3541	54
3542	83
3543	88
3544	79
3545	89
3546	85
3547	80
3548	73
3549	65
3550	74
3551	82
3552	80
3553	89
3554	82
3555	68
3556	67
3557	80
3558	68
3559	76
3560	79
3561	72
3562	68
3563	78
3564	65
3565	71
3566	75
3567	79
3568	79
3569	90
3570	59
3571	80
3572	89
3573	89
3574	76
3575	71
3576	80
3577	72
3578	76
3579	82
3580	79
3581	69
3582	83
3583	74
3584	84
3585	76
3586	73
3587	67
3588	84
3589	65
3590	75
3591	82
3592	82
3593	68
3594	65
3595	75
3596	76
3597	73
3598	71
3599	82
3600	75
3601	70
3602	76
3603	78
3604	86
3605	91
3606	77
3607	83
3608	69
3609	93
3610	76
3611	71
3612	74
3613	80
3614	77
3615	78
3616	88
3617	78
3618	74
3619	69
3620	96
3621	56
3622	89
3623	74
3624	75
3625	76
3626	79
3627	83
3628	69
3629	60
3630	78
3631	81
3632	76
3633	79
3634	81
3635	71
3636	85
3637	80
3638	69
3639	81
3640	88
3641	63
3642	73
3643	79
3644	74
3645	67
3646	83
3647	87
3648	75
3649	57
3650	75
3651	65
3652	80
3653	72
3654	87
3655	69
3656	80
3657	72
3658	76
3659	87
3660	78
3661	92
3662	76
3663	63
3664	72
3665	72
3666	82
3667	79
3668	81
3669	88
3670	90
3671	78
3672	74
3673	74
3674	90
3675	82
3676	70
3677	78
3678	76
3679	82
3680	58
3681	79
3682	69
3683	87
3684	68
3685	64
3686	92
3687	76
3688	79
3689	86
3690	83
3691	79
3692	67
3693	70
3694	85
3695	85
3696	84
3697	65
3698	64
3699	89
3700	75
3701	72
3702	85
3703	87
3704	77
3705	68
3706	83
3707	82
3708	76
3709	75
3710	77
3711	73
3712	96
3713	90
3714	78
3715	83
3716	79
3717	83
3718	78
3719	66
3720	97
3721	82
3722	72
3723	71
3724	83
3725	80
3726	91
3727	69
3728	78
3729	75
3730	75
3731	85
3732	75
3733	65
3734	62
3735	79
3736	91
3737	75
3738	74
3739	75
3740	81
3741	82
3742	81
3743	91
3744	83
3745	77
3746	82
3747	85
3748	91
3749	71
3750	103
3751	69
3752	68
3753	82
3754	76
3755	86
3756	66
3757	80
3758	63
3759	72
3760	56
3761	79
3762	68
3763	96
3764	73
3765	65
3766	74
3767	85
3768	74
3769	84
3770	78
3771	81
3772	72
3773	82
3774	77
3775	82
3776	71
3777	92
3778	80
3779	77
3780	72
3781	70
3782	76
3783	63
3784	80
3785	55
3786	85
3787	79
3788	74
3789	96
3790	71
3791	64
3792	78
3793	95
3794	81
3795	102
3796	69
3797	65
3798	81
3799	87
3800	79
3801	85
3802	68
3803	82
3804	100
3805	65
3806	67
3807	70
3808	86
3809	97
3810	65
3811	92
3812	83
3813	68
3814	81
3815	76
3816	69
3817	77
3818	64
3819	70
3820	82
3821	79
3822	73
3823	80
3824	81
3825	92
3826	85
3827	76
3828	73
3829	91
3830	82
3831	96
3832	78
3833	80
3834	89
3835	80
3836	78
3837	62
3838	73
3839	79
3840	70
3841	60
3842	80
3843	85
3844	49
3845	71
3846	81
3847	71
3848	72
3849	82
3850	70
3851	46
3852	82
3853	62
3854	80
3855	68
3856	80
3857	72
3858	70
3859	81
3860	62
3861	76
3862	70
3863	84
3864	76
3865	95
3866	84
3867	70
3868	82
3869	67
3870	85
3871	68
3872	79
3873	73
3874	64
3875	81
3876	71
3877	58
3878	93
3879	79
3880	70
3881	76
3882	84
3883	71
3884	82
3885	77
3886	89
3887	77
3888	82
3889	84
3890	68
3891	78
3892	80
3893	83
3894	74
3895	85
3896	76
3897	85
3898	73
3899	67
3900	81
3901	89
3902	87
3903	68
3904	75
3905	73
3906	64
3907	63
3908	77
3909	75
3910	61
3911	70
3912	79
3913	83
3914	68
3915	86
3916	70
3917	66
3918	69
3919	85
3920	78
3921	61
3922	67
3923	74
3924	80
3925	80
3926	77
3927	69
3928	72
3929	73
3930	66
3931	66
3932	86
3933	65
3934	71
3935	73
3936	76
3937	63
3938	61
3939	68
3940	76
3941	89
3942	80
3943	69
3944	76
3945	71
3946	81
3947	77
3948	67
3949	76
3950	77
3951	57
3952	78
3953	81
3954	61
3955	73
3956	85
3957	78
3958	67
3959	80
3960	71
3961	58
3962	80
3963	83
3964	71
3965	65
3966	88
3967	83
3968	73
3969	62
3970	52
3971	92
3972	80
3973	60
3974	58
3975	70
3976	62
3977	69
3978	74
3979	74
3980	66
3981	70
3982	66
3983	66
3984	78
3985	65
3986	67
3987	65
3988	76
3989	56
3990	64
3991	74
3992	64
3993	58
3994	74
3995	73
3996	75
3997	62
3998	73
3999	71
4000	71
4001	68
4002	69
4003	61
4004	69
4005	61
4006	86
4007	61
4008	70
4009	72
4010	53
4011	70
4012	57
4013	63
4014	54
4015	70
4016	74
4017	75
4018	64
4019	70
4020	68
4021	65
4022	55
4023	60
4024	70
4025	68
4026	60
4027	63
4028	62
4029	50
4030	56
4031	62
4032	55
4033	79
4034	64
4035	62
4036	56
4037	62
4038	58
4039	71
4040	67
4041	65
4042	60
4043	70
4044	72
4045	73
4046	63
4047	51
4048	71
4049	58
4050	72
4051	59
4052	56
4053	66
4054	61
4055	72
4056	79
4057	68
4058	55
4059	66
4060	71
4061	73
4062	59
4063	52
4064	62
4065	65
4066	83
4067	57
4068	67
4069	58
4070	55
4071	63
4072	56
4073	65
4074	68
4075	64
4076	62
4077	73
4078	62
4079	67
4080	74
4081	64
4082	76
4083	63
4084	70
4085	72
4086	66
4087	66
4088	54
4089	72
4090	63
4091	68
4092	70
4093	73
4094	73
4095	55
4096	60
4097	65
4098	57
4099	66
4100	59
4101	63
4102	59
4103	62
4104	55
4105	72
4106	53
4107	63
4108	77
4109	54
4110	58
4111	69
4112	88
4113	63
4114	54
4115	66
4116	57
4117	77
4118	72
4119	62
4120	61
4121	61
4122	74
4123	73
4124	58
4125	69
4126	61
4127	55
4128	58
4129	67
4130	62
4131	68
4132	60
4133	63
4134	67
4135	66
4136	74
4137	61
4138	69
4139	68
4140	62
4141	53
4142	56
4143	55
4144	73
4145	54
4146	49
4147	43
4148	61
4149	72
4150	76
4151	61
4152	58
4153	60
4154	50
4155	53
4156	51
4157	53
4158	59
4159	70
4160	71
4161	51
4162	83
4163	54
4164	64
4165	76
4166	62
4167	61
4168	66
4169	62
4170	64
4171	64
4172	55
4173	64
4174	66
4175	67
4176	56
4177	65
4178	62
4179	73
4180	64
4181	71
4182	59
4183	64
4184	61
4185	62
4186	58
4187	64
4188	75
4189	66
4190	73
4191	66
4192	44
4193	55
4194	65
4195	72
4196	64
4197	59
4198	72
4199	54
4200	76
4201	75
4202	58
4203	69
4204	78
4205	77
4206	56
4207	53
4208	61
4209	55
4210	58
4211	45
4212	58
4213	65
4214	58
4215	63
4216	49
4217	63
4218	64
4219	68
4220	67
4221	55
4222	59
4223	44
4224	74
4225	62
4226	58
4227	58
4228	66
4229	61
4230	56
4231	66
4232	63
4233	61
4234	73
4235	52
4236	67
4237	60
4238	67
4239	75
4240	61
4241	61
4242	75
4243	69
4244	49
4245	75
4246	76
4247	50
4248	62
4249	67
4250	64
4251	64
4252	47
4253	56
4254	71
4255	53
4256	70
4257	64
4258	58
4259	72
4260	63
4261	65
4262	51
4263	61
4264	55
4265	64
4266	64
4267	68
4268	63
4269	66
4270	70
4271	60
4272	51
4273	59
4274	45
4275	64
4276	66
4277	66
4278	65
4279	65
4280	68
4281	74
4282	50
4283	64
4284	58
4285	61
4286	49
4287	66
4288	75
4289	71
4290	67
4291	73
4292	50
4293	69
4294	61
4295	86
4296	69
4297	64
4298	62
4299	68
4300	71
4301	78
4302	44
4303	68
4304	63
4305	64
4306	61
4307	64
4308	59
4309	62
4310	58
4311	53
4312	64
4313	67
4314	85
4315	64
4316	65
4317	68
4318	69
4319	73
4320	63
4321	74
4322	66
4323	63
4324	62
4325	61
4326	74
4327	63
4328	73
4329	51
4330	55
4331	76
4332	48
4333	73
4334	62
4335	65
4336	74
4337	70
4338	67
4339	55
4340	69
4341	67
4342	67
4343	64
4344	67
4345	79
4346	81
4347	85
4348	64
4349	63
4350	59
4351	80
4352	71
4353	59
4354	70
4355	77
4356	65
4357	65
4358	69
4359	63
4360	75
4361	77
4362	70
4363	73
4364	72
4365	64
4366	51
4367	65
4368	78
4369	58
4370	63
4371	60
4372	64
4373	75
4374	62
4375	70
4376	58
4377	74
4378	72
4379	69
4380	67
4381	68
4382	67
4383	65
4384	56
4385	67
4386	80
4387	70
4388	70
4389	60
4390	76
4391	65
4392	69
4393	68
4394	55
4395	64
4396	82
4397	65
4398	66
4399	76
4400	72
4401	55
4402	62
4403	69
4404	64
4405	70
4406	58
4407	65
4408	67
4409	72
4410	48
4411	66
4412	62
4413	81
4414	77
4415	63
4416	94
4417	73
4418	74
4419	85
4420	67
4421	66
4422	69
4423	64
4424	91
4425	54
4426	64
4427	67
4428	52
4429	69
4430	70
4431	53
4432	61
4433	72
4434	69
4435	74
4436	64
4437	69
4438	83
4439	78
4440	76
4441	66
4442	69
4443	58
4444	76
4445	73
4446	62
4447	67
4448	61
4449	52
4450	72
4451	55
4452	58
4453	45
4454	70
4455	59
4456	68
4457	87
4458	67
4459	73
4460	60
4461	68
4462	61
4463	62
4464	70
4465	63
4466	71
4467	58
4468	55
4469	73
4470	59
4471	68
4472	59
4473	64
4474	67
4475	68
4476	73
4477	64
4478	61
4479	79
4480	71
4481	68
4482	76
4483	62
4484	70
4485	77
4486	56
4487	78
4488	56
4489	78
4490	70
4491	67
4492	75
4493	80
4494	61
4495	70
4496	57
4497	60
4498	62
4499	50
4500	75
4501	63
4502	75
4503	73
4504	73
4505	51
4506	71
4507	65
4508	56
4509	64
4510	53
4511	62
4512	68
4513	80
4514	82
4515	57
4516	56
4517	75
4518	64
4519	73
4520	62
4521	80
4522	62
4523	57
4524	69
4525	66
4526	71
4527	70
4528	67
4529	67
4530	66
4531	66
4532	71
4533	57
4534	65
4535	73
4536	76
4537	60
4538	73
4539	62
4540	68
4541	70
4542	71
4543	77
4544	76
4545	56
4546	59
4547	68
4548	66
4549	62
4550	72
4551	56
4552	70
4553	52
4554	65
4555	58
4556	67
4557	67
4558	63
4559	74
4560	81
4561	52
4562	58
4563	61
4564	63
4565	65
4566	60
4567	67
4568	70
4569	56
4570	69
4571	69
4572	81
4573	57
4574	76
4575	62
4576	63
4577	65
4578	68
4579	70
4580	63
4581	54
4582	59
4583	70
4584	65
4585	59
4586	70
4587	59
4588	57
4589	62
4590	58
4591	60
4592	76
4593	68
4594	63
4595	53
4596	69
4597	64
4598	72
4599	54
4600	63
4601	61
4602	68
4603	69
4604	71
4605	62
4606	55
4607	58
4608	54
4609	56
4610	67
4611	65
4612	62
4613	69
4614	61
4615	69
4616	63
4617	61
4618	65
4619	64
4620	60
4621	58
4622	61
4623	65
4624	65
4625	68
4626	57
4627	61
4628	58
4629	67
4630	71
4631	60
4632	76
4633	63
4634	55
4635	69
4636	62
4637	71
4638	71
4639	74
4640	65
4641	62
4642	57
4643	70
4644	65
4645	61
4646	75
4647	69
4648	60
4649	63
4650	60
4651	60
4652	63
4653	64
4654	45
4655	65
4656	67
4657	63
4658	64
4659	69
4660	56
4661	72
4662	71
4663	53
4664	72
4665	58
4666	75
4667	74
4668	68
4669	74
4670	82
4671	64
4672	70
4673	55
4674	71
4675	70
4676	70
4677	72
4678	77
4679	58
4680	55
4681	58
4682	69
4683	84
4684	51
4685	69
4686	66
4687	60
4688	75
4689	69
4690	83
4691	55
4692	75
4693	80
4694	64
4695	74
4696	73
4697	52
4698	74
4699	70
4700	64
4701	82
4702	63
4703	69
4704	56
4705	62
4706	70
4707	70
4708	83
4709	71
4710	71
4711	68
4712	78
4713	77
4714	77
4715	78
4716	66
4717	71
4718	76
4719	71
4720	67
4721	71
4722	72
4723	73
4724	75
4725	64
4726	78
4727	66
4728	68
4729	54
4730	82
4731	91
4732	74
4733	57
4734	77
4735	63
4736	69
4737	68
4738	60
4739	71
4740	78
4741	68
4742	84
4743	87
4744	58
4745	60
4746	72
4747	75
4748	85
4749	101
4750	64
4751	83
4752	100
4753	102
4754	69
4755	71
4756	77
4757	72
4758	74
4759	86
4760	79
4761	85
4762	104
4763	74
4764	83
4765	78
4766	76
4767	70
4768	67
4769	97
4770	84
4771	69
4772	78
4773	76
4774	85
4775	83
4776	72
4777	81
4778	70
4779	93
4780	67
4781	79
4782	86
4783	78
4784	86
4785	81
4786	92
4787	72
4788	75
4789	80
4790	94
4791	75
4792	65
4793	89
4794	78
4795	72
4796	89
4797	81
4798	89
4799	83
4800	85
4801	79
4802	94
4803	84
4804	89
4805	83
4806	88
4807	84
4808	106
4809	74
4810	84
4811	88
4812	80
4813	88
4814	107
4815	96
4816	87
4817	104
4818	108
4819	94
4820	94
4821	99
4822	92
4823	101
4824	84
4825	92
4826	105
4827	91
4828	107
4829	98
4830	97
4831	100
4832	93
4833	97
4834	106
4835	107
4836	90
4837	113
4838	93
4839	114
4840	106
4841	99
4842	94
4843	89
4844	92
4845	95
4846	107
4847	96
4848	107
4849	93
4850	116
4851	107
4852	85
4853	100
4854	101
4855	115
4856	96
4857	103
4858	86
4859	107
4860	115
4861	125
4862	119
4863	118
4864	108
4865	119
4866	101
4867	116
4868	108
4869	109
4870	132
4871	115
4872	113
4873	100
4874	107
4875	101
4876	107
4877	106
4878	100
4879	114
4880	120
4881	125
4882	132
4883	123
4884	139
4885	126
4886	108
4887	102
4888	126
4889	99
4890	119
4891	120
4892	113
4893	120
4894	108
4895	130
4896	109
4897	112
4898	115
4899	112
4900	127
4901	117
4902	111
4903	124
4904	122
4905	140
4906	128
4907	115
4908	118
4909	106
4910	133
4911	124
4912	112
4913	122
4914	109
4915	105
4916	123
4917	152
4918	126
4919	113
4920	131
4921	132
4922	122
4923	131
4924	123
4925	127
4926	122
4927	113
4928	135
4929	133
4930	113
4931	118
4932	130
4933	136
4934	135
4935	134
4936	155
4937	118
4938	121
4939	113
4940	140
4941	132
4942	121
4943	109
4944	120
4945	149
4946	147
4947	118
4948	111
4949	131
4950	139
4951	143
4952	121
4953	122
4954	123
4955	121
4956	144
4957	132
4958	108
4959	129
4960	144
4961	104
4962	122
4963	138
4964	138
4965	131
4966	124
4967	143
4968	118
4969	135
4970	120
4971	121
4972	131
4973	135
4974	114
4975	138
4976	138
4977	144
4978	136
4979	162
4980	127
4981	153
4982	133
4983	139
4984	121
4985	132
4986	133
4987	135
4988	123
4989	134
4990	138
4991	126
4992	148
4993	144
4994	140
4995	133
4996	123
4997	137
4998	151
4999	121
5000	108
5001	142
5002	149
5003	119
5004	137
5005	122
5006	134
5007	130
5008	130
5009	141
5010	142
5011	126
5012	145
5013	146
5014	130
5015	117
5016	147
5017	126
5018	125
5019	128
5020	120
5021	118
5022	141
5023	133
5024	128
5025	130
5026	132
5027	142
5028	112
5029	131
5030	120
5031	123
5032	128
5033	138
5034	158
5035	104
5036	120
5037	124
5038	133
5039	129
5040	116
5041	113
5042	113
5043	117
5044	117
5045	126
5046	120
5047	119
5048	116
5049	120
5050	122
5051	134
5052	143
5053	123
5054	105
5055	144
5056	111
5057	101
5058	129
5059	116
5060	117
5061	131
5062	128
5063	119
5064	113
5065	118
5066	120
5067	117
5068	113
5069	112
5070	107
5071	137
5072	113
5073	137
5074	116
5075	129
5076	115
5077	119
5078	104
5079	121
5080	118
5081	139
5082	112
5083	110
5084	113
5085	110
5086	117
5087	107
5088	104
5089	110
5090	115
5091	102
5092	113
5093	113
5094	107
5095	130
5096	84
5097	88
5098	126
5099	98
5100	98
5101	114
5102	126
5103	94
5104	106
5105	106
5106	110
5107	94
5108	114
5109	129
5110	114
5111	106
5112	83
5113	98
5114	106
5115	93
5116	107
5117	97
5118	124
5119	110
5120	91
5121	109
5122	102
5123	96
5124	99
5125	91
5126	99
5127	107
5128	104
5129	102
5130	94
5131	94
5132	106
5133	102
5134	82
5135	83
5136	114
5137	89
5138	72
5139	96
5140	91
5141	85
5142	95
5143	99
5144	90
5145	94
5146	91
5147	83
5148	104
5149	88
5150	80
5151	106
5152	84
5153	101
5154	81
5155	104
5156	98
5157	110
5158	87
5159	95
5160	71
5161	97
5162	80
5163	83
5164	85
5165	88
5166	89
5167	90
5168	79
5169	82
5170	87
5171	83
5172	90
5173	70
5174	73
5175	99
5176	85
5177	80
5178	86
5179	82
5180	62
5181	108
5182	63
5183	83
5184	76
5185	78
5186	103
5187	84
5188	92
5189	79
5190	71
5191	78
5192	66
5193	83
5194	68
5195	73
5196	59
5197	66
5198	91
5199	74
5200	77
5201	90
5202	88
5203	78
5204	75
5205	58
5206	64
5207	73
5208	60
5209	68
5210	68
5211	72
5212	84
5213	65
5214	56
5215	80
5216	76
5217	79
5218	80
5219	68
5220	88
5221	71
5222	71
5223	61
5224	64
5225	59
5226	73
5227	72
5228	56
5229	76
5230	74
5231	78
5232	78
5233	68
5234	90
5235	76
5236	66
5237	69
5238	71
5239	74
5240	53
5241	72
5242	82
5243	76
5244	66
5245	67
5246	82
5247	75
5248	80
5249	75
5250	72
5251	48
5252	74
5253	52
5254	60
5255	57
5256	60
5257	55
5258	78
5259	81
5260	58
5261	82
5262	59
5263	53
5264	59
5265	74
5266	74
5267	52
5268	65
5269	73
5270	58
5271	54
5272	61
5273	66
5274	66
5275	56
5276	65
5277	49
5278	56
5279	56
5280	56
5281	65
5282	62
5283	55
5284	62
5285	61
5286	60
5287	65
5288	66
5289	67
5290	49
5291	75
5292	64
5293	74
5294	61
5295	68
5296	55
5297	61
5298	67
5299	53
5300	56
5301	58
5302	78
5303	67
5304	59
5305	69
5306	83
5307	52
5308	65
5309	57
5310	67
5311	68
5312	62
5313	57
5314	55
5315	54
5316	64
5317	65
5318	67
5319	66
5320	51
5321	56
5322	73
5323	61
5324	57
5325	61
5326	52
5327	70
5328	54
5329	63
5330	70
5331	73
5332	59
5333	62
5334	56
5335	67
5336	59
5337	54
5338	61
5339	58
5340	57
5341	55
5342	64
5343	67
5344	73
5345	65
5346	64
5347	54
5348	50
5349	66
5350	53
5351	49
5352	52
5353	72
5354	69
5355	62
5356	54
5357	68
5358	60
5359	50
5360	62
5361	50
5362	85
5363	54
5364	65
5365	58
5366	60
5367	71
5368	61
5369	62
5370	51
5371	77
5372	53
5373	59
5374	63
5375	56
5376	58
5377	68
5378	45
5379	63
5380	62
5381	66
5382	58
5383	68
5384	59
5385	69
5386	63
5387	60
5388	66
5389	63
5390	67
5391	55
5392	70
5393	64
5394	48
5395	68
5396	74
5397	53
5398	70
5399	70
5400	56
5401	55
5402	66
5403	72
5404	68
5405	56
5406	69
5407	63
5408	56
5409	57
5410	65
5411	50
5412	65
5413	60
5414	59
5415	69
5416	63
5417	56
5418	52
5419	55
5420	59
5421	54
5422	69
5423	59
5424	61
5425	62
5426	62
5427	58
5428	56
5429	69
5430	67
5431	60
5432	61
5433	62
5434	66
5435	60
5436	64
5437	51
5438	61
5439	49
5440	63
5441	55
5442	54
5443	61
5444	64
5445	60
5446	65
5447	59
5448	53
5449	61
5450	69
5451	65
5452	55
5453	61
5454	60
5455	52
5456	65
5457	55
5458	66
5459	56
5460	59
5461	55
5462	50
5463	64
5464	62
5465	64
5466	51
5467	61
5468	61
5469	43
5470	66
5471	57
5472	57
5473	73
5474	49
5475	50
5476	70
5477	58
5478	75
5479	56
5480	64
5481	65
5482	57
5483	82
5484	76
5485	53
5486	64
5487	54
5488	72
5489	59
5490	57
5491	55
5492	59
5493	74
5494	58
5495	59
5496	66
5497	71
5498	50
5499	62
5500	68
5501	61
5502	62
5503	68
5504	65
5505	55
5506	51
5507	57
5508	59
5509	59
5510	65
5511	54
5512	59
5513	61
5514	54
5515	54
5516	80
5517	45
5518	65
5519	53
5520	64
5521	53
5522	57
5523	58
5524	50
5525	58
5526	60
5527	59
5528	56
5529	58
5530	63
5531	58
5532	59
5533	57
5534	63
5535	61
5536	51
5537	44
5538	52
5539	63
5540	78
5541	64
5542	42
5543	60
5544	60
5545	44
5546	55
5547	66
5548	60
5549	70
5550	64
5551	59
5552	51
5553	68
5554	74
5555	64
5556	50
5557	48
5558	51
5559	59
5560	75
5561	57
5562	68
5563	45
5564	57
5565	60
5566	63
5567	50
5568	63
5569	46
5570	62
5571	55
5572	66
5573	74
5574	52
5575	64
5576	57
5577	64
5578	55
5579	70
5580	54
5581	55
5582	56
5583	41
5584	51
5585	68
5586	64
5587	65
5588	60
5589	53
5590	63
5591	52
5592	66
5593	64
5594	56
5595	60
5596	65
5597	68
5598	46
5599	37
5600	58
5601	51
5602	55
5603	53
5604	61
5605	48
5606	46
5607	51
5608	49
5609	62
5610	45
5611	55
5612	52
5613	52
5614	59
5615	65
5616	57
5617	53
5618	52
5619	55
5620	67
5621	48
5622	42
5623	53
5624	61
5625	47
5626	55
5627	40
5628	64
5629	55
5630	64
5631	56
5632	48
5633	56
5634	52
5635	48
5636	48
5637	48
5638	62
5639	65
5640	54
5641	49
5642	55
5643	56
5644	58
5645	41
5646	48
5647	47
5648	42
5649	47
5650	40
5651	52
5652	45
5653	74
5654	51
5655	50
5656	50
5657	56
5658	47
5659	64
5660	59
5661	49
5662	56
5663	58
5664	43
5665	44
5666	44
5667	54
5668	42
5669	51
5670	57
5671	50
5672	58
5673	51
5674	57
5675	51
5676	50
5677	49
5678	46
5679	69
5680	58
5681	43
5682	50
5683	43
5684	54
5685	43
5686	55
5687	55
5688	55
5689	52
5690	42
5691	58
5692	52
5693	50
5694	52
5695	65
5696	51
5697	38
5698	53
5699	49
5700	60
5701	61
5702	55
5703	49
5704	53
5705	56
5706	40
5707	43
5708	50
5709	46
5710	68
5711	59
5712	49
5713	59
5714	60
5715	54
5716	39
5717	71
5718	64
5719	55
5720	51
5721	52
5722	60
5723	57
5724	56
5725	63
5726	57
5727	50
5728	47
5729	48
5730	53
5731	58
5732	61
5733	56
5734	58
5735	58
5736	58
5737	61
5738	60
5739	68
5740	46
5741	55
5742	67
5743	59
5744	66
5745	67
5746	55
5747	68
5748	60
5749	57
5750	50
5751	63
5752	59
5753	55
5754	65
5755	67
5756	57
5757	67
5758	72
5759	52
5760	65
5761	65
5762	47
5763	53
5764	68
5765	73
5766	57
5767	56
5768	58
5769	57
5770	61
5771	56
5772	67
5773	66
5774	64
5775	54
5776	49
5777	69
5778	56
5779	59
5780	58
5781	60
5782	64
5783	68
5784	66
5785	71
5786	59
5787	67
5788	65
5789	67
5790	68
5791	78
5792	82
5793	70
5794	59
5795	57
5796	66
5797	72
5798	82
5799	70
5800	68
5801	49
5802	59
5803	66
5804	70
5805	73
5806	74
5807	66
5808	63
5809	61
5810	70
5811	74
5812	67
5813	53
5814	87
5815	69
5816	67
5817	82
5818	75
5819	76
5820	62
5821	68
5822	77
5823	70
5824	66
5825	66
5826	83
5827	83
5828	79
5829	64
5830	75
5831	90
5832	83
5833	79
5834	86
5835	74
5836	74
5837	82
5838	61
5839	82
5840	78
5841	85
5842	77
5843	63
5844	89
5845	72
5846	73
5847	71
5848	88
5849	82
5850	84
5851	59
5852	77
5853	70
5854	69
5855	86
5856	79
5857	78
5858	99
5859	76
5860	87
5861	93
5862	89
5863	81
5864	77
5865	85
5866	84
5867	83
5868	81
5869	94
5870	72
5871	78
5872	72
5873	92
5874	74
5875	82
5876	82
5877	88
5878	93
5879	75
5880	86
5881	90
5882	86
5883	101
5884	80
5885	117
5886	97
5887	93
5888	94
5889	76
5890	98
5891	90
5892	75
5893	84
5894	85
5895	89
5896	87
5897	99
5898	96
5899	96
5900	95
5901	93
5902	90
5903	90
5904	93
5905	97
5906	98
5907	96
5908	84
5909	84
5910	103
5911	91
5912	114
5913	80
5914	81
5915	88
5916	99
5917	97
5918	101
5919	105
5920	90
5921	115
5922	84
5923	96
5924	80
5925	100
5926	108
5927	74
5928	115
5929	110
5930	98
5931	103
5932	92
5933	94
5934	100
5935	106
5936	102
5937	118
5938	108
5939	100
5940	105
5941	116
5942	96
5943	111
5944	92
5945	94
5946	117
5947	105
5948	97
5949	91
5950	108
5951	110
5952	108
5953	114
5954	107
5955	108
5956	112
5957	103
5958	94
5959	97
5960	103
5961	125
5962	99
5963	110
5964	107
5965	96
5966	102
5967	101
5968	96
5969	102
5970	105
5971	118
5972	99
5973	125
5974	116
5975	109
5976	98
5977	90
5978	86
5979	99
5980	90
5981	114
5982	100
5983	93
5984	122
5985	103
5986	100
5987	112
5988	95
5989	97
5990	109
5991	101
5992	89
5993	94
5994	111
5995	106
5996	92
5997	103
5998	97
5999	109
6000	111
6001	110
6002	96
6003	108
6004	113
6005	98
6006	100
6007	98
6008	104
6009	91
6010	99
6011	77
6012	103
6013	106
6014	100
6015	102
6016	103
6017	100
6018	91
6019	105
6020	109
6021	106
6022	116
6023	105
6024	97
6025	90
6026	93
6027	107
6028	98
6029	101
6030	114
6031	94
6032	94
6033	101
6034	116
6035	106
6036	73
6037	105
6038	94
6039	93
6040	98
6041	68
6042	108
6043	96
6044	102
6045	103
6046	99
6047	120
6048	98
6049	100
6050	84
6051	118
6052	112
6053	116
6054	96
6055	78
6056	98
6057	85
6058	89
6059	83
6060	89
6061	93
6062	84
6063	86
6064	92
6065	88
6066	92
6067	95
6068	90
6069	83
6070	87
6071	84
6072	86
6073	81
6074	85
6075	99
6076	79
6077	101
6078	97
6079	117
6080	104
6081	79
6082	96
6083	80
6084	107
6085	83
6086	89
6087	85
6088	88
6089	83
6090	104
6091	77
6092	82
6093	79
6094	94
6095	114
6096	87
6097	70
6098	86
6099	78
6100	82
6101	75
6102	93
6103	85
6104	86
6105	74
6106	83
6107	87
6108	77
6109	90
6110	89
6111	77
6112	74
6113	80
6114	76
6115	93
6116	77
6117	77
6118	81
6119	82
6120	89
6121	63
6122	72
6123	93
6124	78
6125	77
6126	88
6127	92
6128	75
6129	83
6130	76
6131	71
6132	85
6133	83
6134	75
6135	66
6136	92
6137	70
6138	94
6139	72
6140	53
6141	59
6142	78
6143	82
6144	80
6145	58
6146	60
6147	62
6148	65
6149	70
6150	75
6151	78
6152	69
6153	80
6154	63
6155	71
6156	73
6157	80
6158	69
6159	67
6160	81
6161	67
6162	71
6163	68
6164	58
6165	77
6166	68
6167	68
6168	62
6169	52
6170	45
6171	80
6172	66
6173	64
6174	63
6175	74
6176	58
6177	61
6178	53
6179	53
6180	75
6181	68
6182	64
6183	77
6184	67
6185	76
6186	66
6187	52
6188	63
6189	66
6190	49
6191	59
6192	56
6193	60
6194	61
6195	67
6196	66
6197	48
6198	64
6199	53
6200	61
6201	45
6202	55
6203	59
6204	54
6205	49
6206	58
6207	70
6208	50
6209	54
6210	57
6211	56
6212	47
6213	52
6214	45
6215	51
6216	57
6217	52
6218	51
6219	63
6220	54
6221	61
6222	49
6223	38
6224	48
6225	43
6226	50
6227	46
6228	57
6229	47
6230	58
6231	51
6232	43
6233	48
6234	44
6235	48
6236	40
6237	41
6238	49
6239	58
6240	54
6241	59
6242	38
6243	40
6244	40
6245	52
6246	38
6247	42
6248	42
6249	51
6250	44
6251	43
6252	47
6253	46
6254	44
6255	55
6256	41
6257	50
6258	51
6259	50
6260	52
6261	58
6262	42
6263	47
6264	53
6265	46
6266	41
6267	52
6268	42
6269	29
6270	44
6271	39
6272	31
6273	46
6274	45
6275	41
6276	49
6277	46
6278	35
6279	33
6280	36
6281	37
6282	32
6283	42
6284	34
6285	53
6286	41
6287	40
6288	44
6289	39
6290	31
6291	42
6292	36
6293	37
6294	33
6295	37
6296	49
6297	38
6298	44
6299	47
6300	41
6301	31
6302	35
6303	43
6304	32
6305	45
6306	50
6307	43
6308	43
6309	42
6310	41
6311	36
6312	40
6313	37
6314	49
6315	21
6316	32
6317	33
6318	43
6319	44
6320	45
6321	41
6322	36
6323	35
6324	48
6325	43
6326	35
6327	42
6328	46
6329	35
6330	39
6331	52
6332	34
6333	33
6334	30
6335	49
6336	31
6337	49
6338	32
6339	37
6340	42
6341	52
6342	44
6343	39
6344	34
6345	41
6346	56
6347	26
6348	49
6349	42
6350	58
6351	35
6352	40
6353	28
6354	44
6355	36
6356	47
6357	38
6358	54
6359	36
6360	36
6361	39
6362	39
6363	48
6364	37
6365	40
6366	37
6367	44
6368	41
6369	43
6370	39
6371	43
6372	42
6373	41
6374	50
6375	57
6376	35
6377	44
6378	41
6379	37
6380	43
6381	32
6382	48
6383	34
6384	35
6385	33
6386	34
6387	42
6388	49
6389	55
6390	47
6391	40
6392	43
6393	37
6394	48
6395	41
6396	34
6397	40
6398	48
6399	51
6400	39
6401	34
6402	48
6403	49
6404	42
6405	30
6406	61
6407	40
6408	39
6409	33
6410	40
6411	42
6412	55
6413	46
6414	44
6415	50
6416	52
6417	49
6418	43
6419	44
6420	35
6421	43
6422	41
6423	48
6424	48
6425	53
6426	39
6427	39
6428	58
6429	60
6430	42
6431	52
6432	37
6433	55
6434	55
6435	63
6436	55
6437	54
6438	46
6439	47
6440	48
6441	53
6442	47
6443	54
6444	60
6445	54
6446	61
6447	52
6448	52
6449	54
6450	40
6451	64
6452	63
6453	47
6454	61
6455	45
6456	58
6457	66
6458	56
6459	52
6460	56
6461	53
6462	54
6463	57
6464	49
6465	46
6466	62
6467	52
6468	55
6469	64
6470	54
6471	59
6472	69
6473	37
6474	55
6475	59
6476	57
6477	58
6478	67
6479	72
6480	53
6481	54
6482	64
6483	63
6484	55
6485	67
6486	53
6487	54
6488	63
6489	67
6490	69
6491	62
6492	60
6493	64
6494	55
6495	65
6496	75
6497	56
6498	83
6499	86
6500	54
6501	54
6502	69
6503	68
6504	56
6505	62
6506	71
6507	64
6508	51
6509	75
6510	53
6511	77
6512	80
6513	74
6514	59
6515	56
6516	74
6517	86
6518	58
6519	65
6520	73
6521	75
6522	88
6523	80
6524	91
6525	82
6526	86
6527	70
6528	74
6529	60
6530	77
6531	84
6532	83
6533	73
6534	89
6535	75
6536	64
6537	67
6538	84
6539	98
6540	77
6541	77
6542	94
6543	87
6544	68
6545	82
6546	74
6547	99
6548	84
6549	62
6550	66
6551	75
6552	89
6553	70
6554	97
6555	76
6556	74
6557	83
6558	83
6559	86
6560	84
6561	78
6562	77
6563	82
6564	95
6565	68
6566	69
6567	99
6568	79
6569	79
6570	78
6571	90
6572	74
6573	94
6574	89
6575	92
6576	91
6577	92
6578	102
6579	78
6580	90
6581	102
6582	89
6583	92
6584	96
6585	102
6586	88
6587	90
6588	85
6589	95
6590	91
6591	93
6592	90
6593	104
6594	77
6595	97
6596	94
6597	98
6598	103
6599	89
6600	98
6601	111
6602	99
6603	86
6604	105
6605	96
6606	105
6607	78
6608	105
6609	86
6610	108
6611	96
6612	114
6613	102
6614	96
6615	88
6616	120
6617	93
6618	100
6619	94
6620	94
6621	98
6622	90
6623	98
6624	108
6625	94
6626	127
6627	104
6628	104
6629	106
6630	91
6631	107
6632	110
6633	99
6634	97
6635	105
6636	101
6637	100
6638	92
6639	102
6640	93
6641	108
6642	91
6643	110
6644	110
6645	124
6646	101
6647	92
6648	109
6649	104
6650	111
6651	106
6652	109
6653	118
6654	108
6655	103
6656	93
6657	115
6658	94
6659	94
6660	101
6661	136
6662	129
6663	102
6664	91
6665	110
6666	108
6667	117
6668	104
6669	103
6670	118
6671	101
6672	105
6673	105
6674	113
6675	106
6676	106
6677	96
6678	104
6679	96
6680	119
6681	107
6682	109
6683	120
6684	111
6685	118
6686	98
6687	106
6688	106
6689	107
6690	127
6691	122
6692	96
6693	138
6694	108
6695	116
6696	124
6697	131
6698	109
6699	100
6700	122
6701	110
6702	111
6703	105
6704	115
6705	125
6706	108
6707	107
6708	106
6709	127
6710	137
6711	118
6712	113
6713	110
6714	105
6715	119
6716	108
6717	117
6718	118
6719	127
6720	106
6721	108
6722	117
6723	113
6724	104
6725	110
6726	129
6727	106
6728	123
6729	117
6730	125
6731	124
6732	117
6733	91
6734	108
6735	128
6736	128
6737	120
6738	110
6739	119
6740	115
6741	121
6742	119
6743	129
6744	106
6745	110
6746	111
6747	115
6748	104
6749	117
6750	108
6751	117
6752	117
6753	135
6754	107
6755	124
6756	125
6757	111
6758	116
6759	98
6760	120
6761	120
6762	112
6763	116
6764	118
6765	100
6766	110
6767	108
6768	122
6769	122
6770	109
6771	113
6772	103
6773	129
6774	102
6775	124
6776	106
6777	118
6778	117
6779	109
6780	122
6781	86
6782	120
6783	113
6784	94
6785	115
6786	107
6787	116
6788	94
6789	105
6790	121
6791	119
6792	91
6793	106
6794	115
6795	119
6796	110
6797	125
6798	103
6799	92
6800	99
6801	103
6802	115
6803	110
6804	100
6805	105
6806	90
6807	116
6808	110
6809	89
6810	102
6811	118
6812	107
6813	113
6814	99
6815	110
6816	96
6817	124
6818	107
6819	139
6820	92
6821	105
6822	118
6823	130
6824	98
6825	103
6826	129
6827	109
6828	87
6829	93
6830	115
6831	93
6832	113
6833	115
6834	77
6835	107
6836	111
6837	101
6838	104
6839	94
6840	102
6841	84
6842	79
6843	90
6844	91
6845	106
6846	93
6847	84
6848	99
6849	81
6850	101
6851	88
6852	93
6853	104
6854	77
6855	97
6856	80
6857	91
6858	75
6859	105
6860	82
6861	100
6862	97
6863	96
6864	95
6865	83
6866	71
6867	74
6868	88
6869	94
6870	100
6871	94
6872	103
6873	86
6874	78
6875	71
6876	86
6877	76
6878	88
6879	71
6880	82
6881	90
6882	102
6883	77
6884	93
6885	76
6886	100
6887	85
6888	84
6889	92
6890	82
6891	75
6892	71
6893	70
6894	76
6895	90
6896	84
6897	93
6898	87
6899	76
6900	104
6901	90
6902	85
6903	101
6904	82
6905	85
6906	65
6907	91
6908	96
6909	69
6910	88
6911	79
6912	88
6913	88
6914	79
6915	77
6916	77
6917	69
6918	68
6919	73
6920	72
6921	66
6922	85
6923	80
6924	69
6925	79
6926	81
6927	74
6928	72
6929	64
6930	63
6931	60
6932	67
6933	74
6934	70
6935	68
6936	78
6937	81
6938	78
6939	72
6940	70
6941	89
6942	54
6943	71
6944	64
6945	83
6946	80
6947	67
6948	68
6949	62
6950	62
6951	55
6952	69
6953	82
6954	58
6955	65
6956	55
6957	72
6958	48
6959	55
6960	45
6961	58
6962	45
6963	68
6964	60
6965	79
6966	70
6967	70
6968	67
6969	64
6970	49
6971	46
6972	68
6973	54
6974	50
6975	63
6976	67
6977	61
6978	51
6979	59
6980	58
6981	68
6982	65
6983	61
6984	59
6985	59
6986	74
6987	48
6988	51
6989	58
6990	44
6991	36
6992	55
6993	66
6994	56
6995	57
6996	45
6997	50
6998	45
6999	68
7000	55
7001	58
7002	58
7003	51
7004	44
7005	48
7006	48
7007	48
7008	53
7009	56
7010	42
7011	47
7012	38
7013	41
7014	59
7015	49
7016	56
7017	45
7018	50
7019	41
7020	37
7021	46
7022	41
7023	45
7024	35
7025	36
7026	55
7027	40
7028	50
7029	48
7030	44
7031	49
7032	46
7033	39
7034	39
7035	52
7036	57
7037	48
7038	58
7039	39
7040	46
7041	61
7042	49
7043	34
7044	44
7045	58
7046	36
7047	43
7048	48
7049	44
7050	43
7051	36
7052	31
7053	47
7054	38
7055	35
7056	29
7057	37
7058	47
7059	45
7060	59
7061	41
7062	34
7063	42
7064	25
7065	32
7066	37
7067	41
7068	46
7069	42
7070	32
7071	33
7072	38
7073	37
7074	42
7075	30
7076	50
7077	32
7078	27
7079	29
7080	52
7081	33
7082	25
7083	30
7084	42
7085	44
7086	36
7087	41
7088	29
7089	29
7090	37
7091	33
7092	31
7093	44
7094	36
7095	30
7096	28
7097	31
7098	34
7099	27
7100	35
7101	39
7102	34
7103	23
7104	36
7105	39
7106	30
7107	25
7108	35
7109	29
7110	47
7111	41
7112	33
7113	28
7114	27
7115	32
7116	28
7117	28
7118	28
7119	25
7120	27
7121	31
7122	24
7123	38
7124	31
7125	28
7126	41
7127	26
7128	27
7129	46
7130	30
7131	24
7132	31
7133	31
7134	29
7135	36
7136	27
7137	32
7138	32
7139	23
7140	31
7141	19
7142	29
7143	21
7144	21
7145	21
7146	18
7147	16
7148	16
7149	24
7150	27
7151	24
7152	20
7153	21
7154	22
7155	27
7156	25
7157	32
7158	30
7159	24
7160	27
7161	31
7162	28
7163	23
7164	21
7165	25
7166	18
7167	19
7168	32
7169	20
7170	23
7171	18
7172	20
7173	22
7174	30
7175	21
7176	27
7177	29
7178	22
7179	29
7180	23
7181	12
7182	15
7183	15
7184	21
7185	21
7186	25
7187	20
7188	15
7189	22
7190	24
7191	18
7192	15
7193	15
7194	19
7195	19
7196	28
7197	19
7198	19
7199	18
7200	16
7201	15
7202	20
7203	28
7204	23
7205	26
7206	10
7207	18
7208	16
7209	14
7210	28
7211	18
7212	13
7213	16
7214	31
7215	17
7216	24
7217	18
7218	20
7219	20
7220	13
7221	19
7222	18
7223	25
7224	17
7225	18
7226	19
7227	18
7228	24
7229	22
7230	17
7231	21
7232	9
7233	21
7234	22
7235	15
7236	21
7237	23
7238	16
7239	21
7240	23
7241	19
7242	14
7243	23
7244	18
7245	14
7246	10
7247	20
7248	14
7249	14
7250	20
7251	28
7252	16
7253	19
7254	13
7255	17
7256	17
7257	19
7258	20
7259	23
7260	18
7261	24
7262	28
7263	29
7264	22
7265	17
7266	9
7267	19
7268	24
7269	18
7270	20
7271	17
7272	15
7273	15
7274	18
7275	14
7276	19
7277	16
7278	11
7279	11
7280	17
7281	17
7282	16
7283	19
7284	18
7285	21
7286	16
7287	22
7288	21
7289	18
7290	12
7291	20
7292	16
7293	14
7294	20
7295	12
7296	18
7297	19
7298	15
7299	21
7300	18
7301	18
7302	18
7303	24
7304	12
7305	10
7306	9
7307	19
7308	14
7309	10
7310	13
7311	19
7312	18
7313	14
7314	17
7315	16
7316	26
7317	16
7318	14
7319	17
7320	18
7321	15
7322	10
7323	13
7324	17
7325	19
7326	12
7327	20
7328	9
7329	12
7330	21
7331	11
7332	16
7333	13
7334	16
7335	15
7336	16
7337	12
7338	20
7339	12
7340	16
7341	19
7342	11
7343	19
7344	13
7345	19
7346	9
7347	22
7348	18
7349	16
7350	23
7351	20
7352	12
7353	16
7354	12
7355	19
7356	13
7357	5
7358	18
7359	8
7360	17
7361	9
7362	15
7363	14
7364	19
7365	22
7366	7
7367	14
7368	16
7369	23
7370	10
7371	20
7372	24
7373	17
7374	15
7375	25
7376	17
7377	10
7378	17
7379	15
7380	13
7381	20
7382	17
7383	17
7384	10
7385	20
7386	8
7387	20
7388	11
7389	23
7390	10
7391	21
7392	12
7393	19
7394	10
7395	12
7396	14
7397	10
7398	13
7399	8
7400	9
7401	16
7402	13
7403	14
7404	17
7405	12
7406	18
7407	21
7408	16
7409	13
7410	18
7411	15
7412	10
7413	17
7414	10
7415	11
7416	10
7417	15
7418	15
7419	7
7420	18
7421	17
7422	16
7423	7
7424	11
7425	10
7426	15
7427	16
7428	11
7429	14
7430	7
7431	8
7432	14
7433	8
7434	14
7435	13
7436	12
7437	16
7438	17
7439	10
7440	20
7441	9
7442	14
7443	13
7444	15
7445	15
7446	10
7447	19
7448	19
7449	15
7450	15
7451	16
7452	15
7453	13
7454	15
7455	13
7456	11
7457	8
7458	10
7459	8
7460	10
7461	16
7462	14
7463	17
7464	10
7465	9
7466	11
7467	10
7468	13
7469	12
7470	5
7471	13
7472	10
7473	11
7474	10
7475	15
7476	7
7477	5
7478	11
7479	14
7480	12
7481	14
7482	11
7483	9
7484	12
7485	14
7486	6
7487	12
7488	7
7489	9
7490	8
7491	5
7492	8
7493	7
7494	11
7495	14
7496	6
7497	14
7498	7
7499	11
7500	14
7501	6
7502	7
7503	7
7504	4
7505	11
7506	7
7507	9
7508	4
7509	6
7510	3
7511	8
7512	6
7513	10
7514	3
7515	3
7516	10
7517	8
7518	3
7519	6
7520	5
7521	9
7522	4
7523	11
7524	6
7525	4
7526	9
7527	5
7528	5
7529	6
7530	5
7531	5
7532	4
7533	5
7534	3
7535	4
7536	8
7537	2
7538	2
7539	4
7540	2
7541	4
7542	6
7543	4
7544	5
7545	4
7546	4
7547	4
7548	4
7549	4
7550	6
7551	3
7552	3
7553	2
7554	2
7555	5
7556	3
7557	4
7558	0
7559	1
7560	1
7561	5
7562	1
7563	1
7564	1
7565	3
7566	2
7567	1
7568	3
7569	3
7570	3
7571	3
7572	0
7573	0
7574	0
7575	1
7576	0
7577	3
7578	0
7579	0
7580	4
7581	1
7582	0
7583	2
7584	1
7585	1
7586	2
7587	1
7588	0
7589	1
7590	1
7591	0
7592	0
7593	0
7594	1
7595	1
7596	0
7597	1
7598	1
7599	1
7600	0
7601	1
7602	0
7603	1
7604	0
7605	0
7606	0
7607	0
7608	0
7609	0
7610	0
7611	0
7612	0
7613	0
7614	0
7615	1
7616	0
7617	0
7618	0
7619	0
7620	0
7621	0
7622	0
7623	0
7624	0
7625	0
7626	0
7627	0
7628	0
7629	0
7630	0
7631	0
7632	0
7633	1
7634	0
7635	0
7636	0
7637	0
7638	0
7639	0
7640	0
7641	0
7642	0
7643	0
7644	0
7645	0
7646	0
7647	1
7648	0
7649	0
7650	0
7651	0
7652	0
7653	0
7654	0
7655	0
7656	0
7657	0
7658	0
7659	0
7660	0
7661	0
7662	0
7663	0
7664	0
7665	0
7666	0
7667	0
7668	0
7669	0
7670	0
7671	0
7672	0
7673	0
7674	0
7675	0
7676	0
7677	0
7678	0
7679	0
7680	0
7681	0
7682	0
7683	0
7684	0
7685	0
7686	0
7687	0
7688	0
7689	0
7690	0
7691	0
7692	0
7693	0
7694	0
7695	0
7696	0
7697	0
7698	0
7699	0
7700	0
7701	0
7702	0
7703	0
7704	0
7705	0
7706	0
7707	0
7708	0
7709	0
7710	0
7711	0
7712	0
7713	0
7714	0
7715	0
7716	0
7717	0
7718	0
7719	0
7720	0
7721	0
7722	0
7723	0
7724	0
7725	0
7726	0
7727	0
7728	0
7729	0
7730	0
7731	0
7732	0
7733	0
7734	0
7735	0
7736	0
7737	0
7738	0
7739	0
7740	0
7741	0
7742	0
7743	0
7744	0
7745	0
7746	0
7747	0
7748	0
7749	0
7750	0
7751	0
7752	0
7753	0
7754	0
7755	0
7756	0
7757	0
7758	0
7759	0
7760	0
7761	0
7762	0
7763	0
7764	0
7765	0
7766	0
7767	0
7768	0
7769	0
7770	0
7771	0
7772	0
7773	0
7774	0
7775	0
7776	0
7777	0
7778	0
7779	0
7780	0
7781	0
7782	0
7783	0
7784	0
7785	0
7786	0
7787	0
7788	0
7789	0
7790	0
7791	0
7792	0
7793	0
7794	0
7795	0
7796	0
7797	0
7798	0
7799	0
7800	0
7801	0
7802	0
7803	0
7804	0
7805	0
7806	0
7807	0
7808	0
7809	0
7810	0
7811	0
7812	0
7813	0
7814	0
7815	0
7816	0
7817	0
7818	0
7819	0
7820	0
7821	0
7822	0
7823	0
7824	0
7825	0
7826	0
7827	0
7828	0
7829	0
7830	0
7831	0
7832	0
7833	0
7834	0
7835	0
7836	0
7837	0
7838	0
7839	0
7840	0
7841	0
7842	0
7843	0
7844	0
7845	0
7846	0
7847	0
7848	0
7849	0
7850	0
7851	0
7852	0
7853	0
7854	0
7855	0
7856	0
7857	0
7858	0
7859	0
7860	0
7861	0
7862	0
7863	0
7864	0
7865	0
7866	0
7867	0
7868	0
7869	0
7870	0
7871	0
7872	0
7873	0
7874	0
7875	0
7876	0
7877	0
7878	0
7879	0
7880	0
7881	0
7882	0
7883	0
7884	0
7885	0
7886	0
7887	0
7888	0
7889	0
7890	0
7891	0
7892	0
7893	0
7894	0
7895	0
7896	0
7897	0
7898	0
7899	0
7900	0
7901	0
7902	0
7903	0
7904	0
7905	0
7906	0
7907	0
7908	0
7909	0
7910	0
7911	0
7912	0
7913	0
7914	0
7915	0
7916	0
7917	0
7918	0
7919	0
7920	0
7921	0
7922	0
7923	0
7924	0
7925	0
7926	0
7927	0
7928	0
7929	0
7930	0
7931	0
7932	0
7933	0
7934	0
7935	0
7936	0
7937	0
7938	0
7939	0
7940	0
7941	0
7942	0
7943	0
7944	0
7945	0
7946	0
7947	0
7948	0
7949	0
7950	0
7951	0
7952	0
7953	0
7954	0
7955	0
7956	0
7957	0
7958	0
7959	0
7960	0
7961	0
7962	0
7963	0
7964	0
7965	0
7966	0
7967	0
7968	0
7969	0
7970	0
7971	0
7972	0
7973	0
7974	0
7975	0
7976	0
7977	0
7978	0
7979	0
7980	0
7981	0
7982	0
7983	0
7984	0
7985	0
7986	0
7987	0
7988	0
7989	0
7990	0
7991	0
7992	0
7993	0
7994	0
7995	0
7996	0
7997	0
7998	0
7999	0
8000	0
8001	0
8002	0
8003	0
8004	0
8005	0
8006	0
8007	0
8008	0
8009	0
8010	0
8011	0
8012	0
8013	0
8014	0
8015	0
8016	0
8017	0
8018	0
8019	0
8020	0
8021	0
8022	0
8023	0
8024	0
8025	0
8026	0
8027	0
8028	0
8029	0
8030	0
8031	0
8032	0
8033	0
8034	0
8035	0
8036	0
8037	0
8038	0
8039	0
8040	0
8041	0
8042	0
8043	0
8044	0
8045	0
8046	0
8047	0
8048	0
8049	0
8050	0
8051	0
8052	0
8053	0
8054	0
8055	0
8056	0
8057	0
8058	0
8059	0
8060	0
8061	0
8062	0
8063	0
8064	0
8065	0
8066	0
8067	0
8068	0
8069	0
8070	0
8071	0
8072	0
8073	0
8074	0
8075	0
8076	0
8077	0
8078	0
8079	0
8080	0
8081	0
8082	0
8083	0
8084	0
8085	0
8086	0
8087	0
8088	0
8089	0
8090	0
8091	0
8092	0
8093	0
8094	0
8095	0
8096	0
8097	0
8098	0
8099	0
8100	0
8101	0
8102	0
8103	0
8104	0
8105	0
8106	0
8107	0
8108	0
8109	0
8110	0
8111	0
8112	0
8113	0
8114	0
8115	0
8116	0
8117	0
8118	0
8119	0
8120	0
8121	0
8122	0
8123	0
8124	0
8125	0
8126	0
8127	0
8128	0
8129	0
8130	0
8131	0
8132	0
8133	0
8134	0
8135	0
8136	0
8137	0
8138	0
8139	0
8140	0
8141	0
8142	0
8143	0
8144	0
8145	0
8146	0
8147	0
8148	0
8149	0
8150	0
8151	0
8152	0
8153	0
8154	0
8155	0
8156	0
8157	0
8158	0
8159	0
8160	0
8161	0
8162	0
8163	0
8164	0
8165	0
8166	0
8167	0
8168	0
8169	0
8170	0
8171	0
8172	0
8173	0
8174	0
8175	0
8176	0
8177	0
8178	0
8179	0
8180	0
8181	0
8182	0
8183	0
8184	0
8185	0
8186	0
8187	0
8188	0
8189	0
8190	0
8191	0
