0	106
1	0
2	2
3	1
4	1
5	1
6	1
7	1
8	0
9	0
10	3
11	1
12	1
13	1
14	1
15	1
16	0
17	2
18	2
19	1
20	1
21	1
22	3
23	0
24	1
25	1
26	0
27	0
28	2
29	0
30	1
31	2
32	0
33	0
34	1
35	0
36	2
37	2
38	1
39	0
40	0
41	1
42	1
43	0
44	4
45	0
46	0
47	1
48	0
49	2
50	1
51	1
52	0
53	0
54	2
55	0
56	1
57	3
58	1
59	1
60	1
61	1
62	1
63	0
64	0
65	0
66	2
67	1
68	0
69	1
70	1
71	0
72	0
73	2
74	1
75	1
76	0
77	0
78	0
79	2
80	0
81	3
82	2
83	1
84	0
85	0
86	1
87	1
88	0
89	0
90	0
91	3
92	0
93	1
94	2
95	3
96	0
97	4
98	3
99	1
100	0
101	1
102	1
103	1
104	1
105	0
106	0
107	0
108	1
109	1
110	0
111	1
112	0
113	1
114	0
115	0
116	3
117	0
118	2
119	3
120	3
121	1
122	2
123	0
124	0
125	1
126	1
127	1
128	1
129	2
130	2
131	0
132	1
133	2
134	2
135	0
136	1
137	3
138	0
139	2
140	4
141	2
142	1
143	3
144	4
145	1
146	2
147	4
148	2
149	4
150	8
151	6
152	18
153	18
154	14
155	25
156	37
157	67
158	77
159	98
160	97
161	113
162	140
163	126
164	143
165	154
166	177
167	187
168	169
169	169
170	205
171	171
172	192
173	188
174	190
175	191
176	192
177	183
178	207
179	198
180	182
181	187
182	191
183	186
184	193
185	192
186	193
187	166
188	178
189	191
190	212
191	183
192	172
193	198
194	185
195	184
196	186
197	202
198	201
199	200
200	227
201	223
202	207
203	194
204	189
205	202
206	187
207	196
208	220
209	205
210	211
211	180
212	187
213	189
214	223
215	210
216	203
217	184
218	192
219	199
220	186
221	207
222	202
223	227
224	204
225	204
226	206
227	188
228	216
229	216
230	202
231	211
232	188
233	199
234	199
235	191
236	229
237	195
238	213
239	199
240	193
241	206
242	190
243	228
244	217
245	234
246	197
247	192
248	183
249	219
250	193
251	211
252	223
253	221
254	185
255	210
256	216
257	214
258	209
259	222
260	207
261	183
262	197
263	211
264	191
265	210
266	203
267	202
268	205
269	196
270	202
271	190
272	184
273	209
274	178
275	204
276	218
277	208
278	221
279	213
280	225
281	219
282	206
283	204
284	223
285	203
286	220
287	196
288	222
289	222
290	210
291	225
292	207
293	206
294	205
295	202
296	205
297	217
298	221
299	210
300	248
301	222
302	212
303	210
304	208
305	217
306	192
307	225
308	184
309	201
310	225
311	208
312	263
313	229
314	241
315	201
316	208
317	197
318	204
319	228
320	206
321	236
322	230
323	186
324	225
325	202
326	202
327	239
328	216
329	206
330	233
331	204
332	208
333	225
334	205
335	218
336	219
337	208
338	229
339	237
340	205
341	221
342	231
343	238
344	243
345	247
346	254
347	230
348	234
349	253
350	247
351	214
352	261
353	231
354	253
355	217
356	233
357	228
358	211
359	217
360	243
361	217
362	218
363	238
364	250
365	241
366	241
367	234
368	239
369	255
370	237
371	214
372	229
373	237
374	236
375	268
376	259
377	249
378	239
379	256
380	258
381	230
382	229
383	254
384	276
385	253
386	246
387	272
388	263
389	259
390	230
391	239
392	266
393	259
394	257
395	282
396	263
397	252
398	279
399	252
400	257
401	230
402	258
403	287
404	269
405	286
406	261
407	265
408	269
409	270
410	283
411	267
412	272
413	252
414	278
415	257
416	249
417	276
418	272
419	270
420	274
421	273
422	258
423	303
424	274
425	283
426	262
427	269
428	291
429	247
430	252
431	280
432	288
433	267
434	280
435	304
436	267
437	273
438	275
439	311
440	274
441	271
442	273
443	275
444	296
445	286
446	303
447	287
448	336
449	308
450	263
451	291
452	287
453	300
454	322
455	309
456	312
457	301
458	310
459	329
460	314
461	301
462	299
463	273
464	306
465	302
466	308
467	302
468	295
469	284
470	286
471	303
472	294
473	302
474	298
475	317
476	335
477	301
478	296
479	292
480	329
481	267
482	315
483	322
484	291
485	324
486	327
487	318
488	274
489	324
490	304
491	323
492	324
493	325
494	323
495	329
496	343
497	347
498	343
499	326
500	332
501	351
502	318
503	354
504	334
505	341
506	340
507	329
508	332
509	303
510	317
511	357
512	341
513	357
514	344
515	368
516	318
517	344
518	348
519	313
520	370
521	366
522	361
523	376
524	356
525	346
526	306
527	347
528	318
529	344
530	363
531	342
532	373
533	341
534	361
535	350
536	362
537	342
538	357
539	361
540	376
541	392
542	359
543	378
544	342
545	389
546	365
547	365
548	345
549	340
550	329
551	360
552	367
553	345
554	358
555	374
556	393
557	339
558	364
559	343
560	382
561	379
562	359
563	375
564	379
565	365
566	369
567	357
568	382
569	347
570	335
571	378
572	365
573	356
574	364
575	371
576	353
577	369
578	345
579	388
580	359
581	337
582	352
583	386
584	370
585	386
586	367
587	336
588	420
589	430
590	351
591	394
592	394
593	366
594	374
595	377
596	372
597	350
598	352
599	331
600	403
601	348
602	372
603	389
604	400
605	405
606	377
607	372
608	366
609	375
610	406
611	336
612	375
613	371
614	374
615	391
616	361
617	345
618	368
619	416
620	340
621	388
622	369
623	346
624	367
625	366
626	344
627	367
628	363
629	386
630	350
631	397
632	374
633	401
634	370
635	393
636	402
637	372
638	375
639	378
640	334
641	347
642	372
643	407
644	360
645	401
646	391
647	393
648	400
649	402
650	354
651	373
652	319
653	404
654	366
655	340
656	367
657	390
658	406
659	387
660	328
661	396
662	370
663	416
664	359
665	352
666	367
667	392
668	400
669	367
670	389
671	393
672	363
673	378
674	418
675	360
676	378
677	367
678	364
679	412
680	413
681	350
682	393
683	340
684	370
685	382
686	369
687	400
688	401
689	365
690	429
691	372
692	349
693	396
694	404
695	406
696	422
697	365
698	379
699	374
700	385
701	373
702	364
703	382
704	375
705	364
706	403
707	380
708	361
709	410
710	363
711	377
712	365
713	417
714	375
715	391
716	391
717	385
718	356
719	382
720	392
721	354
722	386
723	347
724	409
725	408
726	393
727	389
728	371
729	391
730	360
731	377
732	373
733	405
734	391
735	391
736	392
737	398
738	381
739	383
740	382
741	364
742	376
743	397
744	424
745	354
746	352
747	373
748	366
749	342
750	363
751	383
752	394
753	412
754	389
755	385
756	376
757	371
758	355
759	388
760	387
761	364
762	316
763	401
764	351
765	399
766	365
767	371
768	378
769	357
770	373
771	365
772	368
773	382
774	368
775	361
776	360
777	377
778	339
779	368
780	340
781	385
782	375
783	379
784	380
785	362
786	353
787	396
788	374
789	368
790	397
791	373
792	378
793	355
794	404
795	377
796	378
797	392
798	342
799	386
800	331
801	352
802	362
803	328
804	389
805	376
806	389
807	358
808	359
809	377
810	359
811	383
812	345
813	364
814	379
815	369
816	410
817	364
818	373
819	367
820	347
821	415
822	400
823	375
824	357
825	375
826	359
827	371
828	369
829	381
830	384
831	392
832	382
833	326
834	392
835	373
836	348
837	375
838	363
839	390
840	410
841	342
842	368
843	362
844	370
845	381
846	362
847	407
848	400
849	372
850	404
851	362
852	386
853	394
854	351
855	322
856	377
857	358
858	363
859	377
860	372
861	376
862	371
863	352
864	373
865	369
866	372
867	360
868	374
869	349
870	374
871	389
872	395
873	383
874	397
875	382
876	368
877	363
878	362
879	363
880	375
881	411
882	375
883	361
884	366
885	416
886	378
887	380
888	375
889	373
890	376
891	338
892	343
893	390
894	368
895	348
896	329
897	360
898	383
899	398
900	411
901	384
902	409
903	363
904	354
905	392
906	389
907	382
908	390
909	354
910	402
911	367
912	385
913	368
914	349
915	393
916	367
917	388
918	357
919	358
920	386
921	389
922	335
923	385
924	354
925	374
926	367
927	350
928	370
929	360
930	375
931	393
932	405
933	347
934	380
935	409
936	358
937	350
938	376
939	360
940	367
941	367
942	366
943	381
944	344
945	350
946	344
947	362
948	360
949	372
950	368
951	367
952	370
953	371
954	408
955	371
956	371
957	374
958	346
959	352
960	388
961	387
962	339
963	365
964	367
965	356
966	334
967	370
968	384
969	398
970	380
971	395
972	367
973	362
974	384
975	338
976	354
977	387
978	371
979	361
980	407
981	371
982	364
983	375
984	358
985	373
986	401
987	368
988	386
989	403
990	354
991	398
992	401
993	335
994	349
995	384
996	354
997	353
998	394
999	381
1000	346
1001	371
1002	384
1003	348
1004	372
1005	353
1006	387
1007	359
1008	361
1009	334
1010	372
1011	369
1012	364
1013	364
1014	353
1015	355
1016	349
1017	350
1018	343
1019	359
1020	364
1021	368
1022	387
1023	316
1024	366
1025	365
1026	363
1027	343
1028	370
1029	341
1030	358
1031	359
1032	356
1033	316
1034	370
1035	346
1036	372
1037	282
1038	366
1039	336
1040	348
1041	306
1042	321
1043	351
1044	339
1045	342
1046	356
1047	366
1048	377
1049	378
1050	332
1051	331
1052	346
1053	363
1054	375
1055	362
1056	350
1057	331
1058	350
1059	344
1060	340
1061	344
1062	331
1063	360
1064	344
1065	316
1066	352
1067	373
1068	373
1069	357
1070	374
1071	352
1072	366
1073	329
1074	329
1075	315
1076	356
1077	361
1078	351
1079	349
1080	346
1081	346
1082	353
1083	335
1084	327
1085	358
1086	361
1087	349
1088	335
1089	358
1090	356
1091	341
1092	338
1093	332
1094	342
1095	326
1096	346
1097	349
1098	343
1099	343
1100	350
1101	338
1102	347
1103	360
1104	333
1105	348
1106	326
1107	352
1108	319
1109	337
1110	338
1111	342
1112	340
1113	351
1114	326
1115	360
1116	342
1117	362
1118	350
1119	365
1120	361
1121	361
1122	340
1123	315
1124	356
1125	329
1126	311
1127	352
1128	332
1129	376
1130	351
1131	327
1132	346
1133	346
1134	306
1135	304
1136	343
1137	311
1138	361
1139	330
1140	297
1141	323
1142	332
1143	303
1144	317
1145	351
1146	332
1147	335
1148	334
1149	332
1150	305
1151	365
1152	313
1153	339
1154	332
1155	312
1156	314
1157	316
1158	343
1159	358
1160	326
1161	318
1162	328
1163	325
1164	341
1165	311
1166	325
1167	332
1168	317
1169	332
1170	365
1171	343
1172	330
1173	345
1174	336
1175	342
1176	351
1177	343
1178	361
1179	321
1180	316
1181	336
1182	328
1183	323
1184	316
1185	325
1186	322
1187	345
1188	352
1189	307
1190	330
1191	343
1192	303
1193	315
1194	304
1195	318
1196	338
1197	340
1198	333
1199	304
1200	301
1201	316
1202	299
1203	305
1204	317
1205	336
1206	315
1207	305
1208	322
1209	327
1210	317
1211	352
1212	311
1213	328
1214	335
1215	308
1216	311
1217	368
1218	355
1219	347
1220	337
1221	306
1222	317
1223	344
1224	327
1225	340
1226	336
1227	370
1228	312
1229	303
1230	306
1231	336
1232	333
1233	339
1234	335
1235	312
1236	315
1237	313
1238	318
1239	280
1240	332
1241	341
1242	352
1243	326
1244	339
1245	321
1246	309
1247	331
1248	317
1249	351
1250	331
1251	314
1252	323
1253	304
1254	345
1255	320
1256	309
1257	324
1258	302
1259	320
1260	320
1261	316
1262	312
1263	320
1264	327
1265	354
1266	311
1267	311
1268	326
1269	342
1270	279
1271	335
1272	329
1273	360
1274	309
1275	323
1276	335
1277	325
1278	318
1279	321
1280	325
1281	333
1282	319
1283	309
1284	302
1285	343
1286	303
1287	313
1288	339
1289	346
1290	327
1291	330
1292	314
1293	296
1294	323
1295	296
1296	304
1297	311
1298	327
1299	315
1300	329
1301	327
1302	325
1303	300
1304	341
1305	319
1306	333
1307	313
1308	304
1309	294
1310	338
1311	313
1312	325
1313	316
1314	337
1315	299
1316	332
1317	314
1318	298
1319	315
1320	314
1321	307
1322	333
1323	361
1324	359
1325	356
1326	321
1327	320
1328	354
1329	345
1330	347
1331	326
1332	329
1333	312
1334	316
1335	288
1336	338
1337	323
1338	330
1339	317
1340	342
1341	348
1342	350
1343	309
1344	328
1345	302
1346	320
1347	345
1348	304
1349	327
1350	301
1351	332
1352	325
1353	308
1354	325
1355	342
1356	360
1357	329
1358	366
1359	330
1360	350
1361	354
1362	326
1363	312
1364	332
1365	329
1366	316
1367	306
1368	340
1369	319
1370	368
1371	313
1372	303
1373	330
1374	354
1375	285
1376	337
1377	341
1378	345
1379	334
1380	339
1381	350
1382	363
1383	345
1384	328
1385	346
1386	376
1387	339
1388	386
1389	314
1390	312
1391	313
1392	347
1393	360
1394	353
1395	344
1396	335
1397	336
1398	332
1399	376
1400	327
1401	363
1402	358
1403	332
1404	378
1405	387
1406	372
1407	345
1408	373
1409	332
1410	364
1411	356
1412	339
1413	331
1414	358
1415	362
1416	359
1417	344
1418	420
1419	378
1420	398
1421	357
1422	316
1423	347
1424	368
1425	365
1426	395
1427	356
1428	378
1429	359
1430	375
1431	375
1432	354
1433	376
1434	388
1435	362
1436	387
1437	342
1438	339
1439	343
1440	358
1441	365
1442	390
1443	400
1444	412
1445	355
1446	367
1447	331
1448	378
1449	379
1450	382
1451	375
1452	379
1453	371
1454	412
1455	338
1456	375
1457	402
1458	359
1459	387
1460	362
1461	381
1462	395
1463	379
1464	377
1465	380
1466	401
1467	384
1468	388
1469	383
1470	382
1471	376
1472	387
1473	369
1474	387
1475	352
1476	364
1477	345
1478	374
1479	362
1480	353
1481	389
1482	411
1483	394
1484	373
1485	371
1486	396
1487	421
1488	407
1489	389
1490	366
1491	420
1492	377
1493	348
1494	374
1495	431
1496	366
1497	394
1498	379
1499	379
1500	378
1501	370
1502	387
1503	377
1504	376
1505	383
1506	367
1507	352
1508	379
1509	413
1510	419
1511	386
1512	398
1513	408
1514	396
1515	404
1516	369
1517	409
1518	375
1519	408
1520	379
1521	391
1522	384
1523	353
1524	399
1525	436
1526	372
1527	385
1528	401
1529	361
1530	366
1531	387
1532	378
1533	380
1534	374
1535	387
1536	376
1537	387
1538	361
1539	385
1540	396
1541	384
1542	367
1543	414
1544	392
1545	374
1546	376
1547	407
1548	408
1549	397
1550	380
1551	382
1552	383
1553	407
1554	389
1555	389
1556	399
1557	366
1558	386
1559	378
1560	407
1561	394
1562	369
1563	377
1564	363
1565	392
1566	412
1567	369
1568	372
1569	366
1570	377
1571	368
1572	362
1573	349
1574	369
1575	432
1576	404
1577	358
1578	385
1579	406
1580	393
1581	381
1582	352
1583	391
1584	392
1585	358
1586	377
1587	365
1588	404
1589	356
1590	385
1591	366
1592	383
1593	371
1594	363
1595	384
1596	365
1597	395
1598	372
1599	357
1600	381
1601	340
1602	376
1603	359
1604	381
1605	375
1606	375
1607	372
1608	351
1609	393
1610	372
1611	384
1612	350
1613	389
1614	369
1615	354
1616	367
1617	348
1618	346
1619	379
1620	354
1621	361
1622	381
1623	386
1624	334
1625	361
1626	346
1627	399
1628	349
1629	352
1630	372
1631	361
1632	342
1633	328
1634	373
1635	369
1636	411
1637	349
1638	374
1639	349
1640	363
1641	353
1642	374
1643	377
1644	365
1645	346
1646	381
1647	390
1648	371
1649	345
1650	341
1651	346
1652	344
1653	365
1654	316
1655	379
1656	345
1657	386
1658	322
1659	351
1660	334
1661	350
1662	367
1663	370
1664	334
1665	375
1666	363
1667	370
1668	396
1669	356
1670	349
1671	357
1672	401
1673	366
1674	351
1675	319
1676	386
1677	349
1678	310
1679	350
1680	386
1681	365
1682	318
1683	342
1684	342
1685	369
1686	325
1687	344
1688	349
1689	327
1690	339
1691	310
1692	324
1693	351
1694	359
1695	335
1696	357
1697	350
1698	316
1699	378
1700	357
1701	339
1702	370
1703	351
1704	359
1705	346
1706	328
1707	350
1708	370
1709	339
1710	360
1711	341
1712	368
1713	333
1714	323
1715	374
1716	368
1717	320
1718	330
1719	329
1720	334
1721	314
1722	343
1723	335
1724	311
1725	306
1726	351
1727	363
1728	337
1729	364
1730	370
1731	330
1732	331
1733	350
1734	339
1735	353
1736	324
1737	377
1738	306
1739	340
1740	337
1741	314
1742	360
1743	340
1744	344
1745	362
1746	307
1747	321
1748	332
1749	356
1750	318
1751	315
1752	304
1753	321
1754	318
1755	326
1756	325
1757	310
1758	343
1759	335
1760	322
1761	346
1762	330
1763	311
1764	331
1765	333
1766	290
1767	319
1768	314
1769	339
1770	348
1771	314
1772	326
1773	341
1774	314
1775	294
1776	334
1777	347
1778	325
1779	308
1780	310
1781	333
1782	325
1783	306
1784	319
1785	313
1786	310
1787	331
1788	342
1789	342
1790	340
1791	314
1792	307
1793	304
1794	365
1795	304
1796	324
1797	327
1798	313
1799	312
1800	317
1801	324
1802	362
1803	306
1804	325
1805	289
1806	303
1807	315
1808	354
1809	280
1810	302
1811	303
1812	301
1813	314
1814	317
1815	301
1816	308
1817	300
1818	330
1819	298
1820	317
1821	327
1822	338
1823	352
1824	324
1825	310
1826	318
1827	288
1828	304
1829	305
1830	333
1831	317
1832	297
1833	325
1834	353
1835	289
1836	335
1837	311
1838	318
1839	303
1840	288
1841	311
1842	349
1843	317
1844	298
1845	329
1846	332
1847	288
1848	320
1849	340
1850	290
1851	298
1852	305
1853	298
1854	299
1855	316
1856	321
1857	296
1858	337
1859	290
1860	299
1861	322
1862	289
1863	327
1864	300
1865	309
1866	322
1867	296
1868	347
1869	311
1870	296
1871	309
1872	328
1873	320
1874	319
1875	276
1876	308
1877	299
1878	300
1879	336
1880	304
1881	316
1882	304
1883	322
1884	289
1885	285
1886	300
1887	302
1888	334
1889	280
1890	289
1891	276
1892	295
1893	297
1894	320
1895	316
1896	334
1897	299
1898	315
1899	298
1900	300
1901	293
1902	323
1903	296
1904	273
1905	297
1906	313
1907	315
1908	306
1909	306
1910	307
1911	303
1912	317
1913	313
1914	284
1915	292
1916	324
1917	322
1918	322
1919	299
1920	302
1921	297
1922	322
1923	293
1924	304
1925	295
1926	292
1927	287
1928	296
1929	278
1930	306
1931	274
1932	302
1933	284
1934	292
1935	276
1936	296
1937	299
1938	283
1939	283
1940	302
1941	313
1942	316
1943	286
1944	261
1945	303
1946	291
1947	306
1948	271
1949	317
1950	310
1951	289
1952	299
1953	275
1954	283
1955	277
1956	275
1957	309
1958	311
1959	303
1960	280
1961	276
1962	289
1963	311
1964	293
1965	282
1966	311
1967	290
1968	295
1969	295
1970	256
1971	286
1972	291
1973	290
1974	264
1975	276
1976	291
1977	304
1978	295
1979	319
1980	293
1981	307
1982	310
1983	296
1984	277
1985	301
1986	273
1987	288
1988	282
1989	291
1990	300
1991	276
1992	254
1993	241
1994	291
1995	265
1996	292
1997	269
1998	330
1999	245
2000	273
2001	312
2002	271
2003	267
2004	304
2005	266
2006	269
2007	332
2008	286
2009	273
2010	308
2011	280
2012	286
2013	270
2014	281
2015	243
2016	285
2017	279
2018	293
2019	291
2020	273
2021	304
2022	282
2023	278
2024	282
2025	262
2026	297
2027	287
2028	299
2029	242
2030	279
2031	292
2032	312
2033	285
2034	283
2035	287
2036	267
2037	276
2038	273
2039	263
2040	288
2041	285
2042	272
2043	326
2044	262
2045	272
2046	265
2047	266
2048	268
2049	300
2050	277
2051	248
2052	273
2053	253
2054	314
2055	315
2056	262
2057	260
2058	303
2059	286
2060	258
2061	306
2062	295
2063	236
2064	278
2065	293
2066	296
2067	289
2068	304
2069	251
2070	295
2071	267
2072	266
2073	308
2074	279
2075	291
2076	273
2077	275
2078	279
2079	272
2080	274
2081	271
2082	268
2083	236
2084	318
2085	296
2086	278
2087	256
2088	279
2089	260
2090	249
2091	271
2092	256
2093	267
2094	302
2095	254
2096	266
2097	285
2098	282
2099	265
2100	265
2101	272
2102	262
2103	256
2104	290
2105	264
2106	276
2107	250
2108	280
2109	275
2110	249
2111	254
2112	248
2113	263
2114	292
2115	266
2116	258
2117	267
2118	282
2119	286
2120	259
2121	282
2122	263
2123	252
2124	253
2125	260
2126	257
2127	251
2128	290
2129	286
2130	236
2131	250
2132	229
2133	267
2134	232
2135	274
2136	268
2137	257
2138	248
2139	265
2140	247
2141	263
2142	258
2143	252
2144	252
2145	261
2146	273
2147	262
2148	250
2149	272
2150	266
2151	240
2152	237
2153	275
2154	262
2155	234
2156	275
2157	253
2158	271
2159	231
2160	268
2161	250
2162	287
2163	267
2164	239
2165	272
2166	253
2167	279
2168	286
2169	241
2170	266
2171	289
2172	244
2173	251
2174	237
2175	257
2176	272
2177	284
2178	246
2179	245
2180	274
2181	285
2182	234
2183	242
2184	238
2185	250
2186	236
2187	264
2188	236
2189	231
2190	222
2191	227
2192	273
2193	271
2194	244
2195	269
2196	242
2197	261
2198	251
2199	246
2200	265
2201	251
2202	245
2203	231
2204	266
2205	220
2206	219
2207	248
2208	269
2209	276
2210	244
2211	240
2212	221
2213	244
2214	219
2215	233
2216	258
2217	226
2218	232
2219	216
2220	240
2221	251
2222	258
2223	225
2224	247
2225	242
2226	231
2227	239
2228	226
2229	246
2230	257
2231	229
2232	258
2233	221
2234	230
2235	242
2236	265
2237	266
2238	233
2239	255
2240	226
2241	273
2242	229
2243	242
2244	233
2245	267
2246	228
2247	206
2248	253
2249	214
2250	239
2251	233
2252	233
2253	225
2254	230
2255	231
2256	259
2257	227
2258	246
2259	225
2260	232
2261	238
2262	238
2263	232
2264	233
2265	246
2266	246
2267	246
2268	230
2269	274
2270	241
2271	224
2272	239
2273	228
2274	211
2275	223
2276	243
2277	225
2278	219
2279	235
2280	205
2281	230
2282	190
2283	239
2284	267
2285	228
2286	232
2287	249
2288	256
2289	241
2290	215
2291	237
2292	232
2293	228
2294	234
2295	219
2296	239
2297	236
2298	239
2299	230
2300	224
2301	229
2302	256
2303	239
2304	246
2305	233
2306	235
2307	244
2308	215
2309	252
2310	262
2311	232
2312	215
2313	233
2314	202
2315	237
2316	241
2317	220
2318	234
2319	257
2320	232
2321	256
2322	215
2323	240
2324	224
2325	228
2326	203
2327	222
2328	219
2329	219
2330	212
2331	235
2332	215
2333	228
2334	204
2335	230
2336	225
2337	221
2338	245
2339	224
2340	240
2341	201
2342	225
2343	210
2344	241
2345	257
2346	231
2347	215
2348	213
2349	220
2350	251
2351	236
2352	233
2353	219
2354	227
2355	233
2356	237
2357	212
2358	223
2359	216
2360	205
2361	197
2362	219
2363	260
2364	211
2365	210
2366	223
2367	234
2368	214
2369	236
2370	247
2371	214
2372	221
2373	212
2374	218
2375	235
2376	255
2377	238
2378	202
2379	226
2380	237
2381	211
2382	243
2383	231
2384	203
2385	218
2386	221
2387	221
2388	220
2389	223
2390	212
2391	236
2392	234
2393	221
2394	215
2395	206
2396	225
2397	242
2398	219
2399	221
2400	232
2401	216
2402	233
2403	209
2404	225
2405	237
2406	205
2407	229
2408	231
2409	204
2410	219
2411	193
2412	214
2413	204
2414	211
2415	243
2416	201
2417	232
2418	198
2419	203
2420	225
2421	224
2422	197
2423	206
2424	209
2425	210
2426	200
2427	221
2428	211
2429	209
2430	213
2431	214
2432	235
2433	216
2434	211
2435	193
2436	196
2437	193
2438	208
2439	213
2440	199
2441	196
2442	230
2443	213
2444	216
2445	199
2446	197
2447	207
2448	208
2449	218
2450	191
2451	216
2452	210
2453	206
2454	222
2455	203
2456	207
2457	190
2458	231
2459	219
2460	195
2461	195
2462	232
2463	203
2464	242
2465	216
2466	205
2467	227
2468	200
2469	216
2470	211
2471	221
2472	203
2473	201
2474	214
2475	209
2476	216
2477	219
2478	203
2479	211
2480	195
2481	224
2482	207
2483	200
2484	221
2485	193
2486	204
2487	198
2488	210
2489	180
2490	175
2491	217
2492	224
2493	191
2494	210
2495	204
2496	216
2497	188
2498	222
2499	207
2500	226
2501	212
2502	206
2503	205
2504	216
2505	200
2506	207
2507	193
2508	190
2509	206
2510	213
2511	206
2512	186
2513	200
2514	205
2515	201
2516	210
2517	200
2518	188
2519	232
2520	187
2521	209
2522	215
2523	213
2524	191
2525	207
2526	225
2527	182
2528	186
2529	187
2530	194
2531	197
2532	212
2533	188
2534	214
2535	185
2536	209
2537	214
2538	184
2539	234
2540	207
2541	179
2542	229
2543	192
2544	208
2545	222
2546	187
2547	204
2548	222
2549	196
2550	216
2551	169
2552	186
2553	188
2554	187
2555	210
2556	185
2557	206
2558	204
2559	201
2560	188
2561	185
2562	220
2563	186
2564	180
2565	212
2566	203
2567	218
2568	191
2569	214
2570	184
2571	201
2572	198
2573	197
2574	238
2575	230
2576	197
2577	181
2578	219
2579	170
2580	181
2581	209
2582	204
2583	203
2584	192
2585	185
2586	197
2587	206
2588	212
2589	194
2590	183
2591	195
2592	177
2593	214
2594	177
2595	206
2596	212
2597	197
2598	164
2599	196
2600	193
2601	194
2602	173
2603	198
2604	171
2605	209
2606	191
2607	193
2608	190
2609	175
2610	171
2611	189
2612	185
2613	177
2614	209
2615	204
2616	205
2617	196
2618	193
2619	183
2620	191
2621	186
2622	201
2623	183
2624	191
2625	193
2626	223
2627	214
2628	176
2629	209
2630	189
2631	200
2632	176
2633	196
2634	189
2635	163
2636	198
2637	208
2638	183
2639	214
2640	193
2641	192
2642	206
2643	190
2644	187
2645	160
2646	186
2647	183
2648	181
2649	204
2650	162
2651	209
2652	187
2653	178
2654	175
2655	182
2656	208
2657	195
2658	200
2659	225
2660	197
2661	182
2662	199
2663	190
2664	186
2665	179
2666	194
2667	187
2668	204
2669	199
2670	196
2671	176
2672	184
2673	194
2674	186
2675	184
2676	162
2677	206
2678	169
2679	186
2680	187
2681	182
2682	200
2683	188
2684	206
2685	210
2686	184
2687	168
2688	181
2689	177
2690	188
2691	161
2692	199
2693	180
2694	169
2695	185
2696	178
2697	184
2698	177
2699	182
2700	179
2701	187
2702	185
2703	183
2704	191
2705	192
2706	190
2707	188
2708	174
2709	145
2710	180
2711	198
2712	170
2713	174
2714	186
2715	195
2716	203
2717	181
2718	168
2719	208
2720	186
2721	194
2722	194
2723	187
2724	204
2725	183
2726	160
2727	194
2728	175
2729	172
2730	202
2731	180
2732	172
2733	149
2734	198
2735	183
2736	176
2737	173
2738	178
2739	163
2740	190
2741	188
2742	192
2743	179
2744	168
2745	174
2746	194
2747	197
2748	183
2749	188
2750	188
2751	189
2752	153
2753	180
2754	194
2755	173
2756	197
2757	183
2758	179
2759	170
2760	188
2761	222
2762	188
2763	200
2764	178
2765	180
2766	180
2767	169
2768	189
2769	167
2770	176
2771	169
2772	176
2773	185
2774	171
2775	182
2776	188
2777	170
2778	174
2779	183
2780	174
2781	174
2782	176
2783	188
2784	177
2785	181
2786	180
2787	174
2788	179
2789	181
2790	192
2791	186
2792	202
2793	196
2794	170
2795	177
2796	186
2797	167
2798	204
2799	191
2800	197
2801	183
2802	189
2803	200
2804	194
2805	182
2806	181
2807	203
2808	185
2809	184
2810	176
2811	178
2812	187
2813	177
2814	178
2815	181
2816	199
2817	155
2818	176
2819	181
2820	173
2821	167
2822	169
2823	169
2824	181
2825	176
2826	215
2827	156
2828	191
2829	185
2830	160
2831	186
2832	163
2833	143
2834	187
2835	174
2836	187
2837	161
2838	206
2839	169
2840	186
2841	207
2842	168
2843	181
2844	178
2845	189
2846	161
2847	178
2848	198
2849	192
2850	192
2851	177
2852	178
2853	160
2854	167
2855	188
2856	153
2857	178
2858	158
2859	158
2860	185
2861	175
2862	187
2863	179
2864	183
2865	166
2866	192
2867	186
2868	163
2869	189
2870	202
2871	176
2872	164
2873	170
2874	171
2875	178
2876	174
2877	175
2878	166
2879	168
2880	159
2881	171
2882	171
2883	169
2884	155
2885	170
2886	183
2887	175
2888	177
2889	202
2890	200
2891	162
2892	187
2893	180
2894	194
2895	195
2896	163
2897	170
2898	177
2899	177
2900	183
2901	176
2902	186
2903	162
2904	177
2905	180
2906	177
2907	177
2908	182
2909	176
2910	163
2911	160
2912	170
2913	145
2914	178
2915	176
2916	208
2917	167
2918	153
2919	177
2920	159
2921	163
2922	188
2923	170
2924	171
2925	186
2926	171
2927	173
2928	170
2929	157
2930	190
2931	164
2932	180
2933	154
2934	197
2935	179
2936	178
2937	168
2938	172
2939	197
2940	186
2941	195
2942	195
2943	166
2944	172
2945	178
2946	188
2947	166
2948	173
2949	164
2950	149
2951	189
2952	167
2953	191
2954	193
2955	180
2956	166
2957	183
2958	179
2959	173
2960	171
2961	172
2962	159
2963	189
2964	178
2965	180
2966	190
2967	160
2968	196
2969	171
2970	195
2971	177
2972	179
2973	166
2974	185
2975	187
2976	201
2977	182
2978	169
2979	172
2980	156
2981	156
2982	167
2983	161
2984	187
2985	176
2986	176
2987	180
2988	173
2989	178
2990	154
2991	191
2992	149
2993	174
2994	162
2995	164
2996	170
2997	184
2998	179
2999	179
3000	163
3001	159
3002	152
3003	180
3004	179
3005	177
3006	172
3007	157
3008	182
3009	164
3010	161
3011	161
3012	199
3013	171
3014	175
3015	172
3016	175
3017	183
3018	166
3019	158
3020	174
3021	178
3022	167
3023	188
3024	188
3025	185
3026	186
3027	183
3028	178
3029	191
3030	197
3031	146
3032	184
3033	173
3034	181
3035	161
3036	160
3037	165
3038	186
3039	182
3040	165
3041	181
3042	195
3043	143
3044	168
3045	178
3046	157
3047	171
3048	182
3049	178
3050	174
3051	160
3052	184
3053	163
3054	183
3055	150
3056	182
3057	157
3058	180
3059	183
3060	152
3061	186
3062	175
3063	192
3064	178
3065	185
3066	197
3067	141
3068	169
3069	176
3070	176
3071	179
3072	156
3073	203
3074	156
3075	180
3076	185
3077	180
3078	190
3079	162
3080	171
3081	197
3082	177
3083	179
3084	175
3085	151
3086	165
3087	175
3088	175
3089	160
3090	171
3091	163
3092	176
3093	166
3094	178
3095	189
3096	168
3097	193
3098	188
3099	167
3100	156
3101	172
3102	151
3103	166
3104	165
3105	197
3106	174
3107	173
3108	164
3109	159
3110	151
3111	160
3112	162
3113	185
3114	196
3115	184
3116	157
3117	170
3118	175
3119	182
3120	171
3121	171
3122	165
3123	168
3124	155
3125	176
3126	171
3127	169
3128	190
3129	174
3130	159
3131	185
3132	172
3133	164
3134	179
3135	171
3136	170
3137	184
3138	161
3139	174
3140	169
3141	172
3142	160
3143	156
3144	175
3145	161
3146	173
3147	184
3148	176
3149	168
3150	165
3151	176
3152	161
3153	188
3154	178
3155	170
3156	148
3157	199
3158	169
3159	176
3160	179
3161	188
3162	168
3163	175
3164	177
3165	177
3166	185
3167	192
3168	175
3169	172
3170	191
3171	148
3172	174
3173	164
3174	163
3175	174
3176	178
3177	183
3178	196
3179	195
3180	176
3181	182
3182	157
3183	170
3184	195
3185	158
3186	192
3187	170
3188	183
3189	178
3190	175
3191	147
3192	165
3193	155
3194	170
3195	163
3196	176
3197	147
3198	185
3199	178
3200	160
3201	165
3202	179
3203	178
3204	191
3205	166
3206	161
3207	181
3208	161
3209	166
3210	162
3211	155
3212	186
3213	175
3214	156
3215	163
3216	148
3217	145
3218	180
3219	185
3220	190
3221	170
3222	182
3223	162
3224	152
3225	194
3226	190
3227	148
3228	183
3229	187
3230	170
3231	173
3232	156
3233	165
3234	168
3235	178
3236	179
3237	168
3238	174
3239	170
3240	165
3241	201
3242	171
3243	179
3244	156
3245	167
3246	190
3247	191
3248	149
3249	152
3250	176
3251	163
3252	162
3253	172
3254	166
3255	153
3256	169
3257	151
3258	182
3259	168
3260	171
3261	166
3262	167
3263	164
3264	156
3265	147
3266	142
3267	173
3268	183
3269	154
3270	174
3271	180
3272	183
3273	194
3274	187
3275	190
3276	189
3277	153
3278	167
3279	196
3280	163
3281	189
3282	161
3283	174
3284	165
3285	186
3286	186
3287	154
3288	164
3289	156
3290	179
3291	157
3292	146
3293	142
3294	162
3295	157
3296	214
3297	170
3298	148
3299	181
3300	180
3301	157
3302	164
3303	160
3304	148
3305	173
3306	174
3307	170
3308	187
3309	164
3310	156
3311	172
3312	189
3313	143
3314	173
3315	183
3316	155
3317	163
3318	183
3319	167
3320	179
3321	158
3322	155
3323	157
3324	172
3325	183
3326	160
3327	185
3328	172
3329	161
3330	160
3331	162
3332	159
3333	133
3334	194
3335	177
3336	191
3337	187
3338	179
3339	179
3340	185
3341	177
3342	170
3343	166
3344	162
3345	180
3346	152
3347	165
3348	166
3349	188
3350	157
3351	159
3352	159
3353	168
3354	150
3355	162
3356	165
3357	160
3358	168
3359	176
3360	158
3361	158
3362	190
3363	170
3364	152
3365	161
3366	165
3367	200
3368	173
3369	181
3370	177
3371	161
3372	171
3373	155
3374	172
3375	172
3376	174
3377	149
3378	126
3379	138
3380	172
3381	176
3382	167
3383	174
3384	196
3385	183
3386	180
3387	156
3388	171
3389	192
3390	166
3391	162
3392	187
3393	168
3394	192
3395	186
3396	152
3397	148
3398	178
3399	158
3400	165
3401	179
3402	171
3403	151
3404	136
3405	162
3406	147
3407	152
3408	163
3409	163
3410	154
3411	183
3412	174
3413	185
3414	179
3415	176
3416	164
3417	186
3418	173
3419	178
3420	146
3421	186
3422	164
3423	151
3424	136
3425	165
3426	159
3427	164
3428	166
3429	159
3430	162
3431	161
3432	171
3433	164
3434	172
3435	162
3436	167
3437	172
3438	182
3439	167
3440	175
3441	179
3442	170
3443	188
3444	162
3445	179
3446	161
3447	164
3448	171
3449	169
3450	170
3451	180
3452	178
3453	158
3454	174
3455	144
3456	171
3457	175
3458	181
3459	145
3460	164
3461	176
3462	157
3463	159
3464	164
3465	148
3466	155
3467	172
3468	176
3469	146
3470	163
3471	159
3472	161
3473	181
3474	169
3475	174
3476	164
3477	181
3478	181
3479	163
3480	141
3481	173
3482	169
3483	171
3484	155
3485	158
3486	197
3487	195
3488	190
3489	153
3490	177
3491	168
3492	167
3493	155
3494	173
3495	177
3496	145
3497	174
3498	163
3499	153
3500	168
3501	170
3502	170
3503	180
3504	171
3505	153
3506	176
3507	164
3508	176
3509	188
3510	181
3511	171
3512	177
3513	159
3514	159
3515	189
3516	178
3517	171
3518	206
3519	164
3520	155
3521	179
3522	166
3523	153
3524	182
3525	179
3526	172
3527	170
3528	165
3529	156
3530	152
3531	145
3532	172
3533	168
3534	170
3535	168
3536	173
3537	185
3538	194
3539	149
3540	185
3541	162
3542	164
3543	186
3544	171
3545	162
3546	172
3547	175
3548	161
3549	158
3550	202
3551	160
3552	182
3553	179
3554	191
3555	157
3556	172
3557	170
3558	164
3559	220
3560	160
3561	169
3562	160
3563	161
3564	142
3565	153
3566	170
3567	153
3568	141
3569	150
3570	163
3571	174
3572	147
3573	157
3574	161
3575	191
3576	179
3577	176
3578	174
3579	160
3580	174
3581	166
3582	175
3583	167
3584	175
3585	137
3586	155
3587	162
3588	165
3589	156
3590	164
3591	148
3592	152
3593	159
3594	176
3595	158
3596	177
3597	179
3598	157
3599	168
3600	191
3601	153
3602	168
3603	172
3604	182
3605	172
3606	173
3607	163
3608	177
3609	155
3610	176
3611	145
3612	168
3613	163
3614	147
3615	173
3616	177
3617	139
3618	158
3619	181
3620	154
3621	191
3622	182
3623	189
3624	180
3625	152
3626	144
3627	177
3628	186
3629	171
3630	167
3631	161
3632	168
3633	172
3634	159
3635	177
3636	157
3637	163
3638	159
3639	169
3640	176
3641	182
3642	184
3643	145
3644	177
3645	148
3646	153
3647	146
3648	178
3649	160
3650	159
3651	159
3652	157
3653	160
3654	156
3655	172
3656	163
3657	162
3658	176
3659	184
3660	166
3661	177
3662	151
3663	161
3664	162
3665	177
3666	174
3667	155
3668	149
3669	158
3670	153
3671	150
3672	179
3673	173
3674	174
3675	160
3676	157
3677	142
3678	158
3679	154
3680	179
3681	163
3682	178
3683	172
3684	160
3685	176
3686	169
3687	161
3688	147
3689	164
3690	167
3691	152
3692	160
3693	170
3694	164
3695	180
3696	161
3697	165
3698	177
3699	167
3700	163
3701	170
3702	173
3703	176
3704	176
3705	164
3706	174
3707	158
3708	173
3709	145
3710	131
3711	172
3712	170
3713	177
3714	131
3715	154
3716	172
3717	179
3718	183
3719	162
3720	179
3721	160
3722	167
3723	155
3724	182
3725	168
3726	174
3727	162
3728	180
3729	162
3730	176
3731	166
3732	171
3733	156
3734	177
3735	163
3736	157
3737	183
3738	207
3739	163
3740	175
3741	163
3742	177
3743	172
3744	171
3745	181
3746	196
3747	154
3748	156
3749	176
3750	140
3751	164
3752	173
3753	196
3754	161
3755	158
3756	176
3757	166
3758	153
3759	174
3760	173
3761	167
3762	185
3763	191
3764	150
3765	165
3766	195
3767	171
3768	168
3769	153
3770	200
3771	149
3772	194
3773	163
3774	186
3775	183
3776	167
3777	167
3778	146
3779	156
3780	145
3781	184
3782	174
3783	167
3784	171
3785	201
3786	145
3787	174
3788	163
3789	171
3790	175
3791	176
3792	190
3793	150
3794	167
3795	186
3796	154
3797	196
3798	190
3799	165
3800	190
3801	188
3802	161
3803	190
3804	163
3805	170
3806	180
3807	188
3808	177
3809	166
3810	156
3811	171
3812	164
3813	181
3814	166
3815	142
3816	162
3817	152
3818	196
3819	161
3820	176
3821	181
3822	173
3823	166
3824	173
3825	166
3826	167
3827	160
3828	182
3829	165
3830	190
3831	181
3832	172
3833	171
3834	154
3835	159
3836	170
3837	175
3838	166
3839	172
3840	172
3841	162
3842	166
3843	169
3844	186
3845	177
3846	208
3847	175
3848	189
3849	197
3850	166
3851	152
3852	163
3853	148
3854	172
3855	177
3856	170
3857	179
3858	189
3859	164
3860	148
3861	167
3862	181
3863	172
3864	172
3865	171
3866	164
3867	152
3868	156
3869	156
3870	162
3871	147
3872	163
3873	163
3874	186
3875	140
3876	186
3877	158
3878	189
3879	163
3880	180
3881	174
3882	173
3883	161
3884	159
3885	171
3886	170
3887	156
3888	180
3889	155
3890	148
3891	170
3892	173
3893	154
3894	177
3895	179
3896	171
3897	173
3898	172
3899	162
3900	167
3901	170
3902	178
3903	195
3904	183
3905	178
3906	159
3907	158
3908	181
3909	164
3910	171
3911	188
3912	186
3913	177
3914	185
3915	181
3916	162
3917	171
3918	154
3919	142
3920	174
3921	155
3922	180
3923	169
3924	150
3925	177
3926	190
3927	160
3928	161
3929	206
3930	167
3931	186
3932	172
3933	194
3934	178
3935	170
3936	147
3937	168
3938	172
3939	160
3940	168
3941	180
3942	171
3943	174
3944	168
3945	153
3946	139
3947	184
3948	166
3949	187
3950	167
3951	175
3952	184
3953	181
3954	171
3955	156
3956	182
3957	184
3958	169
3959	173
3960	163
3961	150
3962	133
3963	171
3964	151
3965	182
3966	148
3967	169
3968	201
3969	180
3970	188
3971	136
3972	167
3973	194
3974	166
3975	174
3976	179
3977	187
3978	166
3979	182
3980	170
3981	173
3982	163
3983	195
3984	168
3985	168
3986	180
3987	187
3988	160
3989	170
3990	185
3991	163
3992	168
3993	162
3994	159
3995	161
3996	198
3997	147
3998	194
3999	171
4000	168
4001	157
4002	156
4003	178
4004	152
4005	164
4006	175
4007	171
4008	181
4009	177
4010	177
4011	183
4012	171
4013	172
4014	178
4015	182
4016	154
4017	163
4018	192
4019	172
4020	190
4021	187
4022	187
4023	190
4024	187
4025	158
4026	200
4027	193
4028	183
4029	190
4030	143
4031	157
4032	177
4033	171
4034	161
4035	183
4036	165
4037	179
4038	165
4039	153
4040	162
4041	181
4042	185
4043	203
4044	164
4045	167
4046	175
4047	169
4048	178
4049	160
4050	171
4051	145
4052	208
4053	183
4054	202
4055	184
4056	179
4057	176
4058	174
4059	188
4060	175
4061	163
4062	174
4063	159
4064	167
4065	170
4066	193
4067	174
4068	177
4069	164
4070	164
4071	169
4072	166
4073	183
4074	155
4075	176
4076	178
4077	161
4078	157
4079	178
4080	201
4081	169
4082	190
4083	197
4084	165
4085	169
4086	163
4087	165
4088	166
4089	174
4090	161
4091	165
4092	167
4093	188
4094	186
4095	158
4096	196
4097	178
4098	182
4099	164
4100	185
4101	162
4102	178
4103	172
4104	179
4105	177
4106	163
4107	163
4108	173
4109	163
4110	183
4111	176
4112	180
4113	170
4114	181
4115	149
4116	196
4117	198
4118	155
4119	189
4120	158
4121	171
4122	166
4123	191
4124	187
4125	173
4126	162
4127	184
4128	167
4129	180
4130	157
4131	175
4132	169
4133	165
4134	177
4135	167
4136	181
4137	170
4138	165
4139	179
4140	177
4141	166
4142	194
4143	181
4144	164
4145	174
4146	154
4147	152
4148	187
4149	170
4150	190
4151	192
4152	167
4153	165
4154	182
4155	171
4156	167
4157	175
4158	168
4159	179
4160	184
4161	171
4162	181
4163	152
4164	143
4165	174
4166	158
4167	166
4168	196
4169	182
4170	165
4171	167
4172	188
4173	174
4174	174
4175	188
4176	175
4177	185
4178	170
4179	160
4180	175
4181	160
4182	186
4183	178
4184	198
4185	192
4186	184
4187	169
4188	133
4189	176
4190	175
4191	170
4192	211
4193	170
4194	165
4195	165
4196	173
4197	208
4198	181
4199	169
4200	177
4201	168
4202	153
4203	171
4204	174
4205	180
4206	160
4207	159
4208	175
4209	194
4210	171
4211	184
4212	172
4213	185
4214	163
4215	170
4216	171
4217	160
4218	171
4219	173
4220	156
4221	183
4222	183
4223	161
4224	180
4225	181
4226	180
4227	191
4228	165
4229	159
4230	169
4231	167
4232	151
4233	170
4234	173
4235	164
4236	148
4237	184
4238	171
4239	168
4240	180
4241	191
4242	174
4243	161
4244	185
4245	169
4246	161
4247	185
4248	190
4249	164
4250	161
4251	174
4252	177
4253	174
4254	187
4255	164
4256	174
4257	180
4258	182
4259	166
4260	166
4261	180
4262	173
4263	189
4264	196
4265	153
4266	174
4267	160
4268	170
4269	156
4270	191
4271	151
4272	184
4273	169
4274	216
4275	176
4276	180
4277	154
4278	165
4279	184
4280	160
4281	175
4282	177
4283	157
4284	175
4285	162
4286	175
4287	175
4288	163
4289	176
4290	201
4291	169
4292	182
4293	182
4294	171
4295	162
4296	172
4297	171
4298	183
4299	185
4300	178
4301	195
4302	182
4303	168
4304	194
4305	157
4306	174
4307	154
4308	175
4309	160
4310	178
4311	164
4312	184
4313	174
4314	164
4315	195
4316	172
4317	161
4318	158
4319	186
4320	206
4321	167
4322	165
4323	164
4324	170
4325	161
4326	206
4327	166
4328	160
4329	177
4330	178
4331	163
4332	156
4333	176
4334	160
4335	168
4336	168
4337	159
4338	145
4339	168
4340	149
4341	161
4342	167
4343	170
4344	179
4345	194
4346	167
4347	177
4348	167
4349	159
4350	194
4351	165
4352	175
4353	167
4354	178
4355	188
4356	166
4357	155
4358	158
4359	177
4360	175
4361	179
4362	199
4363	169
4364	173
4365	177
4366	178
4367	163
4368	178
4369	169
4370	192
4371	170
4372	180
4373	170
4374	188
4375	184
4376	186
4377	180
4378	154
4379	153
4380	172
4381	169
4382	177
4383	213
4384	146
4385	167
4386	181
4387	184
4388	168
4389	158
4390	157
4391	169
4392	173
4393	167
4394	163
4395	155
4396	156
4397	193
4398	179
4399	188
4400	160
4401	173
4402	187
4403	172
4404	163
4405	155
4406	177
4407	189
4408	179
4409	148
4410	196
4411	171
4412	183
4413	162
4414	166
4415	152
4416	162
4417	172
4418	156
4419	192
4420	197
4421	165
4422	155
4423	167
4424	175
4425	191
4426	171
4427	157
4428	178
4429	197
4430	161
4431	180
4432	180
4433	160
4434	202
4435	187
4436	175
4437	170
4438	159
4439	169
4440	172
4441	160
4442	165
4443	158
4444	160
4445	175
4446	188
4447	167
4448	180
4449	168
4450	182
4451	189
4452	171
4453	166
4454	182
4455	170
4456	177
4457	188
4458	181
4459	194
4460	182
4461	172
4462	167
4463	169
4464	194
4465	179
4466	163
4467	183
4468	172
4469	167
4470	181
4471	180
4472	159
4473	178
4474	175
4475	173
4476	171
4477	178
4478	168
4479	166
4480	175
4481	168
4482	185
4483	185
4484	184
4485	153
4486	171
4487	161
4488	175
4489	179
4490	166
4491	202
4492	184
4493	174
4494	202
4495	185
4496	177
4497	180
4498	162
4499	160
4500	166
4501	180
4502	170
4503	187
4504	175
4505	163
4506	168
4507	168
4508	176
4509	183
4510	180
4511	169
4512	175
4513	180
4514	167
4515	185
4516	165
4517	172
4518	156
4519	163
4520	194
4521	187
4522	208
4523	195
4524	180
4525	161
4526	182
4527	198
4528	153
4529	159
4530	167
4531	178
4532	177
4533	168
4534	210
4535	177
4536	176
4537	170
4538	192
4539	168
4540	195
4541	174
4542	174
4543	184
4544	188
4545	185
4546	180
4547	181
4548	174
4549	172
4550	171
4551	156
4552	169
4553	184
4554	198
4555	191
4556	170
4557	164
4558	182
4559	177
4560	170
4561	182
4562	179
4563	183
4564	172
4565	185
4566	176
4567	148
4568	162
4569	184
4570	174
4571	186
4572	175
4573	202
4574	199
4575	167
4576	186
4577	174
4578	178
4579	158
4580	193
4581	182
4582	171
4583	179
4584	170
4585	166
4586	184
4587	191
4588	188
4589	180
4590	192
4591	180
4592	171
4593	166
4594	191
4595	183
4596	190
4597	180
4598	148
4599	179
4600	195
4601	185
4602	172
4603	182
4604	178
4605	185
4606	181
4607	190
4608	177
4609	171
4610	153
4611	162
4612	174
4613	180
4614	190
4615	171
4616	147
4617	162
4618	165
4619	185
4620	189
4621	202
4622	150
4623	193
4624	150
4625	172
4626	211
4627	176
4628	195
4629	207
4630	154
4631	190
4632	193
4633	174
4634	154
4635	195
4636	187
4637	168
4638	183
4639	188
4640	161
4641	165
4642	166
4643	182
4644	189
4645	181
4646	209
4647	190
4648	167
4649	169
4650	176
4651	172
4652	163
4653	159
4654	175
4655	187
4656	178
4657	167
4658	175
4659	160
4660	169
4661	179
4662	169
4663	184
4664	180
4665	201
4666	176
4667	174
4668	188
4669	168
4670	183
4671	192
4672	171
4673	191
4674	177
4675	197
4676	179
4677	154
4678	191
4679	165
4680	198
4681	173
4682	187
4683	194
4684	180
4685	176
4686	190
4687	192
4688	193
4689	199
4690	189
4691	175
4692	185
4693	184
4694	178
4695	157
4696	175
4697	167
4698	158
4699	172
4700	174
4701	195
4702	168
4703	195
4704	191
4705	194
4706	211
4707	184
4708	183
4709	195
4710	166
4711	164
4712	176
4713	206
4714	174
4715	167
4716	165
4717	192
4718	150
4719	170
4720	162
4721	171
4722	163
4723	178
4724	204
4725	160
4726	174
4727	185
4728	177
4729	195
4730	178
4731	186
4732	173
4733	188
4734	182
4735	200
4736	200
4737	169
4738	170
4739	162
4740	173
4741	185
4742	182
4743	158
4744	161
4745	199
4746	177
4747	189
4748	177
4749	166
4750	183
4751	180
4752	163
4753	188
4754	193
4755	195
4756	179
4757	193
4758	166
4759	158
4760	186
4761	182
4762	158
4763	162
4764	166
4765	176
4766	179
4767	215
4768	194
4769	194
4770	163
4771	188
4772	160
4773	191
4774	182
4775	181
4776	201
4777	200
4778	182
4779	175
4780	178
4781	195
4782	166
4783	191
4784	189
4785	190
4786	180
4787	202
4788	175
4789	200
4790	178
4791	190
4792	184
4793	177
4794	185
4795	202
4796	175
4797	189
4798	173
4799	188
4800	178
4801	178
4802	195
4803	195
4804	161
4805	185
4806	169
4807	192
4808	190
4809	180
4810	198
4811	188
4812	192
4813	181
4814	177
4815	194
4816	176
4817	167
4818	206
4819	191
4820	170
4821	200
4822	200
4823	184
4824	173
4825	175
4826	187
4827	195
4828	199
4829	198
4830	170
4831	180
4832	193
4833	196
4834	163
4835	201
4836	179
4837	179
4838	159
4839	176
4840	187
4841	190
4842	187
4843	204
4844	193
4845	195
4846	172
4847	203
4848	191
4849	184
4850	195
4851	191
4852	193
4853	192
4854	207
4855	193
4856	223
4857	191
4858	170
4859	184
4860	192
4861	170
4862	191
4863	173
4864	213
4865	172
4866	194
4867	184
4868	180
4869	165
4870	199
4871	180
4872	202
4873	227
4874	178
4875	166
4876	173
4877	159
4878	180
4879	204
4880	213
4881	178
4882	189
4883	191
4884	182
4885	173
4886	181
4887	184
4888	180
4889	190
4890	201
4891	210
4892	189
4893	189
4894	186
4895	199
4896	201
4897	188
4898	196
4899	200
4900	185
4901	188
4902	203
4903	199
4904	168
4905	160
4906	184
4907	177
4908	192
4909	177
4910	183
4911	209
4912	191
4913	193
4914	174
4915	210
4916	178
4917	189
4918	183
4919	189
4920	209
4921	166
4922	183
4923	202
4924	181
4925	198
4926	176
4927	188
4928	186
4929	180
4930	175
4931	191
4932	187
4933	213
4934	211
4935	199
4936	203
4937	201
4938	173
4939	190
4940	203
4941	186
4942	185
4943	192
4944	183
4945	188
4946	188
4947	194
4948	174
4949	182
4950	207
4951	201
4952	183
4953	192
4954	212
4955	165
4956	186
4957	178
4958	178
4959	189
4960	178
4961	187
4962	197
4963	194
4964	199
4965	193
4966	199
4967	186
4968	183
4969	191
4970	174
4971	189
4972	177
4973	147
4974	194
4975	175
4976	194
4977	187
4978	159
4979	194
4980	180
4981	184
4982	184
4983	224
4984	195
4985	192
4986	179
4987	175
4988	172
4989	179
4990	181
4991	191
4992	208
4993	194
4994	190
4995	163
4996	181
4997	203
4998	186
4999	208
5000	199
5001	209
5002	189
5003	191
5004	179
5005	205
5006	216
5007	191
5008	194
5009	178
5010	192
5011	164
5012	210
5013	216
5014	206
5015	200
5016	193
5017	192
5018	198
5019	199
5020	210
5021	188
5022	174
5023	198
5024	187
5025	189
5026	220
5027	189
5028	177
5029	190
5030	195
5031	211
5032	190
5033	204
5034	174
5035	193
5036	205
5037	187
5038	218
5039	211
5040	185
5041	187
5042	197
5043	223
5044	178
5045	213
5046	202
5047	189
5048	183
5049	182
5050	200
5051	184
5052	205
5053	182
5054	223
5055	218
5056	187
5057	204
5058	208
5059	173
5060	208
5061	194
5062	193
5063	193
5064	192
5065	196
5066	212
5067	192
5068	172
5069	189
5070	197
5071	196
5072	204
5073	191
5074	184
5075	199
5076	193
5077	217
5078	193
5079	169
5080	194
5081	187
5082	178
5083	204
5084	220
5085	220
5086	199
5087	195
5088	215
5089	200
5090	190
5091	207
5092	194
5093	183
5094	203
5095	191
5096	188
5097	196
5098	205
5099	201
5100	201
5101	181
5102	194
5103	165
5104	206
5105	173
5106	192
5107	225
5108	184
5109	195
5110	172
5111	219
5112	206
5113	198
5114	182
5115	210
5116	192
5117	189
5118	189
5119	189
5120	182
5121	200
5122	206
5123	192
5124	203
5125	182
5126	189
5127	197
5128	198
5129	212
5130	191
5131	210
5132	181
5133	186
5134	209
5135	198
5136	218
5137	181
5138	209
5139	187
5140	189
5141	213
5142	203
5143	213
5144	202
5145	186
5146	223
5147	219
5148	199
5149	196
5150	213
5151	191
5152	187
5153	200
5154	228
5155	173
5156	220
5157	185
5158	219
5159	211
5160	200
5161	230
5162	222
5163	221
5164	234
5165	220
5166	185
5167	220
5168	193
5169	206
5170	208
5171	190
5172	211
5173	199
5174	200
5175	204
5176	235
5177	201
5178	195
5179	193
5180	196
5181	191
5182	186
5183	205
5184	209
5185	217
5186	203
5187	195
5188	205
5189	200
5190	206
5191	219
5192	216
5193	185
5194	192
5195	180
5196	230
5197	215
5198	184
5199	206
5200	201
5201	196
5202	201
5203	195
5204	213
5205	180
5206	198
5207	187
5208	206
5209	214
5210	203
5211	187
5212	200
5213	203
5214	187
5215	226
5216	211
5217	208
5218	212
5219	192
5220	206
5221	225
5222	174
5223	211
5224	232
5225	220
5226	195
5227	200
5228	225
5229	229
5230	237
5231	215
5232	189
5233	210
5234	212
5235	229
5236	210
5237	202
5238	176
5239	215
5240	213
5241	209
5242	254
5243	214
5244	224
5245	194
5246	212
5247	202
5248	197
5249	212
5250	221
5251	207
5252	195
5253	220
5254	200
5255	199
5256	227
5257	219
5258	198
5259	211
5260	200
5261	207
5262	206
5263	199
5264	195
5265	198
5266	216
5267	212
5268	208
5269	203
5270	234
5271	204
5272	207
5273	176
5274	199
5275	203
5276	213
5277	215
5278	214
5279	192
5280	197
5281	218
5282	211
5283	207
5284	202
5285	186
5286	200
5287	170
5288	186
5289	194
5290	221
5291	210
5292	186
5293	221
5294	196
5295	227
5296	226
5297	180
5298	207
5299	198
5300	231
5301	221
5302	233
5303	223
5304	195
5305	216
5306	240
5307	237
5308	218
5309	195
5310	234
5311	210
5312	246
5313	216
5314	211
5315	227
5316	218
5317	199
5318	229
5319	193
5320	210
5321	209
5322	236
5323	193
5324	217
5325	211
5326	193
5327	223
5328	220
5329	196
5330	223
5331	222
5332	206
5333	211
5334	226
5335	240
5336	206
5337	223
5338	233
5339	240
5340	217
5341	193
5342	220
5343	210
5344	217
5345	237
5346	243
5347	211
5348	213
5349	218
5350	216
5351	215
5352	211
5353	219
5354	218
5355	208
5356	203
5357	210
5358	200
5359	209
5360	196
5361	226
5362	216
5363	202
5364	217
5365	195
5366	219
5367	216
5368	232
5369	251
5370	208
5371	222
5372	212
5373	229
5374	218
5375	214
5376	237
5377	211
5378	219
5379	212
5380	209
5381	229
5382	225
5383	219
5384	194
5385	207
5386	195
5387	209
5388	209
5389	218
5390	242
5391	196
5392	224
5393	215
5394	210
5395	223
5396	236
5397	203
5398	218
5399	203
5400	217
5401	241
5402	206
5403	214
5404	220
5405	218
5406	203
5407	195
5408	207
5409	225
5410	225
5411	237
5412	239
5413	225
5414	218
5415	239
5416	225
5417	232
5418	222
5419	199
5420	206
5421	232
5422	204
5423	220
5424	218
5425	199
5426	221
5427	214
5428	197
5429	224
5430	216
5431	179
5432	225
5433	218
5434	226
5435	247
5436	208
5437	206
5438	254
5439	207
5440	211
5441	237
5442	202
5443	254
5444	202
5445	231
5446	225
5447	230
5448	224
5449	219
5450	209
5451	229
5452	222
5453	231
5454	221
5455	215
5456	211
5457	238
5458	233
5459	230
5460	211
5461	205
5462	205
5463	211
5464	205
5465	223
5466	254
5467	192
5468	223
5469	213
5470	215
5471	212
5472	220
5473	236
5474	209
5475	199
5476	230
5477	226
5478	216
5479	219
5480	213
5481	214
5482	223
5483	216
5484	249
5485	242
5486	208
5487	221
5488	228
5489	216
5490	253
5491	240
5492	232
5493	205
5494	227
5495	238
5496	244
5497	243
5498	209
5499	227
5500	191
5501	220
5502	231
5503	209
5504	218
5505	216
5506	225
5507	220
5508	217
5509	201
5510	230
5511	206
5512	230
5513	226
5514	222
5515	214
5516	256
5517	235
5518	233
5519	197
5520	201
5521	242
5522	256
5523	212
5524	208
5525	215
5526	229
5527	224
5528	247
5529	230
5530	247
5531	243
5532	230
5533	239
5534	219
5535	221
5536	247
5537	218
5538	207
5539	198
5540	266
5541	241
5542	230
5543	235
5544	234
5545	219
5546	228
5547	196
5548	239
5549	223
5550	212
5551	229
5552	213
5553	222
5554	221
5555	230
5556	246
5557	237
5558	217
5559	219
5560	217
5561	243
5562	223
5563	209
5564	228
5565	239
5566	223
5567	225
5568	237
5569	248
5570	220
5571	223
5572	247
5573	175
5574	237
5575	219
5576	211
5577	212
5578	228
5579	212
5580	251
5581	214
5582	228
5583	240
5584	234
5585	245
5586	219
5587	218
5588	230
5589	232
5590	260
5591	250
5592	238
5593	220
5594	213
5595	243
5596	224
5597	252
5598	206
5599	200
5600	195
5601	218
5602	203
5603	204
5604	214
5605	247
5606	239
5607	257
5608	233
5609	248
5610	242
5611	241
5612	249
5613	215
5614	233
5615	244
5616	257
5617	229
5618	216
5619	222
5620	229
5621	222
5622	236
5623	217
5624	208
5625	225
5626	221
5627	224
5628	209
5629	215
5630	224
5631	252
5632	221
5633	219
5634	227
5635	224
5636	222
5637	206
5638	231
5639	263
5640	241
5641	229
5642	246
5643	242
5644	207
5645	245
5646	245
5647	256
5648	233
5649	203
5650	238
5651	203
5652	213
5653	261
5654	224
5655	250
5656	220
5657	226
5658	244
5659	233
5660	235
5661	226
5662	221
5663	264
5664	220
5665	257
5666	222
5667	248
5668	228
5669	229
5670	239
5671	232
5672	211
5673	225
5674	220
5675	231
5676	240
5677	247
5678	215
5679	227
5680	224
5681	254
5682	243
5683	226
5684	219
5685	262
5686	239
5687	234
5688	259
5689	220
5690	212
5691	208
5692	240
5693	228
5694	256
5695	252
5696	215
5697	209
5698	206
5699	230
5700	235
5701	218
5702	235
5703	261
5704	240
5705	238
5706	226
5707	200
5708	214
5709	219
5710	227
5711	245
5712	251
5713	221
5714	247
5715	235
5716	197
5717	214
5718	235
5719	231
5720	215
5721	235
5722	224
5723	239
5724	232
5725	242
5726	234
5727	202
5728	234
5729	216
5730	260
5731	216
5732	238
5733	243
5734	238
5735	255
5736	230
5737	221
5738	230
5739	204
5740	230
5741	221
5742	219
5743	225
5744	238
5745	254
5746	224
5747	225
5748	199
5749	232
5750	249
5751	228
5752	207
5753	208
5754	245
5755	224
5756	216
5757	221
5758	199
5759	229
5760	250
5761	222
5762	227
5763	223
5764	232
5765	227
5766	242
5767	203
5768	229
5769	239
5770	241
5771	246
5772	220
5773	246
5774	251
5775	215
5776	226
5777	210
5778	218
5779	235
5780	224
5781	245
5782	221
5783	201
5784	232
5785	228
5786	207
5787	235
5788	202
5789	240
5790	229
5791	214
5792	229
5793	218
5794	205
5795	196
5796	209
5797	222
5798	216
5799	213
5800	237
5801	210
5802	223
5803	210
5804	223
5805	223
5806	227
5807	240
5808	227
5809	212
5810	243
5811	219
5812	221
5813	196
5814	223
5815	218
5816	212
5817	213
5818	231
5819	218
5820	225
5821	229
5822	229
5823	185
5824	200
5825	237
5826	198
5827	230
5828	206
5829	186
5830	197
5831	235
5832	225
5833	187
5834	227
5835	201
5836	208
5837	213
5838	220
5839	208
5840	230
5841	194
5842	221
5843	211
5844	236
5845	223
5846	210
5847	192
5848	212
5849	227
5850	201
5851	232
5852	206
5853	223
5854	206
5855	208
5856	205
5857	195
5858	217
5859	188
5860	232
5861	212
5862	201
5863	211
5864	189
5865	206
5866	204
5867	195
5868	199
5869	210
5870	192
5871	209
5872	201
5873	208
5874	232
5875	218
5876	226
5877	212
5878	201
5879	213
5880	205
5881	217
5882	175
5883	217
5884	180
5885	192
5886	201
5887	201
5888	191
5889	217
5890	204
5891	201
5892	231
5893	207
5894	216
5895	202
5896	190
5897	214
5898	200
5899	192
5900	177
5901	194
5902	193
5903	185
5904	167
5905	189
5906	224
5907	194
5908	196
5909	187
5910	212
5911	193
5912	204
5913	196
5914	215
5915	194
5916	186
5917	213
5918	187
5919	176
5920	183
5921	189
5922	196
5923	207
5924	194
5925	220
5926	181
5927	187
5928	209
5929	186
5930	211
5931	185
5932	193
5933	181
5934	198
5935	191
5936	206
5937	191
5938	198
5939	189
5940	206
5941	198
5942	179
5943	161
5944	192
5945	192
5946	154
5947	181
5948	168
5949	179
5950	195
5951	170
5952	206
5953	190
5954	210
5955	167
5956	180
5957	203
5958	179
5959	190
5960	158
5961	178
5962	187
5963	179
5964	174
5965	188
5966	166
5967	182
5968	168
5969	153
5970	175
5971	196
5972	186
5973	169
5974	174
5975	196
5976	184
5977	167
5978	165
5979	185
5980	169
5981	164
5982	174
5983	186
5984	176
5985	172
5986	174
5987	202
5988	157
5989	164
5990	157
5991	190
5992	184
5993	178
5994	189
5995	170
5996	185
5997	185
5998	184
5999	163
6000	165
6001	158
6002	154
6003	170
6004	182
6005	202
6006	175
6007	181
6008	163
6009	205
6010	198
6011	178
6012	178
6013	140
6014	168
6015	160
6016	184
6017	181
6018	171
6019	168
6020	193
6021	175
6022	179
6023	180
6024	205
6025	184
6026	169
6027	166
6028	197
6029	162
6030	159
6031	189
6032	189
6033	161
6034	170
6035	167
6036	162
6037	164
6038	193
6039	182
6040	176
6041	175
6042	176
6043	165
6044	186
6045	162
6046	149
6047	161
6048	163
6049	169
6050	180
6051	154
6052	203
6053	171
6054	144
6055	144
6056	169
6057	148
6058	158
6059	166
6060	200
6061	183
6062	154
6063	161
6064	146
6065	176
6066	164
6067	155
6068	136
6069	172
6070	193
6071	168
6072	157
6073	166
6074	186
6075	177
6076	174
6077	159
6078	176
6079	182
6080	173
6081	179
6082	173
6083	152
6084	159
6085	164
6086	172
6087	136
6088	175
6089	156
6090	149
6091	166
6092	173
6093	174
6094	149
6095	149
6096	167
6097	129
6098	178
6099	158
6100	168
6101	163
6102	163
6103	152
6104	158
6105	166
6106	170
6107	170
6108	174
6109	153
6110	136
6111	151
6112	176
6113	164
6114	169
6115	145
6116	165
6117	138
6118	168
6119	161
6120	167
6121	151
6122	159
6123	141
6124	154
6125	160
6126	165
6127	153
6128	149
6129	174
6130	164
6131	161
6132	150
6133	174
6134	152
6135	143
6136	167
6137	132
6138	159
6139	147
6140	137
6141	161
6142	141
6143	151
6144	154
6145	162
6146	143
6147	173
6148	153
6149	164
6150	160
6151	163
6152	165
6153	143
6154	173
6155	148
6156	156
6157	166
6158	160
6159	176
6160	152
6161	141
6162	147
6163	136
6164	154
6165	149
6166	136
6167	166
6168	130
6169	135
6170	171
6171	142
6172	181
6173	163
6174	185
6175	150
6176	128
6177	152
6178	158
6179	163
6180	126
6181	171
6182	160
6183	153
6184	146
6185	149
6186	156
6187	169
6188	156
6189	149
6190	138
6191	154
6192	162
6193	153
6194	147
6195	150
6196	165
6197	123
6198	157
6199	148
6200	158
6201	170
6202	150
6203	158
6204	149
6205	146
6206	130
6207	154
6208	166
6209	138
6210	149
6211	124
6212	144
6213	154
6214	161
6215	159
6216	143
6217	164
6218	154
6219	157
6220	150
6221	171
6222	160
6223	166
6224	148
6225	151
6226	134
6227	162
6228	163
6229	158
6230	159
6231	141
6232	168
6233	140
6234	145
6235	126
6236	157
6237	144
6238	149
6239	145
6240	153
6241	150
6242	128
6243	149
6244	173
6245	171
6246	162
6247	170
6248	152
6249	152
6250	144
6251	158
6252	142
6253	150
6254	135
6255	133
6256	148
6257	155
6258	162
6259	149
6260	159
6261	164
6262	154
6263	144
6264	131
6265	149
6266	161
6267	137
6268	143
6269	150
6270	147
6271	167
6272	151
6273	143
6274	150
6275	144
6276	145
6277	140
6278	161
6279	143
6280	151
6281	129
6282	151
6283	157
6284	119
6285	134
6286	147
6287	152
6288	149
6289	159
6290	148
6291	147
6292	142
6293	143
6294	147
6295	156
6296	140
6297	131
6298	145
6299	163
6300	161
6301	143
6302	167
6303	140
6304	149
6305	161
6306	145
6307	136
6308	149
6309	161
6310	137
6311	145
6312	143
6313	164
6314	180
6315	137
6316	141
6317	119
6318	133
6319	160
6320	162
6321	142
6322	137
6323	144
6324	138
6325	128
6326	168
6327	150
6328	171
6329	132
6330	162
6331	154
6332	136
6333	143
6334	162
6335	136
6336	139
6337	155
6338	135
6339	144
6340	144
6341	144
6342	129
6343	151
6344	157
6345	130
6346	142
6347	153
6348	152
6349	165
6350	144
6351	178
6352	146
6353	126
6354	143
6355	145
6356	150
6357	144
6358	147
6359	166
6360	153
6361	124
6362	134
6363	157
6364	155
6365	138
6366	134
6367	137
6368	131
6369	122
6370	155
6371	148
6372	139
6373	153
6374	135
6375	124
6376	144
6377	140
6378	146
6379	146
6380	130
6381	152
6382	143
6383	154
6384	141
6385	157
6386	161
6387	140
6388	146
6389	149
6390	148
6391	141
6392	149
6393	159
6394	153
6395	126
6396	140
6397	149
6398	131
6399	135
6400	157
6401	133
6402	147
6403	160
6404	133
6405	140
6406	157
6407	127
6408	140
6409	142
6410	140
6411	129
6412	150
6413	141
6414	160
6415	161
6416	143
6417	150
6418	134
6419	116
6420	149
6421	146
6422	144
6423	148
6424	132
6425	136
6426	123
6427	135
6428	126
6429	143
6430	132
6431	136
6432	141
6433	125
6434	148
6435	135
6436	147
6437	131
6438	150
6439	126
6440	154
6441	130
6442	122
6443	163
6444	143
6445	141
6446	148
6447	134
6448	134
6449	157
6450	137
6451	139
6452	154
6453	141
6454	135
6455	135
6456	130
6457	122
6458	137
6459	131
6460	130
6461	136
6462	152
6463	151
6464	130
6465	134
6466	129
6467	119
6468	138
6469	144
6470	132
6471	141
6472	128
6473	151
6474	139
6475	132
6476	139
6477	139
6478	125
6479	143
6480	133
6481	129
6482	140
6483	139
6484	141
6485	129
6486	130
6487	134
6488	133
6489	117
6490	116
6491	132
6492	123
6493	105
6494	139
6495	151
6496	153
6497	147
6498	108
6499	139
6500	140
6501	141
6502	125
6503	159
6504	134
6505	129
6506	129
6507	175
6508	140
6509	142
6510	156
6511	140
6512	125
6513	110
6514	131
6515	129
6516	113
6517	161
6518	128
6519	139
6520	145
6521	148
6522	141
6523	135
6524	132
6525	140
6526	135
6527	153
6528	127
6529	155
6530	115
6531	118
6532	136
6533	140
6534	121
6535	131
6536	143
6537	127
6538	139
6539	142
6540	147
6541	127
6542	112
6543	128
6544	126
6545	127
6546	154
6547	135
6548	113
6549	138
6550	125
6551	149
6552	128
6553	133
6554	128
6555	141
6556	112
6557	127
6558	131
6559	118
6560	118
6561	141
6562	140
6563	158
6564	138
6565	155
6566	115
6567	122
6568	120
6569	130
6570	109
6571	115
6572	115
6573	124
6574	147
6575	124
6576	132
6577	137
6578	123
6579	127
6580	115
6581	134
6582	135
6583	112
6584	114
6585	139
6586	119
6587	110
6588	140
6589	127
6590	122
6591	128
6592	122
6593	156
6594	140
6595	117
6596	104
6597	125
6598	134
6599	124
6600	112
6601	117
6602	119
6603	135
6604	137
6605	118
6606	117
6607	131
6608	127
6609	133
6610	109
6611	134
6612	143
6613	116
6614	108
6615	91
6616	131
6617	120
6618	114
6619	118
6620	98
6621	144
6622	115
6623	135
6624	124
6625	106
6626	123
6627	113
6628	130
6629	143
6630	129
6631	122
6632	126
6633	127
6634	122
6635	115
6636	116
6637	125
6638	136
6639	119
6640	120
6641	126
6642	129
6643	114
6644	110
6645	114
6646	130
6647	113
6648	122
6649	134
6650	109
6651	141
6652	131
6653	102
6654	143
6655	131
6656	137
6657	119
6658	116
6659	124
6660	122
6661	116
6662	118
6663	119
6664	133
6665	132
6666	112
6667	114
6668	122
6669	111
6670	122
6671	121
6672	110
6673	100
6674	115
6675	138
6676	127
6677	113
6678	151
6679	126
6680	129
6681	120
6682	118
6683	105
6684	125
6685	117
6686	152
6687	125
6688	111
6689	133
6690	129
6691	109
6692	123
6693	126
6694	110
6695	144
6696	111
6697	131
6698	117
6699	127
6700	147
6701	121
6702	142
6703	110
6704	133
6705	136
6706	129
6707	131
6708	106
6709	134
6710	116
6711	119
6712	132
6713	143
6714	135
6715	111
6716	117
6717	117
6718	125
6719	124
6720	121
6721	142
6722	129
6723	143
6724	129
6725	109
6726	120
6727	134
6728	128
6729	142
6730	129
6731	129
6732	150
6733	130
6734	132
6735	124
6736	143
6737	137
6738	153
6739	140
6740	138
6741	143
6742	116
6743	134
6744	117
6745	151
6746	127
6747	143
6748	130
6749	150
6750	150
6751	134
6752	136
6753	136
6754	150
6755	143
6756	135
6757	128
6758	163
6759	138
6760	145
6761	143
6762	120
6763	154
6764	122
6765	148
6766	147
6767	164
6768	160
6769	129
6770	123
6771	130
6772	117
6773	157
6774	144
6775	144
6776	138
6777	168
6778	171
6779	130
6780	154
6781	161
6782	176
6783	136
6784	166
6785	167
6786	164
6787	181
6788	168
6789	143
6790	158
6791	170
6792	172
6793	158
6794	165
6795	198
6796	161
6797	165
6798	171
6799	167
6800	165
6801	188
6802	160
6803	173
6804	181
6805	173
6806	157
6807	178
6808	171
6809	170
6810	156
6811	176
6812	187
6813	181
6814	186
6815	159
6816	164
6817	186
6818	186
6819	179
6820	182
6821	189
6822	206
6823	203
6824	183
6825	163
6826	170
6827	193
6828	207
6829	196
6830	207
6831	186
6832	215
6833	202
6834	203
6835	191
6836	193
6837	198
6838	203
6839	205
6840	188
6841	197
6842	199
6843	225
6844	191
6845	211
6846	186
6847	206
6848	215
6849	181
6850	222
6851	227
6852	223
6853	237
6854	229
6855	193
6856	218
6857	253
6858	262
6859	245
6860	245
6861	213
6862	219
6863	225
6864	240
6865	261
6866	250
6867	218
6868	236
6869	266
6870	259
6871	259
6872	256
6873	250
6874	267
6875	265
6876	262
6877	272
6878	268
6879	250
6880	283
6881	267
6882	262
6883	252
6884	273
6885	282
6886	280
6887	254
6888	281
6889	268
6890	291
6891	294
6892	285
6893	295
6894	286
6895	275
6896	280
6897	303
6898	297
6899	270
6900	280
6901	302
6902	300
6903	287
6904	297
6905	306
6906	296
6907	289
6908	310
6909	319
6910	331
6911	337
6912	280
6913	289
6914	314
6915	328
6916	300
6917	318
6918	326
6919	340
6920	330
6921	316
6922	339
6923	354
6924	344
6925	336
6926	350
6927	362
6928	342
6929	330
6930	318
6931	360
6932	353
6933	375
6934	312
6935	308
6936	337
6937	362
6938	359
6939	353
6940	362
6941	340
6942	360
6943	359
6944	344
6945	377
6946	390
6947	383
6948	368
6949	412
6950	374
6951	385
6952	405
6953	412
6954	407
6955	403
6956	418
6957	413
6958	404
6959	408
6960	381
6961	430
6962	393
6963	389
6964	414
6965	385
6966	422
6967	399
6968	401
6969	435
6970	403
6971	422
6972	450
6973	429
6974	405
6975	470
6976	441
6977	445
6978	449
6979	460
6980	453
6981	450
6982	445
6983	430
6984	437
6985	479
6986	448
6987	463
6988	486
6989	499
6990	483
6991	493
6992	482
6993	465
6994	438
6995	447
6996	507
6997	457
6998	527
6999	467
7000	459
7001	483
7002	507
7003	506
7004	488
7005	495
7006	502
7007	517
7008	467
7009	473
7010	501
7011	479
7012	521
7013	501
7014	503
7015	584
7016	499
7017	499
7018	497
7019	510
7020	535
7021	568
7022	519
7023	512
7024	519
7025	567
7026	551
7027	554
7028	542
7029	559
7030	560
7031	566
7032	523
7033	560
7034	564
7035	559
7036	548
7037	565
7038	550
7039	558
7040	538
7041	560
7042	573
7043	574
7044	575
7045	576
7046	552
7047	572
7048	587
7049	612
7050	552
7051	574
7052	617
7053	574
7054	568
7055	593
7056	582
7057	583
7058	572
7059	607
7060	625
7061	586
7062	620
7063	629
7064	596
7065	595
7066	557
7067	612
7068	590
7069	581
7070	652
7071	595
7072	609
7073	577
7074	598
7075	610
7076	658
7077	660
7078	593
7079	631
7080	633
7081	614
7082	628
7083	645
7084	605
7085	615
7086	605
7087	658
7088	575
7089	637
7090	649
7091	618
7092	628
7093	664
7094	644
7095	633
7096	659
7097	618
7098	660
7099	608
7100	621
7101	618
7102	628
7103	638
7104	633
7105	706
7106	676
7107	681
7108	645
7109	644
7110	632
7111	703
7112	621
7113	677
7114	687
7115	636
7116	693
7117	690
7118	676
7119	609
7120	674
7121	601
7122	701
7123	680
7124	670
7125	640
7126	629
7127	626
7128	647
7129	636
7130	642
7131	674
7132	648
7133	637
7134	689
7135	620
7136	689
7137	688
7138	688
7139	658
7140	681
7141	670
7142	662
7143	667
7144	696
7145	665
7146	601
7147	671
7148	667
7149	676
7150	731
7151	692
7152	690
7153	674
7154	666
7155	639
7156	656
7157	641
7158	681
7159	677
7160	643
7161	688
7162	684
7163	691
7164	649
7165	711
7166	671
7167	637
7168	652
7169	692
7170	687
7171	668
7172	669
7173	640
7174	675
7175	665
7176	677
7177	638
7178	646
7179	619
7180	707
7181	644
7182	657
7183	664
7184	643
7185	657
7186	662
7187	689
7188	624
7189	623
7190	637
7191	695
7192	630
7193	691
7194	679
7195	679
7196	668
7197	667
7198	623
7199	637
7200	632
7201	675
7202	681
7203	670
7204	654
7205	687
7206	582
7207	688
7208	644
7209	629
7210	624
7211	664
7212	651
7213	640
7214	666
7215	626
7216	618
7217	625
7218	647
7219	641
7220	654
7221	622
7222	618
7223	582
7224	610
7225	650
7226	680
7227	638
7228	637
7229	643
7230	637
7231	614
7232	598
7233	619
7234	631
7235	574
7236	625
7237	604
7238	596
7239	626
7240	592
7241	606
7242	626
7243	606
7244	625
7245	554
7246	600
7247	613
7248	632
7249	567
7250	574
7251	593
7252	596
7253	552
7254	560
7255	578
7256	595
7257	619
7258	553
7259	582
7260	601
7261	569
7262	534
7263	567
7264	542
7265	555
7266	559
7267	566
7268	529
7269	592
7270	543
7271	521
7272	566
7273	541
7274	527
7275	560
7276	549
7277	569
7278	544
7279	557
7280	495
7281	530
7282	534
7283	552
7284	511
7285	504
7286	563
7287	529
7288	519
7289	521
7290	534
7291	500
7292	493
7293	546
7294	488
7295	515
7296	563
7297	473
7298	475
7299	493
7300	534
7301	505
7302	517
7303	518
7304	498
7305	534
7306	499
7307	500
7308	496
7309	508
7310	506
7311	452
7312	475
7313	509
7314	526
7315	542
7316	453
7317	459
7318	482
7319	448
7320	453
7321	467
7322	453
7323	450
7324	432
7325	487
7326	466
7327	486
7328	447
7329	471
7330	467
7331	462
7332	414
7333	448
7334	446
7335	443
7336	438
7337	418
7338	435
7339	413
7340	444
7341	423
7342	495
7343	383
7344	378
7345	393
7346	429
7347	407
7348	401
7349	385
7350	409
7351	389
7352	417
7353	395
7354	366
7355	353
7356	397
7357	388
7358	370
7359	378
7360	375
7361	434
7362	352
7363	386
7364	382
7365	386
7366	382
7367	349
7368	339
7369	399
7370	342
7371	378
7372	328
7373	357
7374	325
7375	366
7376	326
7377	331
7378	337
7379	367
7380	353
7381	360
7382	337
7383	323
7384	295
7385	311
7386	353
7387	314
7388	326
7389	288
7390	331
7391	329
7392	294
7393	308
7394	319
7395	281
7396	293
7397	298
7398	297
7399	324
7400	315
7401	290
7402	320
7403	295
7404	274
7405	279
7406	316
7407	300
7408	311
7409	267
7410	312
7411	283
7412	262
7413	284
7414	267
7415	258
7416	266
7417	297
7418	289
7419	266
7420	264
7421	263
7422	265
7423	277
7424	243
7425	232
7426	253
7427	260
7428	234
7429	249
7430	244
7431	238
7432	229
7433	223
7434	230
7435	272
7436	253
7437	253
7438	224
7439	235
7440	216
7441	232
7442	208
7443	216
7444	219
7445	217
7446	237
7447	192
7448	210
7449	207
7450	208
7451	224
7452	206
7453	200
7454	203
7455	180
7456	205
7457	186
7458	206
7459	213
7460	207
7461	185
7462	181
7463	206
7464	168
7465	174
7466	170
7467	197
7468	178
7469	167
7470	176
7471	163
7472	159
7473	184
7474	168
7475	172
7476	147
7477	163
7478	159
7479	142
7480	165
7481	170
7482	155
7483	146
7484	131
7485	137
7486	170
7487	141
7488	136
7489	151
7490	122
7491	132
7492	122
7493	117
7494	131
7495	124
7496	128
7497	136
7498	118
7499	98
7500	112
7501	111
7502	117
7503	107
7504	97
7505	98
7506	105
7507	114
7508	87
7509	102
7510	86
7511	94
7512	97
7513	93
7514	84
7515	94
7516	72
7517	87
7518	73
7519	85
7520	76
7521	74
7522	61
7523	73
7524	75
7525	69
7526	49
7527	72
7528	59
7529	67
7530	74
7531	63
7532	66
7533	53
7534	43
7535	57
7536	69
7537	49
7538	55
7539	45
7540	44
7541	56
7542	34
7543	52
7544	44
7545	55
7546	28
7547	45
7548	28
7549	37
7550	32
7551	32
7552	29
7553	26
7554	31
7555	33
7556	33
7557	36
7558	21
7559	27
7560	20
7561	29
7562	18
7563	15
7564	16
7565	16
7566	16
7567	25
7568	16
7569	22
7570	18
7571	11
7572	14
7573	10
7574	20
7575	15
7576	9
7577	3
7578	12
7579	12
7580	8
7581	9
7582	5
7583	10
7584	11
7585	9
7586	8
7587	9
7588	11
7589	12
7590	8
7591	7
7592	8
7593	5
7594	7
7595	6
7596	2
7597	3
7598	3
7599	2
7600	4
7601	2
7602	2
7603	0
7604	7
7605	6
7606	1
7607	4
7608	2
7609	2
7610	0
7611	5
7612	2
7613	2
7614	1
7615	0
7616	1
7617	2
7618	4
7619	0
7620	1
7621	1
7622	1
7623	2
7624	3
7625	3
7626	0
7627	1
7628	1
7629	2
7630	1
7631	1
7632	1
7633	0
7634	2
7635	0
7636	0
7637	0
7638	0
7639	0
7640	0
7641	1
7642	0
7643	0
7644	0
7645	0
7646	0
7647	0
7648	0
7649	0
7650	0
7651	0
7652	1
7653	0
7654	0
7655	0
7656	0
7657	0
7658	0
7659	0
7660	1
7661	0
7662	0
7663	0
7664	0
7665	0
7666	0
7667	0
7668	0
7669	0
7670	0
7671	0
7672	0
7673	0
7674	0
7675	0
7676	1
7677	0
7678	0
7679	0
7680	0
7681	0
7682	0
7683	0
7684	0
7685	0
7686	0
7687	0
7688	0
7689	0
7690	0
7691	0
7692	0
7693	0
7694	0
7695	0
7696	0
7697	0
7698	1
7699	0
7700	0
7701	0
7702	0
7703	0
7704	0
7705	0
7706	0
7707	0
7708	0
7709	0
7710	0
7711	0
7712	0
7713	0
7714	0
7715	0
7716	0
7717	0
7718	0
7719	0
7720	0
7721	0
7722	0
7723	0
7724	0
7725	0
7726	0
7727	0
7728	0
7729	0
7730	0
7731	0
7732	0
7733	0
7734	0
7735	0
7736	0
7737	0
7738	0
7739	0
7740	0
7741	0
7742	0
7743	0
7744	0
7745	0
7746	0
7747	0
7748	0
7749	0
7750	0
7751	0
7752	0
7753	0
7754	0
7755	0
7756	0
7757	0
7758	0
7759	0
7760	0
7761	0
7762	0
7763	0
7764	0
7765	0
7766	0
7767	0
7768	0
7769	0
7770	0
7771	0
7772	0
7773	0
7774	0
7775	0
7776	0
7777	0
7778	0
7779	0
7780	0
7781	0
7782	0
7783	0
7784	0
7785	0
7786	0
7787	0
7788	0
7789	0
7790	0
7791	0
7792	0
7793	0
7794	0
7795	0
7796	0
7797	0
7798	0
7799	0
7800	0
7801	0
7802	0
7803	0
7804	0
7805	0
7806	0
7807	0
7808	0
7809	0
7810	0
7811	0
7812	0
7813	0
7814	0
7815	0
7816	0
7817	0
7818	0
7819	0
7820	0
7821	0
7822	0
7823	0
7824	0
7825	0
7826	0
7827	0
7828	0
7829	0
7830	0
7831	0
7832	0
7833	0
7834	0
7835	0
7836	0
7837	0
7838	0
7839	0
7840	0
7841	0
7842	0
7843	0
7844	0
7845	0
7846	0
7847	0
7848	0
7849	0
7850	0
7851	0
7852	0
7853	0
7854	0
7855	0
7856	0
7857	0
7858	0
7859	0
7860	0
7861	0
7862	0
7863	0
7864	0
7865	0
7866	0
7867	0
7868	0
7869	0
7870	0
7871	0
7872	0
7873	0
7874	0
7875	0
7876	0
7877	0
7878	0
7879	0
7880	0
7881	0
7882	0
7883	0
7884	0
7885	0
7886	0
7887	0
7888	0
7889	0
7890	0
7891	0
7892	0
7893	0
7894	0
7895	0
7896	0
7897	0
7898	0
7899	0
7900	0
7901	0
7902	0
7903	0
7904	0
7905	0
7906	0
7907	0
7908	0
7909	0
7910	0
7911	0
7912	0
7913	0
7914	0
7915	0
7916	0
7917	0
7918	0
7919	0
7920	0
7921	0
7922	0
7923	0
7924	0
7925	0
7926	0
7927	0
7928	0
7929	0
7930	0
7931	0
7932	0
7933	0
7934	0
7935	0
7936	0
7937	0
7938	0
7939	0
7940	0
7941	0
7942	0
7943	0
7944	0
7945	0
7946	0
7947	0
7948	0
7949	0
7950	0
7951	0
7952	0
7953	0
7954	0
7955	0
7956	0
7957	0
7958	0
7959	0
7960	0
7961	0
7962	0
7963	0
7964	0
7965	0
7966	0
7967	0
7968	0
7969	0
7970	0
7971	0
7972	0
7973	0
7974	0
7975	0
7976	0
7977	0
7978	0
7979	0
7980	0
7981	0
7982	0
7983	0
7984	0
7985	0
7986	0
7987	0
7988	0
7989	0
7990	0
7991	0
7992	0
7993	0
7994	0
7995	0
7996	0
7997	0
7998	0
7999	0
8000	0
8001	0
8002	0
8003	0
8004	0
8005	0
8006	0
8007	0
8008	0
8009	0
8010	0
8011	0
8012	0
8013	0
8014	0
8015	0
8016	0
8017	0
8018	0
8019	0
8020	0
8021	0
8022	0
8023	0
8024	0
8025	0
8026	0
8027	0
8028	0
8029	0
8030	0
8031	0
8032	0
8033	0
8034	0
8035	0
8036	0
8037	0
8038	0
8039	0
8040	0
8041	0
8042	0
8043	0
8044	0
8045	0
8046	0
8047	0
8048	0
8049	0
8050	0
8051	0
8052	0
8053	0
8054	0
8055	0
8056	0
8057	0
8058	0
8059	0
8060	0
8061	0
8062	0
8063	0
8064	0
8065	0
8066	0
8067	0
8068	0
8069	0
8070	0
8071	0
8072	0
8073	0
8074	0
8075	0
8076	0
8077	0
8078	0
8079	0
8080	0
8081	0
8082	0
8083	0
8084	0
8085	0
8086	0
8087	0
8088	0
8089	0
8090	0
8091	0
8092	0
8093	0
8094	0
8095	0
8096	0
8097	0
8098	0
8099	0
8100	0
8101	0
8102	0
8103	0
8104	0
8105	0
8106	0
8107	0
8108	0
8109	0
8110	0
8111	0
8112	0
8113	0
8114	0
8115	0
8116	0
8117	0
8118	0
8119	0
8120	0
8121	0
8122	0
8123	0
8124	0
8125	0
8126	0
8127	0
8128	0
8129	0
8130	0
8131	0
8132	0
8133	0
8134	0
8135	0
8136	0
8137	0
8138	0
8139	0
8140	0
8141	0
8142	0
8143	0
8144	0
8145	0
8146	0
8147	0
8148	0
8149	0
8150	0
8151	0
8152	0
8153	0
8154	0
8155	0
8156	0
8157	0
8158	0
8159	0
8160	0
8161	0
8162	0
8163	0
8164	0
8165	0
8166	0
8167	0
8168	0
8169	0
8170	0
8171	0
8172	0
8173	0
8174	0
8175	0
8176	0
8177	0
8178	0
8179	0
8180	0
8181	0
8182	0
8183	0
8184	0
8185	0
8186	0
8187	0
8188	0
8189	0
8190	0
8191	0
