0	108
1	0
2	1
3	1
4	0
5	1
6	1
7	0
8	1
9	1
10	3
11	2
12	0
13	2
14	0
15	1
16	3
17	0
18	2
19	2
20	0
21	0
22	3
23	2
24	1
25	0
26	0
27	1
28	1
29	0
30	1
31	0
32	1
33	1
34	1
35	0
36	2
37	1
38	1
39	1
40	1
41	1
42	1
43	0
44	0
45	2
46	2
47	1
48	0
49	0
50	4
51	2
52	2
53	1
54	1
55	2
56	2
57	1
58	1
59	0
60	0
61	1
62	3
63	0
64	1
65	1
66	2
67	1
68	1
69	0
70	2
71	1
72	1
73	2
74	0
75	3
76	2
77	0
78	2
79	2
80	0
81	1
82	1
83	0
84	1
85	1
86	3
87	1
88	2
89	2
90	0
91	1
92	1
93	2
94	4
95	2
96	1
97	1
98	1
99	2
100	1
101	4
102	0
103	1
104	3
105	2
106	0
107	4
108	3
109	0
110	0
111	0
112	0
113	2
114	0
115	1
116	4
117	0
118	1
119	0
120	3
121	0
122	1
123	1
124	1
125	1
126	3
127	2
128	1
129	3
130	1
131	1
132	1
133	2
134	1
135	2
136	3
137	1
138	0
139	1
140	2
141	4
142	4
143	4
144	2
145	1
146	7
147	4
148	4
149	3
150	7
151	10
152	8
153	16
154	25
155	28
156	40
157	59
158	62
159	103
160	104
161	139
162	154
163	175
164	178
165	178
166	214
167	210
168	221
169	239
170	239
171	232
172	269
173	260
174	228
175	276
176	276
177	290
178	269
179	287
180	286
181	317
182	325
183	359
184	339
185	366
186	372
187	340
188	383
189	372
190	439
191	395
192	448
193	437
194	444
195	485
196	511
197	461
198	496
199	554
200	522
201	562
202	609
203	626
204	626
205	672
206	659
207	751
208	686
209	735
210	727
211	763
212	790
213	794
214	792
215	829
216	802
217	875
218	851
219	876
220	913
221	887
222	939
223	889
224	914
225	879
226	924
227	933
228	879
229	914
230	939
231	884
232	971
233	903
234	940
235	867
236	922
237	841
238	864
239	814
240	782
241	824
242	802
243	822
244	802
245	746
246	771
247	772
248	706
249	752
250	740
251	698
252	702
253	711
254	698
255	623
256	639
257	568
258	612
259	631
260	579
261	528
262	586
263	533
264	536
265	524
266	518
267	490
268	492
269	499
270	442
271	505
272	437
273	419
274	416
275	429
276	380
277	392
278	368
279	374
280	387
281	391
282	356
283	356
284	325
285	337
286	357
287	362
288	348
289	362
290	358
291	275
292	354
293	299
294	333
295	303
296	325
297	277
298	302
299	344
300	286
301	310
302	306
303	267
304	287
305	284
306	281
307	279
308	292
309	244
310	234
311	299
312	280
313	257
314	278
315	261
316	274
317	290
318	260
319	279
320	261
321	288
322	260
323	233
324	272
325	292
326	262
327	277
328	259
329	251
330	291
331	281
332	271
333	257
334	280
335	280
336	254
337	272
338	254
339	278
340	280
341	258
342	271
343	274
344	274
345	254
346	262
347	260
348	287
349	279
350	289
351	280
352	296
353	309
354	321
355	263
356	304
357	301
358	284
359	302
360	265
361	295
362	255
363	304
364	306
365	300
366	317
367	271
368	279
369	315
370	292
371	289
372	321
373	290
374	303
375	304
376	319
377	275
378	311
379	289
380	305
381	304
382	303
383	284
384	299
385	315
386	309
387	295
388	313
389	284
390	352
391	332
392	297
393	314
394	307
395	312
396	318
397	341
398	300
399	360
400	309
401	313
402	361
403	339
404	320
405	355
406	312
407	295
408	357
409	350
410	349
411	312
412	361
413	351
414	346
415	303
416	348
417	322
418	333
419	387
420	353
421	333
422	350
423	376
424	334
425	344
426	366
427	368
428	365
429	357
430	342
431	328
432	360
433	358
434	390
435	364
436	402
437	345
438	353
439	364
440	375
441	392
442	367
443	381
444	400
445	384
446	361
447	367
448	371
449	357
450	374
451	426
452	380
453	375
454	441
455	426
456	370
457	362
458	400
459	390
460	429
461	382
462	405
463	423
464	375
465	395
466	425
467	390
468	386
469	410
470	422
471	381
472	411
473	394
474	449
475	387
476	452
477	405
478	433
479	403
480	411
481	424
482	413
483	425
484	428
485	416
486	433
487	427
488	424
489	424
490	410
491	425
492	469
493	445
494	476
495	444
496	413
497	445
498	455
499	434
500	377
501	446
502	461
503	454
504	462
505	480
506	475
507	478
508	466
509	441
510	429
511	436
512	487
513	476
514	470
515	458
516	430
517	531
518	468
519	468
520	479
521	504
522	458
523	449
524	514
525	449
526	457
527	457
528	478
529	504
530	490
531	454
532	487
533	501
534	502
535	486
536	484
537	469
538	511
539	503
540	525
541	464
542	490
543	524
544	473
545	475
546	512
547	496
548	478
549	520
550	530
551	517
552	536
553	484
554	453
555	512
556	535
557	528
558	493
559	512
560	468
561	511
562	534
563	488
564	549
565	496
566	511
567	506
568	527
569	513
570	501
571	487
572	468
573	541
574	533
575	557
576	529
577	542
578	464
579	510
580	567
581	525
582	569
583	543
584	515
585	487
586	504
587	550
588	516
589	544
590	546
591	489
592	556
593	513
594	547
595	493
596	550
597	552
598	510
599	529
600	503
601	543
602	528
603	549
604	484
605	529
606	536
607	560
608	542
609	558
610	531
611	529
612	523
613	559
614	532
615	506
616	545
617	534
618	539
619	563
620	522
621	518
622	514
623	508
624	564
625	524
626	533
627	547
628	544
629	515
630	577
631	536
632	548
633	553
634	535
635	567
636	564
637	520
638	500
639	560
640	548
641	501
642	559
643	538
644	513
645	570
646	560
647	517
648	537
649	516
650	554
651	609
652	550
653	600
654	534
655	534
656	514
657	537
658	576
659	562
660	557
661	607
662	519
663	578
664	520
665	553
666	543
667	557
668	539
669	522
670	556
671	597
672	570
673	522
674	570
675	566
676	573
677	586
678	549
679	587
680	550
681	548
682	562
683	576
684	617
685	539
686	553
687	528
688	547
689	569
690	542
691	540
692	546
693	582
694	568
695	582
696	570
697	571
698	527
699	548
700	516
701	567
702	604
703	550
704	577
705	578
706	567
707	601
708	577
709	612
710	572
711	546
712	583
713	576
714	550
715	603
716	581
717	563
718	574
719	581
720	554
721	559
722	554
723	566
724	573
725	598
726	552
727	586
728	577
729	567
730	555
731	567
732	545
733	605
734	556
735	544
736	585
737	560
738	617
739	526
740	620
741	570
742	569
743	562
744	538
745	584
746	562
747	586
748	579
749	538
750	595
751	522
752	555
753	573
754	600
755	580
756	580
757	571
758	561
759	551
760	569
761	609
762	525
763	578
764	577
765	578
766	562
767	589
768	594
769	624
770	592
771	612
772	586
773	610
774	579
775	600
776	573
777	614
778	585
779	597
780	597
781	563
782	576
783	584
784	546
785	562
786	586
787	556
788	600
789	590
790	605
791	624
792	609
793	567
794	583
795	592
796	592
797	624
798	589
799	597
800	578
801	587
802	550
803	589
804	603
805	614
806	592
807	593
808	585
809	612
810	607
811	555
812	584
813	584
814	611
815	606
816	583
817	624
818	570
819	620
820	587
821	603
822	630
823	577
824	597
825	569
826	588
827	587
828	567
829	565
830	615
831	626
832	630
833	583
834	598
835	636
836	557
837	608
838	613
839	622
840	585
841	631
842	542
843	576
844	615
845	568
846	566
847	606
848	558
849	599
850	549
851	600
852	555
853	607
854	583
855	640
856	621
857	587
858	637
859	594
860	591
861	600
862	553
863	585
864	604
865	638
866	593
867	601
868	588
869	607
870	579
871	598
872	563
873	618
874	601
875	628
876	599
877	571
878	535
879	530
880	612
881	556
882	580
883	574
884	573
885	584
886	570
887	597
888	604
889	593
890	583
891	596
892	577
893	557
894	576
895	587
896	578
897	590
898	589
899	578
900	585
901	555
902	578
903	603
904	598
905	606
906	587
907	625
908	597
909	537
910	585
911	594
912	562
913	592
914	560
915	604
916	546
917	575
918	616
919	564
920	547
921	580
922	530
923	584
924	584
925	588
926	620
927	643
928	600
929	608
930	567
931	574
932	529
933	606
934	572
935	579
936	525
937	579
938	599
939	574
940	612
941	577
942	533
943	571
944	546
945	568
946	537
947	556
948	548
949	619
950	597
951	582
952	527
953	592
954	565
955	505
956	584
957	554
958	588
959	596
960	597
961	543
962	543
963	535
964	591
965	592
966	581
967	585
968	550
969	530
970	562
971	569
972	566
973	570
974	553
975	546
976	556
977	527
978	541
979	580
980	613
981	537
982	591
983	585
984	532
985	559
986	540
987	597
988	555
989	598
990	614
991	551
992	582
993	586
994	567
995	591
996	568
997	573
998	565
999	525
1000	588
1001	573
1002	554
1003	541
1004	530
1005	570
1006	582
1007	527
1008	556
1009	570
1010	569
1011	560
1012	537
1013	542
1014	553
1015	522
1016	524
1017	561
1018	577
1019	573
1020	532
1021	565
1022	571
1023	541
1024	520
1025	545
1026	534
1027	572
1028	528
1029	577
1030	576
1031	571
1032	564
1033	521
1034	524
1035	555
1036	587
1037	513
1038	561
1039	506
1040	565
1041	560
1042	502
1043	560
1044	545
1045	536
1046	510
1047	542
1048	552
1049	575
1050	570
1051	551
1052	568
1053	553
1054	581
1055	567
1056	562
1057	521
1058	546
1059	526
1060	577
1061	579
1062	558
1063	522
1064	607
1065	555
1066	554
1067	557
1068	528
1069	542
1070	522
1071	549
1072	553
1073	573
1074	597
1075	544
1076	549
1077	536
1078	518
1079	563
1080	603
1081	567
1082	548
1083	606
1084	572
1085	528
1086	581
1087	557
1088	573
1089	518
1090	495
1091	557
1092	555
1093	534
1094	505
1095	556
1096	592
1097	544
1098	557
1099	549
1100	562
1101	577
1102	572
1103	527
1104	542
1105	579
1106	522
1107	582
1108	559
1109	573
1110	548
1111	540
1112	583
1113	566
1114	622
1115	541
1116	543
1117	571
1118	552
1119	538
1120	534
1121	576
1122	540
1123	607
1124	579
1125	588
1126	585
1127	568
1128	540
1129	531
1130	540
1131	530
1132	567
1133	554
1134	594
1135	562
1136	566
1137	574
1138	569
1139	531
1140	555
1141	602
1142	542
1143	549
1144	583
1145	554
1146	556
1147	526
1148	565
1149	576
1150	575
1151	596
1152	614
1153	591
1154	561
1155	557
1156	563
1157	571
1158	564
1159	612
1160	544
1161	563
1162	607
1163	588
1164	536
1165	544
1166	542
1167	574
1168	554
1169	600
1170	578
1171	606
1172	576
1173	607
1174	589
1175	591
1176	636
1177	586
1178	579
1179	596
1180	623
1181	606
1182	609
1183	566
1184	646
1185	623
1186	626
1187	648
1188	699
1189	593
1190	593
1191	614
1192	588
1193	636
1194	628
1195	580
1196	645
1197	612
1198	638
1199	622
1200	595
1201	628
1202	610
1203	574
1204	625
1205	633
1206	607
1207	634
1208	576
1209	630
1210	653
1211	631
1212	628
1213	656
1214	657
1215	602
1216	566
1217	645
1218	637
1219	575
1220	667
1221	654
1222	608
1223	655
1224	645
1225	638
1226	618
1227	660
1228	660
1229	625
1230	699
1231	624
1232	646
1233	656
1234	617
1235	637
1236	662
1237	626
1238	677
1239	642
1240	644
1241	654
1242	697
1243	652
1244	617
1245	655
1246	658
1247	690
1248	707
1249	714
1250	680
1251	647
1252	678
1253	695
1254	692
1255	659
1256	671
1257	676
1258	667
1259	711
1260	686
1261	682
1262	703
1263	679
1264	712
1265	665
1266	693
1267	636
1268	670
1269	702
1270	689
1271	684
1272	685
1273	682
1274	746
1275	714
1276	684
1277	713
1278	755
1279	691
1280	700
1281	702
1282	742
1283	766
1284	695
1285	723
1286	701
1287	696
1288	685
1289	749
1290	687
1291	680
1292	737
1293	712
1294	689
1295	725
1296	692
1297	713
1298	679
1299	740
1300	737
1301	709
1302	676
1303	702
1304	701
1305	732
1306	701
1307	683
1308	678
1309	702
1310	741
1311	692
1312	693
1313	653
1314	712
1315	700
1316	671
1317	724
1318	704
1319	681
1320	695
1321	691
1322	676
1323	662
1324	711
1325	680
1326	701
1327	714
1328	679
1329	691
1330	692
1331	735
1332	666
1333	696
1334	696
1335	724
1336	621
1337	685
1338	679
1339	647
1340	680
1341	683
1342	693
1343	717
1344	661
1345	676
1346	682
1347	654
1348	728
1349	682
1350	645
1351	682
1352	643
1353	724
1354	677
1355	617
1356	677
1357	638
1358	606
1359	696
1360	655
1361	695
1362	642
1363	630
1364	645
1365	616
1366	645
1367	649
1368	686
1369	694
1370	635
1371	645
1372	654
1373	645
1374	616
1375	666
1376	588
1377	633
1378	616
1379	583
1380	641
1381	591
1382	599
1383	608
1384	627
1385	623
1386	619
1387	620
1388	599
1389	602
1390	665
1391	637
1392	581
1393	616
1394	606
1395	571
1396	627
1397	564
1398	624
1399	595
1400	603
1401	612
1402	582
1403	581
1404	633
1405	648
1406	586
1407	551
1408	637
1409	546
1410	602
1411	580
1412	624
1413	608
1414	551
1415	599
1416	580
1417	580
1418	567
1419	570
1420	550
1421	570
1422	558
1423	556
1424	579
1425	523
1426	556
1427	585
1428	545
1429	543
1430	549
1431	588
1432	497
1433	550
1434	560
1435	543
1436	528
1437	528
1438	538
1439	531
1440	565
1441	526
1442	510
1443	518
1444	531
1445	550
1446	521
1447	547
1448	494
1449	513
1450	510
1451	507
1452	502
1453	530
1454	523
1455	504
1456	577
1457	512
1458	506
1459	515
1460	446
1461	483
1462	516
1463	537
1464	485
1465	482
1466	510
1467	474
1468	506
1469	489
1470	480
1471	517
1472	493
1473	484
1474	464
1475	493
1476	488
1477	527
1478	487
1479	488
1480	469
1481	490
1482	496
1483	451
1484	454
1485	483
1486	506
1487	498
1488	495
1489	461
1490	499
1491	486
1492	517
1493	497
1494	517
1495	486
1496	483
1497	468
1498	466
1499	474
1500	494
1501	489
1502	458
1503	476
1504	455
1505	459
1506	470
1507	494
1508	471
1509	464
1510	448
1511	493
1512	446
1513	458
1514	478
1515	485
1516	462
1517	482
1518	451
1519	452
1520	475
1521	477
1522	448
1523	460
1524	427
1525	449
1526	396
1527	499
1528	439
1529	466
1530	420
1531	483
1532	454
1533	456
1534	432
1535	444
1536	417
1537	474
1538	477
1539	465
1540	437
1541	451
1542	422
1543	466
1544	423
1545	445
1546	448
1547	433
1548	399
1549	453
1550	461
1551	458
1552	424
1553	449
1554	430
1555	470
1556	423
1557	438
1558	436
1559	470
1560	431
1561	455
1562	409
1563	435
1564	458
1565	450
1566	408
1567	409
1568	428
1569	442
1570	431
1571	443
1572	471
1573	426
1574	401
1575	422
1576	415
1577	410
1578	414
1579	454
1580	417
1581	381
1582	459
1583	414
1584	443
1585	451
1586	416
1587	394
1588	438
1589	414
1590	419
1591	407
1592	425
1593	415
1594	433
1595	424
1596	376
1597	413
1598	435
1599	423
1600	422
1601	420
1602	405
1603	435
1604	429
1605	411
1606	440
1607	430
1608	418
1609	437
1610	403
1611	423
1612	421
1613	410
1614	420
1615	423
1616	435
1617	379
1618	416
1619	396
1620	436
1621	415
1622	426
1623	436
1624	398
1625	424
1626	406
1627	429
1628	426
1629	440
1630	422
1631	431
1632	401
1633	400
1634	415
1635	398
1636	431
1637	414
1638	440
1639	414
1640	461
1641	436
1642	411
1643	415
1644	420
1645	421
1646	420
1647	449
1648	376
1649	434
1650	360
1651	410
1652	418
1653	371
1654	419
1655	411
1656	374
1657	399
1658	393
1659	388
1660	410
1661	401
1662	430
1663	402
1664	388
1665	424
1666	394
1667	397
1668	404
1669	402
1670	406
1671	384
1672	425
1673	442
1674	397
1675	431
1676	386
1677	377
1678	430
1679	384
1680	362
1681	422
1682	433
1683	379
1684	385
1685	424
1686	381
1687	393
1688	429
1689	393
1690	421
1691	411
1692	429
1693	393
1694	440
1695	409
1696	388
1697	383
1698	361
1699	406
1700	361
1701	403
1702	385
1703	374
1704	412
1705	394
1706	370
1707	422
1708	402
1709	394
1710	400
1711	435
1712	399
1713	375
1714	389
1715	364
1716	403
1717	392
1718	409
1719	395
1720	398
1721	411
1722	375
1723	397
1724	393
1725	386
1726	391
1727	386
1728	396
1729	396
1730	410
1731	381
1732	406
1733	380
1734	357
1735	384
1736	411
1737	353
1738	409
1739	373
1740	378
1741	391
1742	398
1743	387
1744	367
1745	401
1746	406
1747	401
1748	411
1749	409
1750	398
1751	378
1752	396
1753	394
1754	387
1755	405
1756	377
1757	398
1758	377
1759	376
1760	363
1761	391
1762	408
1763	331
1764	359
1765	346
1766	407
1767	385
1768	377
1769	342
1770	392
1771	386
1772	380
1773	401
1774	384
1775	360
1776	339
1777	397
1778	387
1779	385
1780	393
1781	365
1782	387
1783	397
1784	355
1785	343
1786	389
1787	367
1788	364
1789	342
1790	350
1791	378
1792	366
1793	358
1794	380
1795	409
1796	379
1797	371
1798	364
1799	383
1800	378
1801	391
1802	364
1803	384
1804	369
1805	366
1806	372
1807	396
1808	383
1809	371
1810	352
1811	368
1812	386
1813	341
1814	351
1815	346
1816	356
1817	379
1818	387
1819	353
1820	365
1821	400
1822	386
1823	361
1824	368
1825	371
1826	374
1827	365
1828	375
1829	333
1830	388
1831	329
1832	365
1833	357
1834	346
1835	383
1836	338
1837	382
1838	351
1839	366
1840	379
1841	362
1842	366
1843	368
1844	379
1845	355
1846	370
1847	392
1848	342
1849	338
1850	362
1851	352
1852	350
1853	334
1854	356
1855	325
1856	329
1857	362
1858	364
1859	367
1860	343
1861	346
1862	312
1863	361
1864	362
1865	353
1866	357
1867	371
1868	363
1869	381
1870	337
1871	367
1872	356
1873	324
1874	373
1875	342
1876	321
1877	321
1878	343
1879	327
1880	378
1881	333
1882	340
1883	371
1884	363
1885	343
1886	380
1887	336
1888	364
1889	349
1890	344
1891	347
1892	343
1893	337
1894	339
1895	350
1896	336
1897	371
1898	343
1899	341
1900	389
1901	375
1902	360
1903	324
1904	363
1905	329
1906	326
1907	365
1908	358
1909	366
1910	335
1911	363
1912	332
1913	367
1914	339
1915	349
1916	359
1917	360
1918	366
1919	335
1920	371
1921	329
1922	354
1923	367
1924	338
1925	334
1926	341
1927	317
1928	348
1929	361
1930	344
1931	352
1932	365
1933	371
1934	353
1935	351
1936	340
1937	331
1938	365
1939	339
1940	346
1941	339
1942	355
1943	306
1944	333
1945	300
1946	305
1947	332
1948	349
1949	338
1950	360
1951	335
1952	315
1953	330
1954	298
1955	318
1956	322
1957	341
1958	305
1959	344
1960	334
1961	338
1962	349
1963	352
1964	309
1965	347
1966	332
1967	339
1968	330
1969	350
1970	344
1971	334
1972	303
1973	340
1974	334
1975	341
1976	379
1977	304
1978	324
1979	326
1980	302
1981	329
1982	326
1983	331
1984	328
1985	309
1986	328
1987	359
1988	334
1989	350
1990	313
1991	339
1992	296
1993	303
1994	319
1995	308
1996	354
1997	341
1998	351
1999	303
2000	326
2001	317
2002	290
2003	356
2004	315
2005	314
2006	311
2007	297
2008	317
2009	326
2010	325
2011	327
2012	338
2013	315
2014	288
2015	325
2016	347
2017	297
2018	329
2019	306
2020	343
2021	328
2022	356
2023	301
2024	324
2025	307
2026	338
2027	315
2028	316
2029	277
2030	319
2031	332
2032	318
2033	321
2034	345
2035	298
2036	345
2037	317
2038	306
2039	299
2040	307
2041	316
2042	311
2043	329
2044	330
2045	340
2046	299
2047	324
2048	309
2049	317
2050	317
2051	292
2052	312
2053	316
2054	313
2055	334
2056	297
2057	274
2058	318
2059	303
2060	288
2061	330
2062	320
2063	297
2064	347
2065	298
2066	298
2067	321
2068	311
2069	323
2070	313
2071	275
2072	295
2073	313
2074	319
2075	327
2076	300
2077	285
2078	315
2079	301
2080	327
2081	306
2082	308
2083	325
2084	336
2085	277
2086	313
2087	284
2088	304
2089	292
2090	341
2091	291
2092	285
2093	284
2094	289
2095	303
2096	308
2097	318
2098	290
2099	278
2100	300
2101	300
2102	295
2103	312
2104	294
2105	294
2106	310
2107	317
2108	275
2109	325
2110	303
2111	300
2112	274
2113	301
2114	284
2115	302
2116	279
2117	284
2118	298
2119	269
2120	311
2121	297
2122	304
2123	303
2124	279
2125	291
2126	291
2127	318
2128	293
2129	304
2130	289
2131	285
2132	285
2133	255
2134	301
2135	295
2136	314
2137	288
2138	313
2139	261
2140	269
2141	298
2142	275
2143	295
2144	272
2145	285
2146	285
2147	311
2148	286
2149	272
2150	283
2151	298
2152	283
2153	296
2154	321
2155	297
2156	299
2157	266
2158	273
2159	288
2160	290
2161	278
2162	286
2163	281
2164	291
2165	313
2166	278
2167	311
2168	282
2169	311
2170	262
2171	291
2172	286
2173	283
2174	316
2175	289
2176	295
2177	277
2178	245
2179	306
2180	275
2181	266
2182	276
2183	300
2184	292
2185	265
2186	295
2187	270
2188	269
2189	305
2190	285
2191	255
2192	277
2193	257
2194	268
2195	299
2196	275
2197	280
2198	266
2199	291
2200	283
2201	291
2202	263
2203	290
2204	277
2205	289
2206	281
2207	258
2208	317
2209	292
2210	280
2211	308
2212	303
2213	278
2214	265
2215	298
2216	280
2217	305
2218	249
2219	258
2220	262
2221	316
2222	279
2223	282
2224	263
2225	277
2226	268
2227	278
2228	302
2229	265
2230	303
2231	261
2232	284
2233	261
2234	231
2235	259
2236	256
2237	284
2238	263
2239	287
2240	262
2241	258
2242	271
2243	304
2244	295
2245	269
2246	293
2247	237
2248	295
2249	263
2250	289
2251	239
2252	254
2253	269
2254	294
2255	284
2256	278
2257	275
2258	254
2259	272
2260	237
2261	269
2262	268
2263	252
2264	268
2265	266
2266	265
2267	270
2268	275
2269	264
2270	288
2271	273
2272	236
2273	296
2274	250
2275	319
2276	264
2277	260
2278	274
2279	273
2280	288
2281	268
2282	253
2283	281
2284	287
2285	245
2286	270
2287	263
2288	261
2289	253
2290	256
2291	283
2292	274
2293	268
2294	265
2295	251
2296	271
2297	262
2298	233
2299	281
2300	245
2301	298
2302	292
2303	245
2304	293
2305	261
2306	280
2307	259
2308	274
2309	249
2310	274
2311	251
2312	272
2313	271
2314	261
2315	264
2316	285
2317	258
2318	284
2319	292
2320	247
2321	245
2322	254
2323	262
2324	264
2325	262
2326	243
2327	247
2328	258
2329	290
2330	270
2331	242
2332	266
2333	226
2334	251
2335	276
2336	260
2337	284
2338	254
2339	253
2340	255
2341	264
2342	290
2343	240
2344	237
2345	277
2346	278
2347	274
2348	255
2349	245
2350	257
2351	261
2352	272
2353	244
2354	231
2355	268
2356	246
2357	291
2358	279
2359	268
2360	253
2361	254
2362	235
2363	257
2364	285
2365	252
2366	282
2367	250
2368	247
2369	234
2370	302
2371	238
2372	253
2373	266
2374	247
2375	245
2376	249
2377	244
2378	247
2379	272
2380	241
2381	242
2382	255
2383	268
2384	265
2385	250
2386	251
2387	256
2388	281
2389	294
2390	226
2391	261
2392	270
2393	260
2394	256
2395	285
2396	249
2397	243
2398	232
2399	281
2400	304
2401	287
2402	245
2403	266
2404	273
2405	259
2406	254
2407	263
2408	253
2409	259
2410	244
2411	248
2412	267
2413	248
2414	258
2415	257
2416	245
2417	254
2418	239
2419	231
2420	247
2421	253
2422	271
2423	254
2424	227
2425	252
2426	253
2427	275
2428	241
2429	264
2430	268
2431	278
2432	251
2433	235
2434	274
2435	232
2436	244
2437	260
2438	277
2439	235
2440	254
2441	248
2442	265
2443	258
2444	266
2445	261
2446	241
2447	264
2448	248
2449	259
2450	252
2451	252
2452	266
2453	269
2454	262
2455	251
2456	242
2457	268
2458	246
2459	287
2460	247
2461	243
2462	274
2463	279
2464	281
2465	231
2466	233
2467	261
2468	233
2469	246
2470	248
2471	232
2472	282
2473	234
2474	258
2475	254
2476	229
2477	240
2478	259
2479	262
2480	223
2481	245
2482	274
2483	239
2484	244
2485	268
2486	255
2487	268
2488	229
2489	273
2490	243
2491	273
2492	227
2493	268
2494	255
2495	232
2496	263
2497	270
2498	303
2499	256
2500	247
2501	249
2502	266
2503	225
2504	264
2505	260
2506	246
2507	243
2508	241
2509	240
2510	252
2511	269
2512	233
2513	234
2514	243
2515	245
2516	255
2517	256
2518	255
2519	268
2520	261
2521	257
2522	230
2523	262
2524	245
2525	241
2526	243
2527	257
2528	243
2529	266
2530	250
2531	248
2532	241
2533	275
2534	240
2535	245
2536	237
2537	250
2538	262
2539	239
2540	265
2541	251
2542	247
2543	227
2544	265
2545	273
2546	244
2547	276
2548	257
2549	261
2550	237
2551	235
2552	240
2553	245
2554	277
2555	229
2556	232
2557	230
2558	255
2559	232
2560	244
2561	250
2562	248
2563	214
2564	239
2565	211
2566	269
2567	236
2568	233
2569	242
2570	248
2571	248
2572	256
2573	241
2574	226
2575	256
2576	283
2577	258
2578	259
2579	281
2580	260
2581	233
2582	251
2583	221
2584	258
2585	276
2586	259
2587	240
2588	250
2589	274
2590	223
2591	213
2592	262
2593	257
2594	240
2595	246
2596	254
2597	254
2598	246
2599	265
2600	229
2601	267
2602	212
2603	248
2604	243
2605	250
2606	225
2607	253
2608	274
2609	232
2610	237
2611	229
2612	255
2613	254
2614	256
2615	268
2616	245
2617	252
2618	249
2619	227
2620	257
2621	242
2622	235
2623	246
2624	221
2625	222
2626	264
2627	243
2628	269
2629	264
2630	246
2631	242
2632	279
2633	262
2634	249
2635	260
2636	245
2637	237
2638	260
2639	218
2640	259
2641	238
2642	262
2643	258
2644	245
2645	245
2646	273
2647	244
2648	240
2649	231
2650	236
2651	261
2652	247
2653	242
2654	211
2655	269
2656	251
2657	239
2658	250
2659	244
2660	247
2661	263
2662	261
2663	254
2664	263
2665	255
2666	254
2667	265
2668	241
2669	215
2670	258
2671	222
2672	255
2673	240
2674	237
2675	236
2676	245
2677	267
2678	269
2679	254
2680	253
2681	275
2682	228
2683	243
2684	233
2685	261
2686	261
2687	258
2688	281
2689	248
2690	236
2691	248
2692	276
2693	252
2694	257
2695	247
2696	261
2697	250
2698	244
2699	236
2700	235
2701	234
2702	248
2703	254
2704	240
2705	231
2706	257
2707	236
2708	246
2709	246
2710	255
2711	228
2712	245
2713	232
2714	271
2715	232
2716	258
2717	213
2718	232
2719	230
2720	266
2721	267
2722	237
2723	237
2724	262
2725	256
2726	238
2727	235
2728	261
2729	270
2730	246
2731	242
2732	244
2733	217
2734	240
2735	251
2736	222
2737	255
2738	251
2739	235
2740	254
2741	252
2742	247
2743	226
2744	253
2745	243
2746	221
2747	244
2748	228
2749	220
2750	251
2751	263
2752	247
2753	255
2754	239
2755	234
2756	255
2757	234
2758	254
2759	214
2760	217
2761	249
2762	239
2763	224
2764	252
2765	274
2766	246
2767	253
2768	251
2769	246
2770	255
2771	249
2772	263
2773	230
2774	231
2775	271
2776	231
2777	247
2778	238
2779	244
2780	245
2781	243
2782	285
2783	214
2784	227
2785	268
2786	233
2787	225
2788	258
2789	242
2790	235
2791	272
2792	261
2793	239
2794	255
2795	266
2796	262
2797	237
2798	229
2799	247
2800	242
2801	264
2802	243
2803	271
2804	260
2805	246
2806	255
2807	253
2808	242
2809	239
2810	286
2811	239
2812	243
2813	308
2814	244
2815	242
2816	245
2817	255
2818	240
2819	268
2820	239
2821	261
2822	249
2823	229
2824	246
2825	263
2826	231
2827	235
2828	251
2829	255
2830	258
2831	252
2832	230
2833	258
2834	250
2835	276
2836	242
2837	251
2838	252
2839	259
2840	245
2841	247
2842	231
2843	267
2844	263
2845	256
2846	267
2847	252
2848	230
2849	248
2850	256
2851	245
2852	232
2853	253
2854	239
2855	251
2856	243
2857	251
2858	272
2859	229
2860	252
2861	244
2862	245
2863	243
2864	268
2865	267
2866	242
2867	244
2868	256
2869	217
2870	251
2871	265
2872	234
2873	218
2874	260
2875	241
2876	250
2877	205
2878	253
2879	247
2880	244
2881	269
2882	252
2883	226
2884	250
2885	238
2886	256
2887	234
2888	234
2889	219
2890	241
2891	270
2892	251
2893	244
2894	251
2895	213
2896	270
2897	263
2898	246
2899	219
2900	235
2901	258
2902	235
2903	250
2904	226
2905	244
2906	263
2907	224
2908	258
2909	255
2910	236
2911	262
2912	239
2913	238
2914	235
2915	251
2916	263
2917	259
2918	257
2919	235
2920	229
2921	235
2922	255
2923	240
2924	240
2925	241
2926	225
2927	252
2928	256
2929	215
2930	264
2931	222
2932	232
2933	223
2934	238
2935	265
2936	223
2937	230
2938	254
2939	263
2940	247
2941	257
2942	243
2943	252
2944	256
2945	234
2946	259
2947	229
2948	216
2949	231
2950	227
2951	228
2952	240
2953	260
2954	242
2955	247
2956	249
2957	236
2958	227
2959	231
2960	211
2961	225
2962	236
2963	241
2964	222
2965	224
2966	241
2967	215
2968	202
2969	253
2970	211
2971	248
2972	218
2973	223
2974	219
2975	212
2976	230
2977	244
2978	268
2979	256
2980	213
2981	249
2982	215
2983	215
2984	240
2985	252
2986	207
2987	196
2988	230
2989	211
2990	229
2991	227
2992	229
2993	226
2994	252
2995	222
2996	228
2997	209
2998	221
2999	227
3000	246
3001	206
3002	238
3003	220
3004	226
3005	226
3006	224
3007	206
3008	214
3009	230
3010	240
3011	202
3012	217
3013	222
3014	215
3015	247
3016	251
3017	259
3018	228
3019	200
3020	215
3021	220
3022	203
3023	218
3024	204
3025	219
3026	194
3027	242
3028	232
3029	196
3030	197
3031	224
3032	193
3033	200
3034	207
3035	196
3036	200
3037	210
3038	175
3039	209
3040	196
3041	221
3042	212
3043	232
3044	207
3045	199
3046	184
3047	196
3048	218
3049	191
3050	225
3051	194
3052	197
3053	206
3054	222
3055	236
3056	191
3057	188
3058	198
3059	188
3060	217
3061	205
3062	215
3063	193
3064	188
3065	197
3066	225
3067	205
3068	197
3069	192
3070	186
3071	195
3072	198
3073	219
3074	203
3075	180
3076	185
3077	190
3078	189
3079	195
3080	178
3081	211
3082	214
3083	193
3084	201
3085	187
3086	174
3087	205
3088	208
3089	197
3090	166
3091	199
3092	204
3093	197
3094	191
3095	186
3096	185
3097	189
3098	171
3099	184
3100	191
3101	183
3102	182
3103	187
3104	193
3105	168
3106	157
3107	175
3108	197
3109	167
3110	177
3111	164
3112	197
3113	157
3114	168
3115	150
3116	197
3117	200
3118	181
3119	195
3120	167
3121	183
3122	154
3123	162
3124	173
3125	172
3126	162
3127	155
3128	184
3129	178
3130	182
3131	166
3132	161
3133	150
3134	188
3135	179
3136	168
3137	174
3138	147
3139	160
3140	157
3141	152
3142	154
3143	170
3144	154
3145	184
3146	184
3147	177
3148	168
3149	143
3150	153
3151	157
3152	162
3153	133
3154	126
3155	158
3156	161
3157	151
3158	159
3159	150
3160	142
3161	144
3162	130
3163	171
3164	137
3165	160
3166	145
3167	157
3168	185
3169	138
3170	158
3171	138
3172	155
3173	141
3174	165
3175	158
3176	162
3177	171
3178	135
3179	134
3180	158
3181	142
3182	149
3183	123
3184	143
3185	158
3186	157
3187	135
3188	139
3189	129
3190	140
3191	126
3192	140
3193	141
3194	132
3195	124
3196	124
3197	126
3198	127
3199	131
3200	126
3201	138
3202	149
3203	133
3204	135
3205	120
3206	125
3207	131
3208	139
3209	138
3210	115
3211	125
3212	122
3213	121
3214	142
3215	135
3216	113
3217	144
3218	149
3219	106
3220	131
3221	128
3222	131
3223	130
3224	126
3225	127
3226	127
3227	123
3228	120
3229	134
3230	124
3231	108
3232	131
3233	137
3234	131
3235	122
3236	121
3237	97
3238	122
3239	109
3240	118
3241	129
3242	111
3243	121
3244	134
3245	113
3246	128
3247	111
3248	117
3249	117
3250	96
3251	95
3252	108
3253	118
3254	120
3255	111
3256	110
3257	114
3258	122
3259	111
3260	115
3261	110
3262	120
3263	123
3264	128
3265	112
3266	111
3267	106
3268	108
3269	117
3270	106
3271	93
3272	123
3273	115
3274	102
3275	139
3276	109
3277	130
3278	115
3279	103
3280	114
3281	115
3282	103
3283	97
3284	86
3285	102
3286	105
3287	93
3288	107
3289	95
3290	106
3291	101
3292	100
3293	123
3294	108
3295	107
3296	106
3297	96
3298	102
3299	125
3300	100
3301	95
3302	98
3303	107
3304	89
3305	101
3306	97
3307	100
3308	103
3309	96
3310	114
3311	79
3312	79
3313	100
3314	104
3315	120
3316	103
3317	105
3318	100
3319	107
3320	105
3321	101
3322	105
3323	94
3324	116
3325	101
3326	68
3327	112
3328	96
3329	80
3330	102
3331	103
3332	87
3333	87
3334	87
3335	104
3336	87
3337	89
3338	110
3339	97
3340	105
3341	89
3342	81
3343	91
3344	89
3345	102
3346	92
3347	101
3348	93
3349	92
3350	97
3351	74
3352	88
3353	84
3354	88
3355	106
3356	86
3357	92
3358	92
3359	103
3360	95
3361	91
3362	88
3363	83
3364	93
3365	72
3366	89
3367	85
3368	108
3369	84
3370	75
3371	77
3372	91
3373	81
3374	81
3375	75
3376	91
3377	73
3378	83
3379	85
3380	85
3381	83
3382	86
3383	87
3384	77
3385	99
3386	90
3387	66
3388	81
3389	92
3390	99
3391	87
3392	83
3393	86
3394	83
3395	73
3396	77
3397	78
3398	73
3399	79
3400	80
3401	90
3402	71
3403	74
3404	79
3405	83
3406	74
3407	77
3408	79
3409	80
3410	73
3411	85
3412	83
3413	55
3414	88
3415	82
3416	97
3417	82
3418	82
3419	75
3420	102
3421	75
3422	72
3423	79
3424	58
3425	89
3426	81
3427	76
3428	85
3429	88
3430	68
3431	77
3432	89
3433	81
3434	96
3435	67
3436	94
3437	69
3438	83
3439	73
3440	66
3441	82
3442	70
3443	74
3444	72
3445	71
3446	70
3447	57
3448	69
3449	72
3450	72
3451	69
3452	61
3453	78
3454	87
3455	75
3456	65
3457	90
3458	73
3459	75
3460	76
3461	75
3462	60
3463	82
3464	75
3465	78
3466	82
3467	88
3468	67
3469	66
3470	63
3471	83
3472	72
3473	75
3474	71
3475	82
3476	66
3477	74
3478	69
3479	75
3480	55
3481	75
3482	68
3483	63
3484	74
3485	57
3486	72
3487	64
3488	60
3489	69
3490	65
3491	76
3492	81
3493	67
3494	79
3495	72
3496	71
3497	70
3498	69
3499	60
3500	66
3501	64
3502	55
3503	76
3504	72
3505	60
3506	65
3507	64
3508	72
3509	62
3510	67
3511	64
3512	65
3513	56
3514	55
3515	64
3516	70
3517	55
3518	71
3519	78
3520	63
3521	77
3522	64
3523	69
3524	84
3525	48
3526	72
3527	78
3528	59
3529	57
3530	71
3531	59
3532	58
3533	74
3534	63
3535	65
3536	44
3537	75
3538	43
3539	72
3540	61
3541	63
3542	64
3543	66
3544	63
3545	73
3546	63
3547	75
3548	51
3549	56
3550	69
3551	60
3552	71
3553	54
3554	67
3555	61
3556	51
3557	56
3558	63
3559	56
3560	56
3561	59
3562	67
3563	57
3564	56
3565	65
3566	60
3567	83
3568	79
3569	60
3570	68
3571	65
3572	70
3573	52
3574	73
3575	71
3576	70
3577	52
3578	54
3579	76
3580	58
3581	58
3582	58
3583	58
3584	63
3585	57
3586	44
3587	61
3588	69
3589	61
3590	59
3591	71
3592	66
3593	54
3594	64
3595	75
3596	60
3597	54
3598	41
3599	80
3600	57
3601	66
3602	60
3603	57
3604	56
3605	38
3606	70
3607	46
3608	65
3609	57
3610	54
3611	56
3612	56
3613	50
3614	55
3615	70
3616	57
3617	52
3618	59
3619	47
3620	58
3621	45
3622	64
3623	62
3624	57
3625	43
3626	62
3627	56
3628	51
3629	51
3630	55
3631	62
3632	59
3633	49
3634	59
3635	69
3636	71
3637	56
3638	55
3639	44
3640	42
3641	58
3642	62
3643	65
3644	45
3645	62
3646	48
3647	58
3648	66
3649	47
3650	57
3651	50
3652	49
3653	58
3654	51
3655	52
3656	52
3657	61
3658	54
3659	50
3660	54
3661	59
3662	50
3663	51
3664	47
3665	40
3666	63
3667	51
3668	56
3669	50
3670	49
3671	49
3672	61
3673	50
3674	58
3675	55
3676	56
3677	41
3678	41
3679	52
3680	53
3681	50
3682	65
3683	58
3684	56
3685	62
3686	62
3687	62
3688	46
3689	55
3690	50
3691	59
3692	53
3693	74
3694	55
3695	42
3696	48
3697	49
3698	52
3699	58
3700	32
3701	53
3702	52
3703	50
3704	71
3705	52
3706	53
3707	56
3708	53
3709	50
3710	56
3711	53
3712	51
3713	56
3714	64
3715	64
3716	48
3717	52
3718	40
3719	51
3720	62
3721	48
3722	55
3723	51
3724	41
3725	58
3726	58
3727	58
3728	70
3729	64
3730	50
3731	60
3732	65
3733	56
3734	47
3735	55
3736	40
3737	54
3738	54
3739	45
3740	52
3741	50
3742	41
3743	36
3744	59
3745	42
3746	55
3747	51
3748	67
3749	56
3750	47
3751	62
3752	59
3753	56
3754	60
3755	56
3756	52
3757	51
3758	52
3759	55
3760	54
3761	51
3762	41
3763	53
3764	49
3765	49
3766	58
3767	37
3768	66
3769	58
3770	56
3771	57
3772	66
3773	58
3774	44
3775	44
3776	48
3777	60
3778	51
3779	59
3780	55
3781	57
3782	51
3783	64
3784	67
3785	58
3786	53
3787	52
3788	66
3789	48
3790	55
3791	61
3792	49
3793	53
3794	54
3795	60
3796	44
3797	52
3798	56
3799	48
3800	37
3801	73
3802	51
3803	61
3804	48
3805	52
3806	62
3807	66
3808	43
3809	46
3810	79
3811	48
3812	54
3813	51
3814	55
3815	46
3816	60
3817	45
3818	47
3819	48
3820	48
3821	48
3822	49
3823	53
3824	47
3825	56
3826	55
3827	44
3828	61
3829	53
3830	63
3831	59
3832	53
3833	56
3834	53
3835	59
3836	46
3837	59
3838	54
3839	60
3840	53
3841	52
3842	50
3843	46
3844	51
3845	48
3846	62
3847	60
3848	61
3849	49
3850	57
3851	44
3852	63
3853	50
3854	50
3855	60
3856	53
3857	62
3858	48
3859	40
3860	58
3861	46
3862	42
3863	75
3864	57
3865	55
3866	55
3867	57
3868	49
3869	51
3870	57
3871	58
3872	54
3873	59
3874	58
3875	49
3876	72
3877	60
3878	61
3879	60
3880	62
3881	63
3882	56
3883	69
3884	70
3885	57
3886	67
3887	72
3888	46
3889	80
3890	64
3891	54
3892	70
3893	70
3894	59
3895	59
3896	67
3897	62
3898	65
3899	55
3900	66
3901	63
3902	79
3903	75
3904	92
3905	65
3906	68
3907	69
3908	50
3909	86
3910	69
3911	70
3912	58
3913	75
3914	72
3915	63
3916	80
3917	82
3918	76
3919	76
3920	64
3921	76
3922	72
3923	82
3924	78
3925	80
3926	75
3927	78
3928	77
3929	74
3930	70
3931	79
3932	68
3933	61
3934	79
3935	87
3936	76
3937	84
3938	85
3939	75
3940	76
3941	67
3942	88
3943	85
3944	89
3945	107
3946	89
3947	105
3948	100
3949	83
3950	106
3951	66
3952	89
3953	90
3954	98
3955	83
3956	95
3957	104
3958	95
3959	104
3960	100
3961	103
3962	114
3963	108
3964	98
3965	113
3966	112
3967	109
3968	102
3969	125
3970	116
3971	119
3972	113
3973	110
3974	113
3975	121
3976	120
3977	114
3978	115
3979	111
3980	143
3981	125
3982	131
3983	115
3984	162
3985	102
3986	121
3987	117
3988	139
3989	120
3990	136
3991	132
3992	140
3993	125
3994	143
3995	146
3996	138
3997	154
3998	124
3999	142
4000	171
4001	156
4002	180
4003	152
4004	168
4005	145
4006	199
4007	173
4008	185
4009	178
4010	169
4011	184
4012	161
4013	155
4014	166
4015	182
4016	188
4017	179
4018	181
4019	182
4020	176
4021	170
4022	203
4023	198
4024	224
4025	180
4026	185
4027	198
4028	215
4029	218
4030	203
4031	222
4032	261
4033	238
4034	236
4035	219
4036	246
4037	223
4038	217
4039	248
4040	245
4041	245
4042	254
4043	267
4044	238
4045	273
4046	298
4047	246
4048	257
4049	285
4050	280
4051	257
4052	287
4053	297
4054	278
4055	265
4056	299
4057	276
4058	286
4059	316
4060	313
4061	326
4062	352
4063	293
4064	323
4065	322
4066	314
4067	338
4068	329
4069	350
4070	377
4071	337
4072	369
4073	375
4074	363
4075	365
4076	348
4077	399
4078	376
4079	360
4080	395
4081	412
4082	348
4083	408
4084	393
4085	399
4086	410
4087	449
4088	425
4089	439
4090	449
4091	437
4092	457
4093	434
4094	433
4095	470
4096	438
4097	476
4098	492
4099	444
4100	494
4101	460
4102	497
4103	448
4104	507
4105	563
4106	503
4107	515
4108	554
4109	501
4110	495
4111	512
4112	530
4113	560
4114	578
4115	559
4116	560
4117	573
4118	551
4119	563
4120	615
4121	579
4122	593
4123	612
4124	588
4125	603
4126	639
4127	641
4128	633
4129	610
4130	617
4131	693
4132	710
4133	674
4134	631
4135	679
4136	688
4137	779
4138	736
4139	716
4140	732
4141	715
4142	720
4143	771
4144	717
4145	777
4146	778
4147	708
4148	776
4149	788
4150	764
4151	806
4152	839
4153	797
4154	776
4155	787
4156	848
4157	848
4158	845
4159	834
4160	873
4161	809
4162	819
4163	855
4164	897
4165	868
4166	854
4167	896
4168	882
4169	883
4170	849
4171	903
4172	920
4173	939
4174	933
4175	946
4176	965
4177	969
4178	950
4179	934
4180	995
4181	987
4182	983
4183	956
4184	985
4185	1031
4186	1046
4187	1009
4188	994
4189	1069
4190	1002
4191	1040
4192	1096
4193	1008
4194	1084
4195	1130
4196	1006
4197	1069
4198	1135
4199	1102
4200	1075
4201	1148
4202	1145
4203	1148
4204	1145
4205	1157
4206	1151
4207	1161
4208	1216
4209	1175
4210	1221
4211	1173
4212	1157
4213	1194
4214	1195
4215	1206
4216	1226
4217	1214
4218	1186
4219	1168
4220	1185
4221	1231
4222	1195
4223	1232
4224	1245
4225	1285
4226	1266
4227	1207
4228	1236
4229	1328
4230	1299
4231	1341
4232	1286
4233	1276
4234	1274
4235	1269
4236	1279
4237	1352
4238	1328
4239	1363
4240	1372
4241	1310
4242	1352
4243	1383
4244	1356
4245	1382
4246	1346
4247	1349
4248	1380
4249	1376
4250	1425
4251	1400
4252	1340
4253	1449
4254	1353
4255	1322
4256	1420
4257	1498
4258	1398
4259	1439
4260	1426
4261	1485
4262	1429
4263	1499
4264	1441
4265	1484
4266	1480
4267	1489
4268	1481
4269	1474
4270	1430
4271	1479
4272	1470
4273	1470
4274	1489
4275	1469
4276	1493
4277	1518
4278	1535
4279	1507
4280	1484
4281	1504
4282	1502
4283	1453
4284	1467
4285	1473
4286	1537
4287	1485
4288	1460
4289	1528
4290	1554
4291	1525
4292	1526
4293	1487
4294	1506
4295	1485
4296	1523
4297	1494
4298	1586
4299	1544
4300	1463
4301	1485
4302	1471
4303	1503
4304	1506
4305	1661
4306	1532
4307	1569
4308	1514
4309	1457
4310	1510
4311	1542
4312	1563
4313	1543
4314	1526
4315	1538
4316	1540
4317	1499
4318	1538
4319	1476
4320	1605
4321	1452
4322	1460
4323	1496
4324	1586
4325	1470
4326	1447
4327	1519
4328	1503
4329	1525
4330	1495
4331	1499
4332	1517
4333	1554
4334	1534
4335	1515
4336	1487
4337	1595
4338	1496
4339	1525
4340	1481
4341	1502
4342	1528
4343	1460
4344	1441
4345	1488
4346	1401
4347	1446
4348	1547
4349	1408
4350	1483
4351	1439
4352	1481
4353	1432
4354	1453
4355	1380
4356	1471
4357	1448
4358	1529
4359	1464
4360	1468
4361	1378
4362	1429
4363	1415
4364	1400
4365	1471
4366	1397
4367	1417
4368	1441
4369	1426
4370	1383
4371	1324
4372	1439
4373	1375
4374	1375
4375	1351
4376	1365
4377	1307
4378	1271
4379	1342
4380	1330
4381	1307
4382	1329
4383	1338
4384	1369
4385	1262
4386	1330
4387	1300
4388	1318
4389	1307
4390	1208
4391	1302
4392	1209
4393	1264
4394	1224
4395	1292
4396	1236
4397	1259
4398	1256
4399	1188
4400	1230
4401	1164
4402	1181
4403	1211
4404	1267
4405	1240
4406	1166
4407	1186
4408	1156
4409	1185
4410	1142
4411	1144
4412	1184
4413	1154
4414	1200
4415	1085
4416	1106
4417	1103
4418	1103
4419	1133
4420	1022
4421	1064
4422	1101
4423	1018
4424	1036
4425	1012
4426	1094
4427	1035
4428	1051
4429	1029
4430	963
4431	1070
4432	1002
4433	977
4434	966
4435	969
4436	976
4437	951
4438	910
4439	1017
4440	953
4441	931
4442	923
4443	963
4444	924
4445	915
4446	917
4447	942
4448	890
4449	915
4450	882
4451	865
4452	876
4453	922
4454	864
4455	857
4456	848
4457	807
4458	799
4459	813
4460	779
4461	832
4462	831
4463	790
4464	772
4465	767
4466	823
4467	736
4468	748
4469	750
4470	707
4471	779
4472	783
4473	715
4474	700
4475	701
4476	700
4477	710
4478	738
4479	720
4480	708
4481	658
4482	656
4483	671
4484	656
4485	671
4486	627
4487	635
4488	619
4489	656
4490	615
4491	543
4492	643
4493	580
4494	599
4495	560
4496	595
4497	611
4498	540
4499	577
4500	582
4501	495
4502	512
4503	563
4504	545
4505	515
4506	526
4507	542
4508	490
4509	470
4510	492
4511	475
4512	488
4513	498
4514	502
4515	445
4516	488
4517	415
4518	460
4519	458
4520	400
4521	421
4522	438
4523	424
4524	436
4525	430
4526	433
4527	411
4528	401
4529	409
4530	338
4531	395
4532	381
4533	387
4534	366
4535	416
4536	359
4537	362
4538	371
4539	380
4540	353
4541	322
4542	360
4543	342
4544	333
4545	305
4546	307
4547	347
4548	317
4549	293
4550	291
4551	319
4552	264
4553	300
4554	252
4555	288
4556	289
4557	258
4558	244
4559	258
4560	274
4561	262
4562	260
4563	267
4564	236
4565	254
4566	225
4567	241
4568	284
4569	242
4570	236
4571	233
4572	235
4573	221
4574	237
4575	203
4576	218
4577	219
4578	216
4579	199
4580	204
4581	196
4582	188
4583	193
4584	195
4585	198
4586	169
4587	164
4588	193
4589	177
4590	173
4591	170
4592	172
4593	142
4594	179
4595	164
4596	166
4597	147
4598	152
4599	161
4600	155
4601	159
4602	149
4603	137
4604	154
4605	145
4606	149
4607	149
4608	145
4609	103
4610	113
4611	113
4612	112
4613	139
4614	123
4615	118
4616	108
4617	122
4618	120
4619	106
4620	115
4621	114
4622	98
4623	114
4624	102
4625	101
4626	94
4627	111
4628	103
4629	98
4630	90
4631	93
4632	77
4633	94
4634	71
4635	83
4636	79
4637	74
4638	99
4639	71
4640	78
4641	86
4642	77
4643	76
4644	74
4645	60
4646	47
4647	67
4648	62
4649	75
4650	70
4651	73
4652	78
4653	49
4654	64
4655	70
4656	69
4657	73
4658	73
4659	61
4660	59
4661	54
4662	49
4663	71
4664	67
4665	52
4666	49
4667	51
4668	46
4669	55
4670	45
4671	56
4672	55
4673	38
4674	57
4675	45
4676	52
4677	41
4678	49
4679	51
4680	53
4681	50
4682	41
4683	41
4684	31
4685	44
4686	30
4687	31
4688	43
4689	28
4690	31
4691	26
4692	45
4693	31
4694	41
4695	32
4696	42
4697	24
4698	26
4699	30
4700	32
4701	26
4702	33
4703	26
4704	27
4705	29
4706	27
4707	34
4708	35
4709	39
4710	29
4711	30
4712	26
4713	35
4714	21
4715	24
4716	24
4717	24
4718	21
4719	28
4720	16
4721	14
4722	21
4723	16
4724	25
4725	22
4726	25
4727	17
4728	21
4729	16
4730	12
4731	12
4732	22
4733	11
4734	18
4735	18
4736	13
4737	9
4738	18
4739	11
4740	17
4741	26
4742	21
4743	23
4744	30
4745	10
4746	18
4747	11
4748	17
4749	16
4750	14
4751	16
4752	24
4753	20
4754	14
4755	21
4756	12
4757	16
4758	16
4759	13
4760	10
4761	12
4762	11
4763	16
4764	20
4765	7
4766	14
4767	21
4768	12
4769	17
4770	13
4771	6
4772	15
4773	20
4774	20
4775	9
4776	10
4777	8
4778	15
4779	14
4780	7
4781	10
4782	10
4783	10
4784	12
4785	7
4786	10
4787	13
4788	7
4789	10
4790	17
4791	10
4792	17
4793	11
4794	10
4795	16
4796	16
4797	9
4798	10
4799	11
4800	13
4801	13
4802	8
4803	19
4804	9
4805	13
4806	10
4807	12
4808	12
4809	9
4810	6
4811	11
4812	7
4813	9
4814	12
4815	10
4816	18
4817	16
4818	4
4819	23
4820	12
4821	14
4822	13
4823	11
4824	9
4825	12
4826	12
4827	7
4828	9
4829	17
4830	8
4831	12
4832	14
4833	12
4834	11
4835	7
4836	19
4837	13
4838	16
4839	14
4840	7
4841	17
4842	9
4843	16
4844	9
4845	9
4846	15
4847	7
4848	9
4849	15
4850	13
4851	8
4852	9
4853	10
4854	9
4855	12
4856	4
4857	7
4858	7
4859	3
4860	7
4861	8
4862	9
4863	11
4864	10
4865	9
4866	9
4867	8
4868	10
4869	14
4870	9
4871	6
4872	12
4873	12
4874	12
4875	7
4876	5
4877	10
4878	13
4879	11
4880	11
4881	10
4882	12
4883	9
4884	6
4885	12
4886	9
4887	10
4888	10
4889	12
4890	9
4891	8
4892	10
4893	12
4894	12
4895	12
4896	15
4897	11
4898	5
4899	8
4900	10
4901	16
4902	10
4903	13
4904	10
4905	11
4906	12
4907	13
4908	9
4909	4
4910	11
4911	10
4912	8
4913	14
4914	5
4915	7
4916	11
4917	9
4918	5
4919	6
4920	9
4921	6
4922	12
4923	12
4924	12
4925	9
4926	7
4927	13
4928	16
4929	7
4930	6
4931	7
4932	10
4933	10
4934	11
4935	14
4936	18
4937	9
4938	11
4939	7
4940	10
4941	14
4942	10
4943	11
4944	5
4945	6
4946	9
4947	7
4948	4
4949	9
4950	10
4951	5
4952	8
4953	11
4954	7
4955	7
4956	10
4957	3
4958	6
4959	10
4960	9
4961	10
4962	17
4963	10
4964	5
4965	11
4966	17
4967	6
4968	7
4969	17
4970	6
4971	12
4972	9
4973	9
4974	10
4975	7
4976	8
4977	15
4978	10
4979	9
4980	5
4981	10
4982	5
4983	11
4984	6
4985	8
4986	11
4987	9
4988	7
4989	9
4990	10
4991	8
4992	5
4993	9
4994	17
4995	10
4996	4
4997	6
4998	11
4999	16
5000	7
5001	12
5002	9
5003	14
5004	7
5005	12
5006	10
5007	9
5008	11
5009	10
5010	6
5011	10
5012	5
5013	8
5014	9
5015	7
5016	10
5017	7
5018	7
5019	6
5020	10
5021	8
5022	4
5023	8
5024	5
5025	9
5026	10
5027	12
5028	13
5029	6
5030	15
5031	11
5032	11
5033	7
5034	6
5035	4
5036	7
5037	7
5038	12
5039	4
5040	12
5041	13
5042	9
5043	12
5044	13
5045	3
5046	3
5047	14
5048	14
5049	10
5050	8
5051	7
5052	11
5053	7
5054	10
5055	8
5056	3
5057	10
5058	12
5059	7
5060	9
5061	7
5062	8
5063	8
5064	9
5065	10
5066	10
5067	11
5068	12
5069	9
5070	5
5071	6
5072	5
5073	7
5074	11
5075	10
5076	10
5077	6
5078	8
5079	10
5080	10
5081	6
5082	7
5083	7
5084	9
5085	10
5086	11
5087	11
5088	7
5089	12
5090	5
5091	12
5092	6
5093	6
5094	7
5095	4
5096	6
5097	5
5098	6
5099	3
5100	6
5101	13
5102	8
5103	8
5104	6
5105	11
5106	15
5107	8
5108	10
5109	5
5110	8
5111	6
5112	14
5113	6
5114	8
5115	10
5116	6
5117	13
5118	9
5119	9
5120	13
5121	12
5122	10
5123	16
5124	5
5125	11
5126	4
5127	8
5128	6
5129	11
5130	10
5131	15
5132	3
5133	10
5134	13
5135	5
5136	6
5137	4
5138	15
5139	6
5140	9
5141	13
5142	7
5143	5
5144	14
5145	9
5146	6
5147	11
5148	8
5149	6
5150	10
5151	11
5152	8
5153	8
5154	7
5155	5
5156	8
5157	8
5158	9
5159	7
5160	6
5161	8
5162	9
5163	10
5164	5
5165	8
5166	7
5167	11
5168	4
5169	10
5170	11
5171	13
5172	8
5173	8
5174	12
5175	4
5176	11
5177	9
5178	5
5179	8
5180	4
5181	12
5182	12
5183	6
5184	9
5185	6
5186	11
5187	8
5188	9
5189	3
5190	8
5191	3
5192	11
5193	7
5194	11
5195	8
5196	7
5197	10
5198	6
5199	7
5200	10
5201	13
5202	6
5203	3
5204	7
5205	10
5206	11
5207	8
5208	10
5209	11
5210	6
5211	11
5212	8
5213	8
5214	8
5215	3
5216	9
5217	7
5218	8
5219	7
5220	7
5221	13
5222	5
5223	9
5224	10
5225	7
5226	7
5227	17
5228	10
5229	7
5230	17
5231	7
5232	7
5233	10
5234	7
5235	9
5236	6
5237	5
5238	10
5239	11
5240	10
5241	9
5242	6
5243	5
5244	14
5245	4
5246	4
5247	13
5248	8
5249	7
5250	10
5251	7
5252	7
5253	6
5254	8
5255	5
5256	10
5257	9
5258	4
5259	3
5260	10
5261	7
5262	5
5263	13
5264	15
5265	8
5266	7
5267	10
5268	10
5269	8
5270	8
5271	9
5272	8
5273	10
5274	5
5275	6
5276	6
5277	11
5278	10
5279	4
5280	5
5281	13
5282	10
5283	9
5284	13
5285	11
5286	1
5287	6
5288	5
5289	5
5290	4
5291	10
5292	6
5293	6
5294	13
5295	7
5296	7
5297	5
5298	9
5299	7
5300	8
5301	6
5302	12
5303	10
5304	10
5305	5
5306	13
5307	5
5308	3
5309	7
5310	4
5311	9
5312	4
5313	8
5314	14
5315	9
5316	8
5317	9
5318	7
5319	5
5320	9
5321	7
5322	13
5323	7
5324	10
5325	9
5326	15
5327	7
5328	6
5329	7
5330	5
5331	4
5332	11
5333	13
5334	11
5335	10
5336	9
5337	9
5338	6
5339	7
5340	5
5341	7
5342	3
5343	9
5344	4
5345	8
5346	7
5347	10
5348	8
5349	5
5350	8
5351	13
5352	11
5353	3
5354	13
5355	8
5356	13
5357	6
5358	6
5359	6
5360	5
5361	9
5362	9
5363	6
5364	7
5365	7
5366	6
5367	9
5368	6
5369	9
5370	10
5371	7
5372	10
5373	13
5374	4
5375	9
5376	7
5377	5
5378	8
5379	10
5380	11
5381	7
5382	5
5383	3
5384	7
5385	6
5386	6
5387	12
5388	10
5389	4
5390	9
5391	13
5392	11
5393	9
5394	7
5395	11
5396	6
5397	8
5398	7
5399	10
5400	4
5401	10
5402	9
5403	6
5404	13
5405	9
5406	10
5407	5
5408	5
5409	11
5410	5
5411	3
5412	10
5413	5
5414	8
5415	8
5416	5
5417	7
5418	9
5419	10
5420	10
5421	8
5422	6
5423	7
5424	5
5425	4
5426	8
5427	6
5428	5
5429	4
5430	8
5431	13
5432	9
5433	8
5434	8
5435	4
5436	10
5437	6
5438	10
5439	8
5440	5
5441	11
5442	10
5443	8
5444	14
5445	8
5446	2
5447	10
5448	4
5449	9
5450	7
5451	9
5452	7
5453	5
5454	10
5455	12
5456	6
5457	12
5458	12
5459	9
5460	8
5461	14
5462	8
5463	9
5464	8
5465	6
5466	8
5467	8
5468	12
5469	4
5470	3
5471	9
5472	9
5473	6
5474	6
5475	5
5476	13
5477	7
5478	9
5479	9
5480	8
5481	8
5482	7
5483	9
5484	4
5485	7
5486	4
5487	10
5488	7
5489	13
5490	12
5491	6
5492	7
5493	4
5494	6
5495	7
5496	4
5497	14
5498	3
5499	11
5500	9
5501	14
5502	10
5503	6
5504	7
5505	6
5506	9
5507	2
5508	8
5509	11
5510	10
5511	8
5512	10
5513	12
5514	11
5515	7
5516	6
5517	6
5518	10
5519	8
5520	10
5521	7
5522	12
5523	11
5524	11
5525	4
5526	7
5527	10
5528	9
5529	9
5530	10
5531	11
5532	2
5533	4
5534	8
5535	10
5536	5
5537	9
5538	1
5539	7
5540	10
5541	7
5542	9
5543	11
5544	3
5545	7
5546	6
5547	3
5548	9
5549	7
5550	7
5551	8
5552	5
5553	8
5554	8
5555	8
5556	7
5557	15
5558	7
5559	4
5560	4
5561	6
5562	3
5563	7
5564	9
5565	3
5566	5
5567	14
5568	11
5569	7
5570	14
5571	11
5572	9
5573	6
5574	4
5575	8
5576	5
5577	8
5578	6
5579	18
5580	8
5581	6
5582	15
5583	7
5584	11
5585	4
5586	11
5587	9
5588	6
5589	11
5590	7
5591	13
5592	11
5593	16
5594	4
5595	11
5596	10
5597	9
5598	7
5599	9
5600	10
5601	11
5602	6
5603	10
5604	4
5605	15
5606	11
5607	9
5608	9
5609	9
5610	9
5611	11
5612	7
5613	7
5614	7
5615	11
5616	9
5617	15
5618	7
5619	16
5620	5
5621	9
5622	8
5623	9
5624	9
5625	8
5626	6
5627	11
5628	8
5629	18
5630	12
5631	8
5632	12
5633	7
5634	7
5635	7
5636	19
5637	4
5638	11
5639	5
5640	3
5641	11
5642	6
5643	12
5644	11
5645	9
5646	9
5647	9
5648	11
5649	7
5650	9
5651	8
5652	11
5653	7
5654	15
5655	5
5656	9
5657	9
5658	8
5659	10
5660	7
5661	8
5662	5
5663	5
5664	9
5665	6
5666	9
5667	8
5668	15
5669	11
5670	12
5671	10
5672	11
5673	14
5674	14
5675	8
5676	8
5677	8
5678	10
5679	10
5680	5
5681	9
5682	12
5683	7
5684	8
5685	15
5686	7
5687	9
5688	8
5689	10
5690	9
5691	10
5692	9
5693	10
5694	8
5695	10
5696	8
5697	12
5698	5
5699	8
5700	8
5701	8
5702	13
5703	7
5704	13
5705	13
5706	8
5707	2
5708	9
5709	6
5710	7
5711	11
5712	9
5713	10
5714	8
5715	7
5716	9
5717	13
5718	13
5719	7
5720	7
5721	9
5722	6
5723	7
5724	8
5725	5
5726	7
5727	12
5728	6
5729	9
5730	5
5731	13
5732	18
5733	7
5734	9
5735	6
5736	14
5737	8
5738	11
5739	11
5740	8
5741	7
5742	9
5743	2
5744	5
5745	11
5746	14
5747	4
5748	14
5749	9
5750	9
5751	12
5752	5
5753	12
5754	11
5755	12
5756	16
5757	10
5758	8
5759	10
5760	7
5761	10
5762	13
5763	12
5764	10
5765	7
5766	10
5767	7
5768	4
5769	14
5770	8
5771	8
5772	14
5773	8
5774	8
5775	10
5776	10
5777	9
5778	7
5779	22
5780	10
5781	10
5782	8
5783	9
5784	9
5785	15
5786	10
5787	5
5788	7
5789	9
5790	10
5791	11
5792	7
5793	5
5794	8
5795	11
5796	7
5797	10
5798	4
5799	7
5800	12
5801	6
5802	8
5803	8
5804	8
5805	7
5806	3
5807	10
5808	7
5809	11
5810	7
5811	10
5812	5
5813	11
5814	14
5815	12
5816	10
5817	10
5818	8
5819	8
5820	3
5821	11
5822	11
5823	12
5824	11
5825	8
5826	16
5827	10
5828	9
5829	5
5830	11
5831	12
5832	9
5833	9
5834	5
5835	12
5836	7
5837	8
5838	8
5839	5
5840	4
5841	7
5842	11
5843	7
5844	6
5845	7
5846	12
5847	10
5848	9
5849	8
5850	15
5851	9
5852	5
5853	8
5854	6
5855	16
5856	7
5857	11
5858	8
5859	8
5860	11
5861	11
5862	7
5863	10
5864	3
5865	7
5866	11
5867	7
5868	7
5869	8
5870	5
5871	11
5872	2
5873	14
5874	7
5875	6
5876	8
5877	3
5878	11
5879	4
5880	3
5881	8
5882	9
5883	5
5884	10
5885	12
5886	10
5887	9
5888	9
5889	10
5890	4
5891	12
5892	4
5893	6
5894	5
5895	10
5896	9
5897	8
5898	7
5899	8
5900	8
5901	13
5902	9
5903	11
5904	4
5905	6
5906	11
5907	7
5908	7
5909	4
5910	8
5911	10
5912	8
5913	14
5914	9
5915	9
5916	6
5917	9
5918	6
5919	13
5920	9
5921	9
5922	10
5923	3
5924	8
5925	6
5926	9
5927	7
5928	10
5929	6
5930	3
5931	6
5932	9
5933	9
5934	9
5935	13
5936	7
5937	5
5938	6
5939	4
5940	8
5941	6
5942	9
5943	3
5944	9
5945	7
5946	8
5947	8
5948	6
5949	9
5950	7
5951	12
5952	7
5953	5
5954	10
5955	11
5956	4
5957	6
5958	4
5959	7
5960	4
5961	9
5962	6
5963	17
5964	6
5965	9
5966	13
5967	6
5968	8
5969	5
5970	2
5971	13
5972	10
5973	8
5974	7
5975	8
5976	7
5977	8
5978	6
5979	7
5980	5
5981	8
5982	13
5983	5
5984	5
5985	6
5986	4
5987	8
5988	5
5989	8
5990	10
5991	9
5992	9
5993	10
5994	4
5995	6
5996	3
5997	8
5998	9
5999	6
6000	5
6001	10
6002	7
6003	5
6004	6
6005	8
6006	4
6007	8
6008	13
6009	7
6010	9
6011	10
6012	15
6013	5
6014	4
6015	8
6016	12
6017	9
6018	8
6019	5
6020	9
6021	6
6022	4
6023	12
6024	16
6025	7
6026	7
6027	10
6028	11
6029	9
6030	5
6031	6
6032	7
6033	7
6034	10
6035	9
6036	12
6037	6
6038	10
6039	13
6040	6
6041	9
6042	12
6043	8
6044	5
6045	14
6046	14
6047	5
6048	11
6049	6
6050	7
6051	7
6052	9
6053	7
6054	10
6055	4
6056	7
6057	10
6058	3
6059	7
6060	7
6061	6
6062	4
6063	3
6064	8
6065	8
6066	7
6067	5
6068	8
6069	10
6070	5
6071	8
6072	3
6073	14
6074	4
6075	9
6076	5
6077	11
6078	7
6079	7
6080	10
6081	5
6082	8
6083	9
6084	8
6085	7
6086	7
6087	10
6088	9
6089	10
6090	5
6091	12
6092	7
6093	5
6094	6
6095	8
6096	10
6097	15
6098	13
6099	10
6100	7
6101	6
6102	10
6103	10
6104	2
6105	3
6106	6
6107	7
6108	6
6109	4
6110	6
6111	4
6112	3
6113	9
6114	3
6115	10
6116	9
6117	10
6118	3
6119	10
6120	4
6121	9
6122	5
6123	9
6124	8
6125	9
6126	3
6127	4
6128	10
6129	11
6130	5
6131	4
6132	4
6133	7
6134	7
6135	6
6136	7
6137	7
6138	6
6139	13
6140	7
6141	5
6142	9
6143	4
6144	7
6145	10
6146	10
6147	8
6148	6
6149	8
6150	9
6151	6
6152	5
6153	8
6154	10
6155	6
6156	7
6157	6
6158	7
6159	6
6160	7
6161	5
6162	2
6163	6
6164	6
6165	9
6166	3
6167	9
6168	7
6169	9
6170	13
6171	2
6172	7
6173	7
6174	7
6175	8
6176	4
6177	7
6178	5
6179	3
6180	10
6181	8
6182	12
6183	9
6184	7
6185	6
6186	2
6187	8
6188	5
6189	9
6190	6
6191	5
6192	9
6193	8
6194	10
6195	7
6196	12
6197	9
6198	8
6199	9
6200	4
6201	8
6202	4
6203	6
6204	10
6205	10
6206	9
6207	5
6208	2
6209	9
6210	5
6211	2
6212	2
6213	5
6214	9
6215	5
6216	10
6217	6
6218	5
6219	8
6220	4
6221	8
6222	6
6223	5
6224	6
6225	10
6226	8
6227	2
6228	6
6229	5
6230	5
6231	4
6232	6
6233	4
6234	6
6235	7
6236	6
6237	3
6238	6
6239	6
6240	7
6241	8
6242	5
6243	8
6244	4
6245	8
6246	6
6247	4
6248	5
6249	7
6250	5
6251	3
6252	6
6253	9
6254	14
6255	3
6256	7
6257	7
6258	4
6259	2
6260	6
6261	5
6262	5
6263	6
6264	7
6265	3
6266	6
6267	6
6268	6
6269	6
6270	2
6271	3
6272	6
6273	7
6274	1
6275	4
6276	4
6277	8
6278	8
6279	6
6280	4
6281	9
6282	1
6283	7
6284	3
6285	3
6286	7
6287	3
6288	9
6289	4
6290	8
6291	4
6292	3
6293	4
6294	7
6295	3
6296	1
6297	9
6298	7
6299	7
6300	7
6301	6
6302	9
6303	5
6304	2
6305	6
6306	5
6307	8
6308	6
6309	6
6310	6
6311	6
6312	9
6313	2
6314	12
6315	10
6316	7
6317	4
6318	5
6319	6
6320	8
6321	4
6322	1
6323	9
6324	6
6325	10
6326	4
6327	4
6328	7
6329	2
6330	7
6331	10
6332	8
6333	7
6334	6
6335	2
6336	4
6337	7
6338	8
6339	3
6340	7
6341	3
6342	4
6343	9
6344	9
6345	7
6346	9
6347	4
6348	7
6349	9
6350	2
6351	3
6352	6
6353	5
6354	8
6355	4
6356	7
6357	4
6358	7
6359	6
6360	5
6361	2
6362	3
6363	3
6364	6
6365	9
6366	3
6367	7
6368	4
6369	1
6370	3
6371	12
6372	1
6373	1
6374	8
6375	6
6376	3
6377	5
6378	5
6379	9
6380	4
6381	5
6382	4
6383	6
6384	2
6385	3
6386	10
6387	6
6388	2
6389	3
6390	5
6391	10
6392	2
6393	8
6394	4
6395	8
6396	8
6397	6
6398	6
6399	4
6400	10
6401	4
6402	8
6403	3
6404	5
6405	3
6406	2
6407	4
6408	6
6409	8
6410	6
6411	8
6412	3
6413	9
6414	5
6415	7
6416	4
6417	7
6418	4
6419	7
6420	5
6421	5
6422	7
6423	5
6424	1
6425	3
6426	8
6427	5
6428	2
6429	6
6430	3
6431	7
6432	6
6433	5
6434	10
6435	2
6436	5
6437	10
6438	3
6439	3
6440	4
6441	7
6442	6
6443	12
6444	12
6445	4
6446	8
6447	9
6448	3
6449	6
6450	7
6451	4
6452	10
6453	6
6454	5
6455	5
6456	4
6457	6
6458	2
6459	6
6460	6
6461	4
6462	4
6463	8
6464	4
6465	3
6466	4
6467	6
6468	7
6469	3
6470	5
6471	9
6472	7
6473	7
6474	2
6475	7
6476	5
6477	8
6478	6
6479	5
6480	5
6481	4
6482	2
6483	11
6484	3
6485	5
6486	7
6487	4
6488	6
6489	5
6490	7
6491	6
6492	3
6493	4
6494	4
6495	5
6496	5
6497	3
6498	5
6499	1
6500	7
6501	9
6502	5
6503	6
6504	3
6505	6
6506	6
6507	5
6508	4
6509	5
6510	5
6511	9
6512	3
6513	5
6514	9
6515	6
6516	3
6517	3
6518	7
6519	4
6520	6
6521	4
6522	7
6523	3
6524	2
6525	7
6526	6
6527	9
6528	6
6529	9
6530	5
6531	5
6532	9
6533	4
6534	3
6535	5
6536	4
6537	3
6538	4
6539	11
6540	7
6541	7
6542	8
6543	4
6544	2
6545	7
6546	5
6547	6
6548	4
6549	8
6550	9
6551	2
6552	1
6553	5
6554	4
6555	7
6556	6
6557	8
6558	9
6559	4
6560	7
6561	4
6562	7
6563	2
6564	5
6565	4
6566	6
6567	6
6568	5
6569	9
6570	9
6571	4
6572	8
6573	6
6574	7
6575	7
6576	5
6577	7
6578	6
6579	2
6580	3
6581	5
6582	7
6583	7
6584	6
6585	6
6586	9
6587	5
6588	4
6589	5
6590	7
6591	5
6592	1
6593	9
6594	4
6595	6
6596	6
6597	3
6598	4
6599	5
6600	1
6601	3
6602	5
6603	4
6604	3
6605	0
6606	5
6607	4
6608	4
6609	6
6610	6
6611	2
6612	2
6613	6
6614	4
6615	3
6616	1
6617	8
6618	6
6619	5
6620	7
6621	7
6622	10
6623	3
6624	3
6625	5
6626	6
6627	7
6628	3
6629	5
6630	3
6631	7
6632	7
6633	1
6634	10
6635	4
6636	3
6637	4
6638	6
6639	8
6640	5
6641	7
6642	7
6643	5
6644	4
6645	4
6646	5
6647	7
6648	6
6649	6
6650	4
6651	5
6652	5
6653	6
6654	7
6655	9
6656	3
6657	4
6658	7
6659	3
6660	7
6661	5
6662	8
6663	5
6664	3
6665	7
6666	8
6667	4
6668	2
6669	4
6670	6
6671	7
6672	1
6673	6
6674	7
6675	5
6676	8
6677	4
6678	3
6679	5
6680	6
6681	9
6682	2
6683	4
6684	4
6685	5
6686	4
6687	7
6688	7
6689	3
6690	6
6691	7
6692	8
6693	4
6694	3
6695	10
6696	7
6697	3
6698	5
6699	9
6700	5
6701	5
6702	5
6703	5
6704	4
6705	9
6706	3
6707	5
6708	6
6709	2
6710	2
6711	5
6712	2
6713	3
6714	5
6715	3
6716	4
6717	6
6718	8
6719	6
6720	5
6721	6
6722	5
6723	6
6724	8
6725	4
6726	5
6727	5
6728	10
6729	3
6730	5
6731	6
6732	8
6733	6
6734	6
6735	3
6736	11
6737	7
6738	6
6739	10
6740	8
6741	5
6742	8
6743	4
6744	5
6745	5
6746	5
6747	4
6748	4
6749	8
6750	8
6751	6
6752	9
6753	3
6754	4
6755	6
6756	7
6757	5
6758	7
6759	6
6760	3
6761	5
6762	8
6763	4
6764	6
6765	4
6766	6
6767	7
6768	2
6769	3
6770	10
6771	2
6772	6
6773	2
6774	4
6775	4
6776	2
6777	5
6778	3
6779	2
6780	6
6781	1
6782	8
6783	3
6784	7
6785	6
6786	6
6787	5
6788	6
6789	2
6790	5
6791	4
6792	9
6793	7
6794	2
6795	6
6796	5
6797	2
6798	3
6799	2
6800	8
6801	5
6802	3
6803	6
6804	3
6805	6
6806	4
6807	7
6808	9
6809	9
6810	6
6811	5
6812	5
6813	5
6814	7
6815	8
6816	3
6817	5
6818	8
6819	3
6820	3
6821	6
6822	5
6823	6
6824	4
6825	7
6826	2
6827	5
6828	8
6829	8
6830	6
6831	7
6832	4
6833	2
6834	6
6835	9
6836	3
6837	5
6838	7
6839	5
6840	7
6841	4
6842	7
6843	3
6844	6
6845	6
6846	6
6847	4
6848	4
6849	6
6850	5
6851	3
6852	10
6853	4
6854	3
6855	8
6856	4
6857	2
6858	5
6859	7
6860	3
6861	11
6862	9
6863	7
6864	9
6865	7
6866	6
6867	2
6868	3
6869	6
6870	5
6871	6
6872	3
6873	3
6874	5
6875	4
6876	8
6877	5
6878	5
6879	7
6880	1
6881	4
6882	3
6883	8
6884	3
6885	3
6886	5
6887	6
6888	5
6889	6
6890	5
6891	7
6892	7
6893	4
6894	6
6895	7
6896	3
6897	3
6898	9
6899	6
6900	3
6901	10
6902	6
6903	3
6904	5
6905	4
6906	8
6907	11
6908	4
6909	4
6910	6
6911	2
6912	7
6913	10
6914	8
6915	7
6916	6
6917	11
6918	4
6919	6
6920	5
6921	7
6922	4
6923	8
6924	5
6925	4
6926	8
6927	5
6928	3
6929	3
6930	5
6931	3
6932	3
6933	5
6934	8
6935	4
6936	4
6937	7
6938	4
6939	6
6940	3
6941	4
6942	9
6943	6
6944	4
6945	7
6946	6
6947	5
6948	6
6949	8
6950	6
6951	3
6952	7
6953	5
6954	8
6955	5
6956	3
6957	3
6958	6
6959	8
6960	4
6961	11
6962	3
6963	3
6964	9
6965	7
6966	5
6967	4
6968	8
6969	6
6970	11
6971	6
6972	6
6973	10
6974	4
6975	9
6976	6
6977	4
6978	3
6979	8
6980	3
6981	5
6982	3
6983	4
6984	7
6985	3
6986	4
6987	9
6988	1
6989	10
6990	10
6991	4
6992	5
6993	4
6994	4
6995	7
6996	6
6997	6
6998	2
6999	4
7000	3
7001	6
7002	8
7003	8
7004	3
7005	2
7006	4
7007	4
7008	5
7009	5
7010	4
7011	6
7012	4
7013	5
7014	6
7015	6
7016	8
7017	4
7018	5
7019	8
7020	4
7021	1
7022	5
7023	11
7024	4
7025	4
7026	4
7027	3
7028	5
7029	4
7030	3
7031	8
7032	6
7033	2
7034	5
7035	3
7036	4
7037	5
7038	5
7039	7
7040	2
7041	2
7042	5
7043	5
7044	5
7045	3
7046	4
7047	8
7048	6
7049	6
7050	4
7051	3
7052	3
7053	5
7054	5
7055	5
7056	4
7057	4
7058	8
7059	2
7060	5
7061	10
7062	8
7063	3
7064	7
7065	2
7066	5
7067	3
7068	3
7069	6
7070	7
7071	3
7072	5
7073	6
7074	3
7075	5
7076	6
7077	3
7078	5
7079	3
7080	9
7081	3
7082	3
7083	3
7084	4
7085	4
7086	4
7087	2
7088	9
7089	2
7090	8
7091	3
7092	10
7093	8
7094	7
7095	3
7096	8
7097	3
7098	2
7099	5
7100	6
7101	4
7102	9
7103	4
7104	5
7105	3
7106	5
7107	6
7108	6
7109	3
7110	8
7111	2
7112	7
7113	5
7114	5
7115	9
7116	5
7117	5
7118	7
7119	6
7120	3
7121	8
7122	7
7123	6
7124	6
7125	3
7126	4
7127	6
7128	0
7129	4
7130	6
7131	1
7132	4
7133	5
7134	4
7135	5
7136	6
7137	7
7138	3
7139	2
7140	3
7141	6
7142	7
7143	7
7144	3
7145	4
7146	1
7147	2
7148	6
7149	7
7150	6
7151	9
7152	7
7153	6
7154	6
7155	2
7156	9
7157	4
7158	5
7159	5
7160	5
7161	8
7162	5
7163	2
7164	8
7165	2
7166	5
7167	4
7168	2
7169	3
7170	5
7171	3
7172	2
7173	7
7174	2
7175	3
7176	5
7177	8
7178	4
7179	3
7180	9
7181	9
7182	8
7183	6
7184	7
7185	4
7186	5
7187	4
7188	5
7189	5
7190	10
7191	5
7192	5
7193	4
7194	4
7195	11
7196	8
7197	7
7198	2
7199	8
7200	2
7201	3
7202	3
7203	4
7204	4
7205	7
7206	9
7207	7
7208	4
7209	6
7210	5
7211	9
7212	5
7213	5
7214	3
7215	8
7216	6
7217	4
7218	5
7219	6
7220	3
7221	1
7222	10
7223	6
7224	6
7225	2
7226	3
7227	5
7228	6
7229	1
7230	7
7231	0
7232	4
7233	6
7234	6
7235	5
7236	6
7237	2
7238	2
7239	0
7240	3
7241	3
7242	5
7243	4
7244	5
7245	6
7246	5
7247	5
7248	3
7249	10
7250	2
7251	3
7252	7
7253	3
7254	4
7255	3
7256	8
7257	3
7258	4
7259	3
7260	7
7261	5
7262	5
7263	5
7264	10
7265	3
7266	2
7267	7
7268	3
7269	12
7270	2
7271	6
7272	4
7273	2
7274	9
7275	2
7276	4
7277	6
7278	5
7279	0
7280	6
7281	10
7282	4
7283	9
7284	5
7285	4
7286	5
7287	4
7288	5
7289	6
7290	6
7291	3
7292	1
7293	5
7294	3
7295	4
7296	3
7297	4
7298	5
7299	1
7300	7
7301	2
7302	4
7303	6
7304	2
7305	3
7306	2
7307	3
7308	4
7309	5
7310	5
7311	1
7312	2
7313	3
7314	2
7315	4
7316	2
7317	6
7318	1
7319	6
7320	3
7321	3
7322	2
7323	3
7324	3
7325	5
7326	7
7327	1
7328	3
7329	3
7330	4
7331	4
7332	5
7333	3
7334	1
7335	6
7336	3
7337	6
7338	4
7339	6
7340	5
7341	4
7342	3
7343	3
7344	3
7345	4
7346	5
7347	5
7348	8
7349	3
7350	2
7351	5
7352	5
7353	4
7354	5
7355	6
7356	3
7357	4
7358	2
7359	7
7360	6
7361	3
7362	5
7363	3
7364	7
7365	3
7366	2
7367	1
7368	5
7369	4
7370	4
7371	7
7372	5
7373	2
7374	8
7375	2
7376	6
7377	2
7378	2
7379	3
7380	2
7381	5
7382	1
7383	1
7384	3
7385	2
7386	7
7387	2
7388	3
7389	5
7390	5
7391	4
7392	4
7393	2
7394	6
7395	7
7396	5
7397	1
7398	1
7399	5
7400	6
7401	3
7402	3
7403	2
7404	3
7405	3
7406	3
7407	3
7408	3
7409	4
7410	4
7411	5
7412	1
7413	2
7414	6
7415	1
7416	4
7417	4
7418	4
7419	3
7420	5
7421	5
7422	5
7423	2
7424	5
7425	3
7426	4
7427	4
7428	3
7429	5
7430	2
7431	7
7432	2
7433	5
7434	2
7435	2
7436	0
7437	3
7438	1
7439	4
7440	3
7441	4
7442	4
7443	3
7444	2
7445	2
7446	5
7447	3
7448	2
7449	4
7450	1
7451	1
7452	4
7453	7
7454	2
7455	2
7456	3
7457	2
7458	3
7459	1
7460	4
7461	3
7462	2
7463	3
7464	5
7465	6
7466	1
7467	6
7468	1
7469	2
7470	3
7471	4
7472	4
7473	3
7474	7
7475	4
7476	4
7477	2
7478	2
7479	5
7480	3
7481	5
7482	3
7483	2
7484	4
7485	5
7486	2
7487	3
7488	2
7489	3
7490	2
7491	2
7492	3
7493	2
7494	2
7495	2
7496	8
7497	6
7498	2
7499	3
7500	3
7501	2
7502	3
7503	1
7504	4
7505	1
7506	3
7507	1
7508	2
7509	4
7510	1
7511	3
7512	1
7513	2
7514	1
7515	3
7516	1
7517	3
7518	1
7519	1
7520	2
7521	2
7522	2
7523	0
7524	1
7525	2
7526	1
7527	2
7528	1
7529	3
7530	0
7531	0
7532	0
7533	1
7534	3
7535	1
7536	0
7537	1
7538	2
7539	2
7540	2
7541	1
7542	1
7543	1
7544	1
7545	1
7546	0
7547	2
7548	0
7549	1
7550	1
7551	0
7552	0
7553	0
7554	2
7555	0
7556	1
7557	0
7558	3
7559	0
7560	0
7561	0
7562	2
7563	1
7564	1
7565	1
7566	0
7567	1
7568	0
7569	0
7570	1
7571	1
7572	0
7573	0
7574	0
7575	1
7576	2
7577	0
7578	0
7579	1
7580	0
7581	1
7582	0
7583	1
7584	0
7585	2
7586	0
7587	0
7588	0
7589	1
7590	0
7591	0
7592	0
7593	1
7594	0
7595	0
7596	0
7597	0
7598	0
7599	0
7600	0
7601	0
7602	0
7603	1
7604	0
7605	0
7606	0
7607	0
7608	0
7609	0
7610	0
7611	0
7612	0
7613	0
7614	1
7615	1
7616	0
7617	0
7618	0
7619	0
7620	0
7621	0
7622	0
7623	0
7624	0
7625	0
7626	0
7627	0
7628	0
7629	0
7630	0
7631	1
7632	0
7633	0
7634	0
7635	0
7636	0
7637	0
7638	0
7639	0
7640	0
7641	0
7642	0
7643	0
7644	0
7645	0
7646	0
7647	0
7648	0
7649	0
7650	0
7651	0
7652	0
7653	0
7654	0
7655	0
7656	0
7657	0
7658	0
7659	0
7660	0
7661	0
7662	0
7663	0
7664	0
7665	0
7666	0
7667	0
7668	0
7669	0
7670	0
7671	0
7672	0
7673	0
7674	0
7675	0
7676	0
7677	0
7678	0
7679	0
7680	0
7681	0
7682	0
7683	0
7684	0
7685	0
7686	0
7687	0
7688	0
7689	0
7690	0
7691	0
7692	0
7693	0
7694	0
7695	0
7696	0
7697	0
7698	0
7699	0
7700	0
7701	0
7702	0
7703	0
7704	0
7705	0
7706	0
7707	0
7708	0
7709	0
7710	0
7711	0
7712	0
7713	0
7714	0
7715	0
7716	0
7717	0
7718	0
7719	0
7720	0
7721	0
7722	0
7723	0
7724	0
7725	0
7726	0
7727	0
7728	0
7729	0
7730	0
7731	0
7732	0
7733	0
7734	0
7735	0
7736	0
7737	0
7738	0
7739	0
7740	0
7741	0
7742	0
7743	0
7744	0
7745	0
7746	0
7747	0
7748	0
7749	0
7750	0
7751	0
7752	0
7753	0
7754	0
7755	0
7756	0
7757	0
7758	0
7759	0
7760	0
7761	0
7762	0
7763	0
7764	0
7765	0
7766	0
7767	0
7768	0
7769	0
7770	0
7771	0
7772	0
7773	0
7774	0
7775	0
7776	0
7777	0
7778	0
7779	0
7780	0
7781	0
7782	0
7783	0
7784	0
7785	0
7786	0
7787	0
7788	0
7789	0
7790	0
7791	0
7792	0
7793	0
7794	0
7795	0
7796	0
7797	0
7798	0
7799	0
7800	0
7801	0
7802	0
7803	0
7804	0
7805	0
7806	0
7807	0
7808	0
7809	0
7810	0
7811	0
7812	0
7813	0
7814	0
7815	0
7816	0
7817	0
7818	0
7819	0
7820	0
7821	0
7822	0
7823	0
7824	0
7825	0
7826	0
7827	0
7828	0
7829	0
7830	0
7831	0
7832	0
7833	0
7834	0
7835	0
7836	0
7837	0
7838	0
7839	0
7840	0
7841	0
7842	0
7843	0
7844	0
7845	0
7846	0
7847	0
7848	0
7849	0
7850	0
7851	0
7852	0
7853	0
7854	0
7855	0
7856	0
7857	0
7858	0
7859	0
7860	0
7861	0
7862	0
7863	0
7864	0
7865	0
7866	0
7867	0
7868	0
7869	0
7870	0
7871	0
7872	0
7873	0
7874	0
7875	0
7876	0
7877	0
7878	0
7879	0
7880	0
7881	0
7882	0
7883	0
7884	0
7885	0
7886	0
7887	0
7888	0
7889	0
7890	0
7891	0
7892	0
7893	0
7894	0
7895	0
7896	0
7897	0
7898	0
7899	0
7900	0
7901	0
7902	0
7903	0
7904	0
7905	0
7906	0
7907	0
7908	0
7909	0
7910	0
7911	0
7912	0
7913	0
7914	0
7915	0
7916	0
7917	0
7918	0
7919	0
7920	0
7921	0
7922	0
7923	0
7924	0
7925	0
7926	0
7927	0
7928	0
7929	0
7930	0
7931	0
7932	0
7933	0
7934	0
7935	0
7936	0
7937	0
7938	0
7939	0
7940	0
7941	0
7942	0
7943	0
7944	0
7945	0
7946	0
7947	0
7948	0
7949	0
7950	0
7951	0
7952	0
7953	0
7954	0
7955	0
7956	0
7957	0
7958	0
7959	0
7960	0
7961	0
7962	0
7963	0
7964	0
7965	0
7966	0
7967	0
7968	0
7969	0
7970	0
7971	0
7972	0
7973	0
7974	0
7975	0
7976	0
7977	0
7978	0
7979	0
7980	0
7981	0
7982	0
7983	0
7984	0
7985	0
7986	0
7987	0
7988	0
7989	0
7990	0
7991	0
7992	0
7993	0
7994	0
7995	0
7996	0
7997	0
7998	0
7999	0
8000	0
8001	0
8002	0
8003	0
8004	0
8005	0
8006	0
8007	0
8008	0
8009	0
8010	0
8011	0
8012	0
8013	0
8014	0
8015	0
8016	0
8017	0
8018	0
8019	0
8020	0
8021	0
8022	0
8023	0
8024	0
8025	0
8026	0
8027	0
8028	0
8029	0
8030	0
8031	0
8032	0
8033	0
8034	0
8035	0
8036	0
8037	0
8038	0
8039	0
8040	0
8041	0
8042	0
8043	0
8044	0
8045	0
8046	0
8047	0
8048	0
8049	0
8050	0
8051	0
8052	0
8053	0
8054	0
8055	0
8056	0
8057	0
8058	0
8059	0
8060	0
8061	0
8062	0
8063	0
8064	0
8065	0
8066	0
8067	0
8068	0
8069	0
8070	0
8071	0
8072	0
8073	0
8074	0
8075	0
8076	0
8077	0
8078	0
8079	0
8080	0
8081	0
8082	0
8083	0
8084	0
8085	0
8086	0
8087	0
8088	0
8089	0
8090	0
8091	0
8092	0
8093	0
8094	0
8095	0
8096	0
8097	0
8098	0
8099	0
8100	0
8101	0
8102	0
8103	0
8104	0
8105	0
8106	0
8107	0
8108	0
8109	0
8110	0
8111	0
8112	0
8113	0
8114	0
8115	0
8116	0
8117	0
8118	0
8119	0
8120	0
8121	0
8122	0
8123	0
8124	0
8125	0
8126	0
8127	0
8128	0
8129	0
8130	0
8131	0
8132	0
8133	0
8134	0
8135	0
8136	0
8137	0
8138	0
8139	0
8140	0
8141	0
8142	0
8143	0
8144	0
8145	0
8146	0
8147	0
8148	0
8149	0
8150	0
8151	0
8152	0
8153	0
8154	0
8155	0
8156	0
8157	0
8158	0
8159	0
8160	0
8161	0
8162	0
8163	0
8164	0
8165	0
8166	0
8167	0
8168	0
8169	0
8170	0
8171	0
8172	0
8173	0
8174	0
8175	0
8176	0
8177	0
8178	0
8179	0
8180	0
8181	0
8182	0
8183	0
8184	0
8185	0
8186	0
8187	0
8188	0
8189	0
8190	0
8191	0
