"Cäsium"	"Cobalt"	"Europium"
108	106	89
0	0	2
1	2	0
1	1	0
0	1	2
1	1	1
1	1	1
0	1	2
1	0	3
1	0	0
3	3	1
2	1	1
0	1	3
2	1	2
0	1	0
1	1	3
3	0	1
0	2	2
2	2	0
2	1	4
0	1	3
0	1	4
3	3	2
2	0	2
1	1	0
0	1	2
0	0	3
1	0	6
1	2	2
0	0	4
1	1	2
0	2	1
1	0	1
1	0	2
1	1	1
0	0	1
2	2	1
1	2	1
1	1	2
1	0	0
1	0	1
1	1	0
1	1	3
0	0	0
0	4	2
2	0	2
2	0	1
1	1	0
0	0	0
0	2	1
4	1	0
2	1	1
2	0	5
1	0	2
1	2	4
2	0	2
2	1	2
1	3	1
1	1	1
0	1	1
0	1	2
1	1	4
3	1	4
0	0	0
1	0	3
1	0	0
2	2	1
1	1	3
1	0	0
0	1	0
2	1	2
1	0	1
1	0	0
2	2	1
0	1	1
3	1	3
2	0	1
0	0	2
2	0	2
2	2	3
0	0	1
1	3	3
1	2	1
0	1	5
1	0	1
1	0	1
3	1	0
1	1	2
2	0	1
2	0	0
0	0	0
1	3	0
1	0	2
2	1	2
4	2	2
2	3	1
1	0	1
1	4	3
1	3	1
2	1	2
1	0	1
4	1	3
0	1	0
1	1	2
3	1	2
2	0	4
0	0	0
4	0	0
3	1	0
0	1	1
0	0	1
0	1	2
0	0	1
2	1	2
0	0	2
1	0	1
4	3	1
0	0	4
1	2	2
0	3	4
3	3	1
0	1	0
1	2	3
1	0	4
1	0	2
1	1	1
3	1	0
2	1	4
1	1	1
3	2	2
1	2	3
1	0	2
1	1	4
2	2	4
1	2	2
2	0	2
3	1	2
1	3	1
0	0	3
1	2	1
2	4	4
4	2	2
4	1	3
4	3	2
2	4	4
1	1	4
7	2	3
4	4	4
4	2	6
3	4	5
7	8	10
10	6	8
8	18	18
16	18	13
25	14	23
28	25	37
40	37	44
59	67	52
62	77	55
103	98	94
104	97	125
139	113	160
154	140	150
175	126	156
178	143	185
178	154	186
214	177	194
210	187	189
221	169	183
239	169	189
239	205	238
232	171	224
269	192	244
260	188	224
228	190	212
276	191	245
276	192	232
290	183	260
269	207	232
287	198	244
286	182	257
317	187	244
325	191	259
359	186	257
339	193	277
366	192	242
372	193	309
340	166	262
383	178	311
372	191	324
439	212	329
395	183	301
448	172	299
437	198	333
444	185	348
485	184	335
511	186	319
461	202	380
496	201	343
554	200	373
522	227	401
562	223	371
609	207	395
626	194	438
626	189	394
672	202	441
659	187	453
751	196	471
686	220	480
735	205	471
727	211	471
763	180	520
790	187	523
794	189	523
792	223	544
829	210	596
802	203	591
875	184	589
851	192	612
876	199	609
913	186	668
887	207	701
939	202	691
889	227	689
914	204	689
879	204	694
924	206	719
933	188	739
879	216	768
914	216	844
939	202	826
884	211	865
971	188	910
903	199	865
940	199	941
867	191	989
922	229	978
841	195	1056
864	213	1041
814	199	1065
782	193	1186
824	206	1180
802	190	1170
822	228	1271
802	217	1258
746	234	1398
771	197	1341
772	192	1413
706	183	1486
752	219	1412
740	193	1607
698	211	1625
702	223	1738
711	221	1736
698	185	1798
623	210	1896
639	216	1926
568	214	1963
612	209	2065
631	222	2112
579	207	2222
528	183	2168
586	197	2314
533	211	2424
536	191	2416
524	210	2460
518	203	2610
490	202	2689
492	205	2753
499	196	2802
442	202	2911
505	190	2916
437	184	3080
419	209	2998
416	178	3005
429	204	3282
380	218	3185
392	208	3273
368	221	3260
374	213	3382
387	225	3400
391	219	3503
356	206	3493
356	204	3514
325	223	3648
337	203	3575
357	220	3627
362	196	3577
348	222	3623
362	222	3681
358	210	3702
275	225	3709
354	207	3645
299	206	3617
333	205	3763
303	202	3683
325	205	3612
277	217	3671
302	221	3614
344	210	3700
286	248	3577
310	222	3610
306	212	3463
267	210	3441
287	208	3399
284	217	3350
281	192	3432
279	225	3387
292	184	3261
244	201	3261
234	225	3100
299	208	3102
280	263	3084
257	229	3059
278	241	2923
261	201	2905
274	208	2826
290	197	2856
260	204	2745
279	228	2698
261	206	2504
288	236	2553
260	230	2476
233	186	2421
272	225	2459
292	202	2208
262	202	2232
277	239	2077
259	216	2064
251	206	2141
291	233	2089
281	204	2017
271	208	1932
257	225	1849
280	205	1785
280	218	1751
254	219	1756
272	208	1750
254	229	1614
278	237	1604
280	205	1610
258	221	1608
271	231	1517
274	238	1481
274	243	1412
254	247	1438
262	254	1328
260	230	1294
287	234	1287
279	253	1270
289	247	1263
280	214	1180
296	261	1202
309	231	1145
321	253	1105
263	217	1139
304	233	994
301	228	1046
284	211	1000
302	217	934
265	243	935
295	217	913
255	218	911
304	238	871
306	250	822
300	241	843
317	241	796
271	234	801
279	239	785
315	255	740
292	237	709
289	214	686
321	229	695
290	237	638
303	236	658
304	268	638
319	259	679
275	249	667
311	239	597
289	256	582
305	258	570
304	230	543
303	229	532
284	254	537
299	276	514
315	253	497
309	246	484
295	272	471
313	263	474
284	259	477
352	230	438
332	239	403
297	266	482
314	259	458
307	257	428
312	282	420
318	263	438
341	252	378
300	279	467
360	252	420
309	257	415
313	230	411
361	258	418
339	287	416
320	269	403
355	286	414
312	261	393
295	265	376
357	269	384
350	270	371
349	283	423
312	267	414
361	272	409
351	252	392
346	278	379
303	257	408
348	249	425
322	276	397
333	272	385
387	270	395
353	274	437
333	273	376
350	258	442
376	303	391
334	274	446
344	283	382
366	262	389
368	269	421
365	291	442
357	247	449
342	252	399
328	280	417
360	288	421
358	267	446
390	280	391
364	304	433
402	267	428
345	273	423
353	275	413
364	311	468
375	274	440
392	271	482
367	273	448
381	275	421
400	296	441
384	286	426
361	303	423
367	287	464
371	336	451
357	308	428
374	263	421
426	291	438
380	287	457
375	300	448
441	322	467
426	309	468
370	312	492
362	301	481
400	310	451
390	329	451
429	314	470
382	301	479
405	299	486
423	273	515
375	306	490
395	302	450
425	308	478
390	302	488
386	295	459
410	284	502
422	286	527
381	303	451
411	294	467
394	302	524
449	298	501
387	317	527
452	335	515
405	301	546
433	296	523
403	292	545
411	329	559
424	267	582
413	315	594
425	322	546
428	291	579
416	324	530
433	327	573
427	318	540
424	274	501
424	324	572
410	304	566
425	323	536
469	324	563
445	325	560
476	323	563
444	329	577
413	343	571
445	347	529
455	343	607
434	326	544
377	332	551
446	351	593
461	318	628
454	354	593
462	334	576
480	341	619
475	340	605
478	329	645
466	332	583
441	303	602
429	317	652
436	357	634
487	341	621
476	357	603
470	344	631
458	368	643
430	318	589
531	344	591
468	348	635
468	313	646
479	370	667
504	366	640
458	361	635
449	376	659
514	356	658
449	346	641
457	306	691
457	347	679
478	318	646
504	344	676
490	363	624
454	342	639
487	373	690
501	341	700
502	361	717
486	350	654
484	362	686
469	342	682
511	357	706
503	361	696
525	376	731
464	392	694
490	359	707
524	378	684
473	342	725
475	389	719
512	365	724
496	365	744
478	345	695
520	340	734
530	329	704
517	360	750
536	367	719
484	345	764
453	358	749
512	374	751
535	393	696
528	339	808
493	364	777
512	343	745
468	382	773
511	379	766
534	359	759
488	375	806
549	379	790
496	365	765
511	369	786
506	357	773
527	382	826
513	347	828
501	335	779
487	378	792
468	365	795
541	356	801
533	364	793
557	371	815
529	353	808
542	369	796
464	345	804
510	388	801
567	359	856
525	337	857
569	352	829
543	386	834
515	370	853
487	386	812
504	367	901
550	336	874
516	420	848
544	430	872
546	351	827
489	394	877
556	394	803
513	366	856
547	374	855
493	377	879
550	372	858
552	350	856
510	352	881
529	331	889
503	403	891
543	348	836
528	372	841
549	389	896
484	400	922
529	405	865
536	377	892
560	372	955
542	366	869
558	375	884
531	406	838
529	336	895
523	375	902
559	371	851
532	374	875
506	391	924
545	361	920
534	345	879
539	368	873
563	416	873
522	340	905
518	388	896
514	369	880
508	346	866
564	367	894
524	366	902
533	344	888
547	367	841
544	363	839
515	386	922
577	350	897
536	397	834
548	374	920
553	401	887
535	370	860
567	393	911
564	402	863
520	372	917
500	375	878
560	378	897
548	334	901
501	347	910
559	372	912
538	407	939
513	360	870
570	401	845
560	391	823
517	393	830
537	400	846
516	402	864
554	354	897
609	373	885
550	319	910
600	404	858
534	366	863
534	340	825
514	367	860
537	390	859
576	406	863
562	387	849
557	328	854
607	396	907
519	370	856
578	416	855
520	359	828
553	352	888
543	367	841
557	392	832
539	400	884
522	367	888
556	389	865
597	393	883
570	363	818
522	378	876
570	418	842
566	360	859
573	378	854
586	367	847
549	364	844
587	412	870
550	413	792
548	350	841
562	393	786
576	340	842
617	370	822
539	382	813
553	369	867
528	400	832
547	401	821
569	365	825
542	429	821
540	372	834
546	349	835
582	396	793
568	404	846
582	406	842
570	422	793
571	365	860
527	379	829
548	374	805
516	385	777
567	373	807
604	364	828
550	382	883
577	375	833
578	364	846
567	403	838
601	380	855
577	361	833
612	410	828
572	363	777
546	377	846
583	365	844
576	417	759
550	375	836
603	391	800
581	391	838
563	385	834
574	356	793
581	382	863
554	392	837
559	354	793
554	386	872
566	347	785
573	409	818
598	408	833
552	393	848
586	389	816
577	371	831
567	391	851
555	360	848
567	377	827
545	373	846
605	405	852
556	391	821
544	391	845
585	392	882
560	398	878
617	381	857
526	383	858
620	382	886
570	364	886
569	376	800
562	397	825
538	424	842
584	354	847
562	352	913
586	373	893
579	366	923
538	342	885
595	363	870
522	383	843
555	394	911
573	412	943
600	389	921
580	385	827
580	376	890
571	371	890
561	355	928
551	388	908
569	387	939
609	364	916
525	316	971
578	401	968
577	351	1019
578	399	920
562	365	996
589	371	947
594	378	1006
624	357	1007
592	373	974
612	365	983
586	368	996
610	382	986
579	368	1056
600	361	1031
573	360	1041
614	377	1040
585	339	1055
597	368	1046
597	340	1104
563	385	1096
576	375	1038
584	379	1069
546	380	1088
562	362	1180
586	353	1145
556	396	1154
600	374	1172
590	368	1166
605	397	1294
624	373	1202
609	378	1247
567	355	1224
583	404	1234
592	377	1185
592	378	1259
624	392	1213
589	342	1271
597	386	1223
578	331	1366
587	352	1305
550	362	1283
589	328	1324
603	389	1418
614	376	1384
592	389	1422
593	358	1381
585	359	1420
612	377	1454
607	359	1434
555	383	1498
584	345	1511
584	364	1492
611	379	1488
606	369	1472
583	410	1566
624	364	1475
570	373	1598
620	367	1565
587	347	1526
603	415	1620
630	400	1677
577	375	1622
597	357	1607
569	375	1675
588	359	1687
587	371	1659
567	369	1651
565	381	1693
615	384	1637
626	392	1678
630	382	1707
583	326	1746
598	392	1697
636	373	1721
557	348	1718
608	375	1844
613	363	1658
622	390	1770
585	410	1778
631	342	1810
542	368	1785
576	362	1753
615	370	1817
568	381	1783
566	362	1791
606	407	1858
558	400	1757
599	372	1772
549	404	1840
600	362	1782
555	386	1895
607	394	1693
583	351	1817
640	322	1796
621	377	1809
587	358	1805
637	363	1828
594	377	1786
591	372	1832
600	376	1809
553	371	1822
585	352	1869
604	373	1761
638	369	1758
593	372	1825
601	360	1714
588	374	1820
607	349	1736
579	374	1700
598	389	1824
563	395	1795
618	383	1702
601	397	1801
628	382	1709
599	368	1727
571	363	1690
535	362	1646
530	363	1660
612	375	1711
556	411	1691
580	375	1642
574	361	1661
573	366	1616
584	416	1574
570	378	1634
597	380	1609
604	375	1566
593	373	1604
583	376	1491
596	338	1592
577	343	1528
557	390	1560
576	368	1553
587	348	1457
578	329	1438
590	360	1446
589	383	1393
578	398	1356
585	411	1409
555	384	1401
578	409	1339
603	363	1398
598	354	1370
606	392	1362
587	389	1305
625	382	1284
597	390	1238
537	354	1287
585	402	1307
594	367	1281
562	385	1241
592	368	1212
560	349	1261
604	393	1170
546	367	1139
575	388	1177
616	357	1144
564	358	1124
547	386	1143
580	389	1066
530	335	1120
584	385	1074
584	354	1073
588	374	1047
620	367	1016
643	350	1036
600	370	1007
608	360	1005
567	375	982
574	393	963
529	405	902
606	347	937
572	380	947
579	409	905
525	358	921
579	350	863
599	376	871
574	360	925
612	367	866
577	367	806
533	366	810
571	381	792
546	344	879
568	350	849
537	344	805
556	362	806
548	360	807
619	372	803
597	368	715
582	367	789
527	370	778
592	371	756
565	408	714
505	371	743
584	371	724
554	374	695
588	346	690
596	352	683
597	388	639
543	387	679
543	339	651
535	365	637
591	367	649
592	356	680
581	334	663
585	370	692
550	384	601
530	398	618
562	380	620
569	395	648
566	367	643
570	362	647
553	384	629
546	338	603
556	354	629
527	387	638
541	371	582
580	361	610
613	407	607
537	371	619
591	364	636
585	375	624
532	358	576
559	373	597
540	401	610
597	368	551
555	386	603
598	403	627
614	354	574
551	398	594
582	401	585
586	335	585
567	349	576
591	384	557
568	354	589
573	353	603
565	394	593
525	381	595
588	346	562
573	371	583
554	384	537
541	348	593
530	372	534
570	353	547
582	387	573
527	359	603
556	361	559
570	334	565
569	372	554
560	369	618
537	364	553
542	364	621
553	353	572
522	355	545
524	349	572
561	350	573
577	343	602
573	359	554
532	364	579
565	368	563
571	387	516
541	316	562
520	366	539
545	365	571
534	363	592
572	343	592
528	370	574
577	341	559
576	358	505
571	359	532
564	356	564
521	316	580
524	370	537
555	346	524
587	372	541
513	282	496
561	366	578
506	336	571
565	348	555
560	306	540
502	321	537
560	351	567
545	339	508
536	342	557
510	356	522
542	366	557
552	377	535
575	378	552
570	332	531
551	331	559
568	346	568
553	363	547
581	375	504
567	362	506
562	350	548
521	331	586
546	350	570
526	344	545
577	340	561
579	344	574
558	331	546
522	360	534
607	344	560
555	316	560
554	352	524
557	373	572
528	373	566
542	357	556
522	374	562
549	352	578
553	366	550
573	329	557
597	329	562
544	315	529
549	356	538
536	361	552
518	351	524
563	349	536
603	346	564
567	346	535
548	353	564
606	335	525
572	327	513
528	358	536
581	361	559
557	349	544
573	335	527
518	358	542
495	356	531
557	341	551
555	338	547
534	332	514
505	342	509
556	326	493
592	346	529
544	349	513
557	343	547
549	343	555
562	350	508
577	338	507
572	347	536
527	360	508
542	333	497
579	348	524
522	326	524
582	352	510
559	319	517
573	337	502
548	338	505
540	342	515
583	340	482
566	351	499
622	326	550
541	360	498
543	342	543
571	362	542
552	350	500
538	365	474
534	361	521
576	361	491
540	340	485
607	315	541
579	356	507
588	329	489
585	311	499
568	352	466
540	332	506
531	376	532
540	351	485
530	327	498
567	346	514
554	346	502
594	306	491
562	304	499
566	343	525
574	311	505
569	361	491
531	330	451
555	297	492
602	323	519
542	332	476
549	303	518
583	317	516
554	351	491
556	332	506
526	335	493
565	334	509
576	332	510
575	305	514
596	365	451
614	313	497
591	339	469
561	332	475
557	312	441
563	314	435
571	316	508
564	343	469
612	358	492
544	326	469
563	318	472
607	328	453
588	325	445
536	341	466
544	311	466
542	325	473
574	332	452
554	317	465
600	332	462
578	365	472
606	343	472
576	330	437
607	345	513
589	336	428
591	342	459
636	351	417
586	343	458
579	361	444
596	321	521
623	316	455
606	336	429
609	328	471
566	323	485
646	316	458
623	325	477
626	322	472
648	345	459
699	352	461
593	307	441
593	330	461
614	343	465
588	303	441
636	315	450
628	304	452
580	318	449
645	338	460
612	340	455
638	333	446
622	304	440
595	301	455
628	316	492
610	299	441
574	305	463
625	317	456
633	336	399
607	315	453
634	305	474
576	322	427
630	327	429
653	317	422
631	352	471
628	311	470
656	328	449
657	335	461
602	308	469
566	311	461
645	368	447
637	355	469
575	347	463
667	337	526
654	306	441
608	317	454
655	344	475
645	327	426
638	340	442
618	336	494
660	370	450
660	312	451
625	303	436
699	306	428
624	336	445
646	333	437
656	339	408
617	335	441
637	312	441
662	315	456
626	313	452
677	318	421
642	280	425
644	332	466
654	341	423
697	352	503
652	326	440
617	339	471
655	321	438
658	309	458
690	331	489
707	317	458
714	351	459
680	331	455
647	314	426
678	323	427
695	304	395
692	345	466
659	320	420
671	309	417
676	324	422
667	302	419
711	320	459
686	320	426
682	316	419
703	312	422
679	320	397
712	327	422
665	354	384
693	311	404
636	311	437
670	326	423
702	342	451
689	279	410
684	335	422
685	329	441
682	360	425
746	309	415
714	323	463
684	335	450
713	325	405
755	318	434
691	321	435
700	325	437
702	333	434
742	319	421
766	309	404
695	302	419
723	343	411
701	303	437
696	313	443
685	339	405
749	346	429
687	327	425
680	330	435
737	314	457
712	296	448
689	323	413
725	296	409
692	304	405
713	311	384
679	327	404
740	315	410
737	329	421
709	327	422
676	325	420
702	300	475
701	341	419
732	319	447
701	333	444
683	313	425
678	304	424
702	294	426
741	338	429
692	313	442
693	325	422
653	316	388
712	337	438
700	299	454
671	332	414
724	314	424
704	298	435
681	315	377
695	314	393
691	307	406
676	333	413
662	361	414
711	359	399
680	356	435
701	321	397
714	320	421
679	354	415
691	345	411
692	347	438
735	326	415
666	329	419
696	312	462
696	316	409
724	288	412
621	338	436
685	323	421
679	330	480
647	317	438
680	342	426
683	348	428
693	350	424
717	309	400
661	328	419
676	302	424
682	320	416
654	345	395
728	304	415
682	327	408
645	301	403
682	332	409
643	325	438
724	308	442
677	325	409
617	342	431
677	360	407
638	329	414
606	366	410
696	330	423
655	350	402
695	354	412
642	326	455
630	312	386
645	332	438
616	329	416
645	316	413
649	306	423
686	340	446
694	319	405
635	368	395
645	313	414
654	303	399
645	330	404
616	354	403
666	285	452
588	337	419
633	341	404
616	345	445
583	334	455
641	339	394
591	350	432
599	363	432
608	345	426
627	328	439
623	346	415
619	376	409
620	339	466
599	386	439
602	314	414
665	312	415
637	313	421
581	347	426
616	360	434
606	353	424
571	344	395
627	335	401
564	336	391
624	332	433
595	376	427
603	327	408
612	363	431
582	358	462
581	332	407
633	378	388
648	387	406
586	372	401
551	345	398
637	373	435
546	332	424
602	364	409
580	356	394
624	339	448
608	331	374
551	358	393
599	362	435
580	359	429
580	344	394
567	420	413
570	378	379
550	398	412
570	357	403
558	316	459
556	347	415
579	368	428
523	365	408
556	395	420
585	356	398
545	378	425
543	359	412
549	375	411
588	375	417
497	354	388
550	376	409
560	388	384
543	362	435
528	387	398
528	342	419
538	339	404
531	343	380
565	358	455
526	365	429
510	390	466
518	400	449
531	412	413
550	355	456
521	367	450
547	331	409
494	378	434
513	379	447
510	382	434
507	375	414
502	379	407
530	371	413
523	412	390
504	338	419
577	375	441
512	402	400
506	359	376
515	387	405
446	362	390
483	381	394
516	395	364
537	379	414
485	377	416
482	380	409
510	401	374
474	384	405
506	388	420
489	383	398
480	382	404
517	376	460
493	387	413
484	369	403
464	387	397
493	352	425
488	364	422
527	345	420
487	374	394
488	362	395
469	353	410
490	389	373
496	411	362
451	394	405
454	373	421
483	371	394
506	396	407
498	421	400
495	407	395
461	389	413
499	366	413
486	420	380
517	377	397
497	348	405
517	374	384
486	431	419
483	366	415
468	394	407
466	379	415
474	379	409
494	378	351
489	370	407
458	387	404
476	377	424
455	376	389
459	383	394
470	367	379
494	352	402
471	379	454
464	413	406
448	419	404
493	386	380
446	398	371
458	408	383
478	396	385
485	404	394
462	369	379
482	409	403
451	375	401
452	408	424
475	379	427
477	391	396
448	384	421
460	353	404
427	399	431
449	436	373
396	372	389
499	385	420
439	401	420
466	361	372
420	366	383
483	387	412
454	378	411
456	380	403
432	374	360
444	387	415
417	376	415
474	387	400
477	361	397
465	385	408
437	396	401
451	384	437
422	367	403
466	414	397
423	392	408
445	374	407
448	376	409
433	407	371
399	408	447
453	397	399
461	380	413
458	382	413
424	383	427
449	407	427
430	389	389
470	389	411
423	399	397
438	366	433
436	386	395
470	378	397
431	407	441
455	394	399
409	369	409
435	377	379
458	363	381
450	392	426
408	412	429
409	369	405
428	372	390
442	366	432
431	377	409
443	368	398
471	362	440
426	349	421
401	369	426
422	432	415
415	404	420
410	358	387
414	385	403
454	406	450
417	393	405
381	381	408
459	352	432
414	391	426
443	392	426
451	358	423
416	377	429
394	365	448
438	404	398
414	356	429
419	385	396
407	366	475
425	383	454
415	371	435
433	363	415
424	384	443
376	365	434
413	395	447
435	372	460
423	357	446
422	381	406
420	340	441
405	376	422
435	359	439
429	381	408
411	375	426
440	375	430
430	372	463
418	351	418
437	393	437
403	372	446
423	384	445
421	350	421
410	389	429
420	369	450
423	354	460
435	367	442
379	348	421
416	346	484
396	379	435
436	354	457
415	361	482
426	381	447
436	386	442
398	334	431
424	361	455
406	346	448
429	399	467
426	349	444
440	352	426
422	372	456
431	361	463
401	342	454
400	328	473
415	373	452
398	369	486
431	411	481
414	349	456
440	374	442
414	349	470
461	363	474
436	353	462
411	374	478
415	377	471
420	365	463
421	346	457
420	381	479
449	390	419
376	371	498
434	345	483
360	341	464
410	346	463
418	344	426
371	365	475
419	316	458
411	379	467
374	345	490
399	386	471
393	322	432
388	351	448
410	334	459
401	350	423
430	367	460
402	370	471
388	334	486
424	375	454
394	363	471
397	370	466
404	396	471
402	356	438
406	349	435
384	357	432
425	401	483
442	366	478
397	351	459
431	319	533
386	386	476
377	349	485
430	310	452
384	350	470
362	386	423
422	365	415
433	318	439
379	342	446
385	342	453
424	369	394
381	325	435
393	344	438
429	349	479
393	327	432
421	339	438
411	310	445
429	324	501
393	351	445
440	359	437
409	335	397
388	357	434
383	350	457
361	316	417
406	378	426
361	357	429
403	339	400
385	370	443
374	351	438
412	359	457
394	346	421
370	328	391
422	350	402
402	370	440
394	339	406
400	360	397
435	341	442
399	368	413
375	333	444
389	323	427
364	374	395
403	368	411
392	320	385
409	330	460
395	329	375
398	334	399
411	314	403
375	343	400
397	335	376
393	311	421
386	306	373
391	351	398
386	363	385
396	337	415
396	364	413
410	370	371
381	330	409
406	331	377
380	350	404
357	339	415
384	353	388
411	324	394
353	377	410
409	306	362
373	340	363
378	337	372
391	314	360
398	360	379
387	340	414
367	344	365
401	362	362
406	307	358
401	321	352
411	332	397
409	356	383
398	318	375
378	315	341
396	304	377
394	321	343
387	318	359
405	326	355
377	325	335
398	310	351
377	343	368
376	335	351
363	322	331
391	346	344
408	330	343
331	311	309
359	331	306
346	333	313
407	290	356
385	319	358
377	314	336
342	339	342
392	348	325
386	314	307
380	326	320
401	341	295
384	314	351
360	294	344
339	334	298
397	347	321
387	325	295
385	308	344
393	310	312
365	333	315
387	325	296
397	306	312
355	319	328
343	313	291
389	310	284
367	331	309
364	342	332
342	342	328
350	340	318
378	314	293
366	307	295
358	304	305
380	365	289
409	304	279
379	324	265
371	327	265
364	313	298
383	312	315
378	317	259
391	324	272
364	362	264
384	306	280
369	325	269
366	289	276
372	303	271
396	315	273
383	354	292
371	280	264
352	302	263
368	303	274
386	301	256
341	314	258
351	317	292
346	301	283
356	308	268
379	300	243
387	330	261
353	298	265
365	317	252
400	327	249
386	338	277
361	352	251
368	324	266
371	310	245
374	318	263
365	288	263
375	304	254
333	305	247
388	333	256
329	317	265
365	297	248
357	325	263
346	353	218
383	289	221
338	335	252
382	311	230
351	318	257
366	303	227
379	288	212
362	311	230
366	349	252
368	317	247
379	298	212
355	329	227
370	332	238
392	288	229
342	320	248
338	340	223
362	290	216
352	298	218
350	305	219
334	298	220
356	299	228
325	316	250
329	321	218
362	296	227
364	337	231
367	290	211
343	299	250
346	322	221
312	289	222
361	327	224
362	300	220
353	309	213
357	322	230
371	296	196
363	347	219
381	311	205
337	296	222
367	309	210
356	328	202
324	320	232
373	319	238
342	276	214
321	308	223
321	299	224
343	300	216
327	336	217
378	304	205
333	316	233
340	304	240
371	322	205
363	289	228
343	285	207
380	300	204
336	302	201
364	334	233
349	280	216
344	289	230
347	276	211
343	295	210
337	297	209
339	320	203
350	316	208
336	334	219
371	299	213
343	315	219
341	298	188
389	300	192
375	293	204
360	323	199
324	296	207
363	273	198
329	297	222
326	313	182
365	315	217
358	306	204
366	306	200
335	307	206
363	303	189
332	317	179
367	313	188
339	284	201
349	292	206
359	324	190
360	322	201
366	322	204
335	299	222
371	302	218
329	297	216
354	322	216
367	293	187
338	304	225
334	295	206
341	292	186
317	287	223
348	296	200
361	278	196
344	306	200
352	274	176
365	302	206
371	284	207
353	292	217
351	276	185
340	296	190
331	299	202
365	283	230
339	283	211
346	302	197
339	313	185
355	316	208
306	286	216
333	261	187
300	303	168
305	291	215
332	306	175
349	271	186
338	317	191
360	310	229
335	289	220
315	299	183
330	275	196
298	283	194
318	277	200
322	275	208
341	309	206
305	311	195
344	303	208
334	280	227
338	276	207
349	289	203
352	311	198
309	293	205
347	282	201
332	311	176
339	290	191
330	295	181
350	295	205
344	256	193
334	286	208
303	291	207
340	290	178
334	264	201
341	276	191
379	291	215
304	304	176
324	295	208
326	319	212
302	293	198
329	307	212
326	310	218
331	296	226
328	277	213
309	301	175
328	273	184
359	288	205
334	282	186
350	291	174
313	300	209
339	276	194
296	254	197
303	241	195
319	291	220
308	265	214
354	292	170
341	269	199
351	330	179
303	245	185
326	273	172
317	312	194
290	271	210
356	267	190
315	304	225
314	266	221
311	269	198
297	332	203
317	286	188
326	273	208
325	308	174
327	280	193
338	286	175
315	270	215
288	281	205
325	243	217
347	285	199
297	279	175
329	293	181
306	291	186
343	273	178
328	304	183
356	282	184
301	278	203
324	282	185
307	262	181
338	297	201
315	287	198
316	299	188
277	242	174
319	279	205
332	292	195
318	312	198
321	285	195
345	283	200
298	287	199
345	267	187
317	276	203
306	273	197
299	263	191
307	288	175
316	285	179
311	272	198
329	326	194
330	262	201
340	272	174
299	265	186
324	266	199
309	268	204
317	300	173
317	277	167
292	248	193
312	273	153
316	253	200
313	314	195
334	315	158
297	262	196
274	260	170
318	303	164
303	286	176
288	258	201
330	306	188
320	295	194
297	236	199
347	278	200
298	293	190
298	296	191
321	289	185
311	304	189
323	251	180
313	295	219
275	267	201
295	266	188
313	308	185
319	279	183
327	291	165
300	273	192
285	275	196
315	279	185
301	272	179
327	274	197
306	271	172
308	268	193
325	236	197
336	318	197
277	296	186
313	278	187
284	256	205
304	279	202
292	260	195
341	249	198
291	271	188
285	256	209
284	267	200
289	302	209
303	254	202
308	266	202
318	285	180
290	282	185
278	265	190
300	265	183
300	272	218
295	262	175
312	256	188
294	290	197
294	264	167
310	276	216
317	250	197
275	280	194
325	275	206
303	249	214
300	254	215
274	248	189
301	263	200
284	292	186
302	266	185
279	258	219
284	267	184
298	282	215
269	286	200
311	259	201
297	282	204
304	263	213
303	252	198
279	253	194
291	260	218
291	257	211
318	251	197
293	290	209
304	286	191
289	236	217
285	250	232
285	229	216
255	267	213
301	232	236
295	274	176
314	268	211
288	257	240
313	248	227
261	265	221
269	247	229
298	263	212
275	258	216
295	252	208
272	252	203
285	261	216
285	273	265
311	262	222
286	250	254
272	272	239
283	266	208
298	240	250
283	237	236
296	275	203
321	262	221
297	234	209
299	275	242
266	253	251
273	271	237
288	231	264
290	268	264
278	250	209
286	287	234
281	267	242
291	239	224
313	272	262
278	253	247
311	279	244
282	286	253
311	241	224
262	266	247
291	289	248
286	244	288
283	251	269
316	237	266
289	257	256
295	272	302
277	284	273
245	246	247
306	245	262
275	274	261
266	285	270
276	234	257
300	242	268
292	238	281
265	250	244
295	236	278
270	264	285
269	236	280
305	231	270
285	222	299
255	227	301
277	273	279
257	271	269
268	244	282
299	269	290
275	242	281
280	261	293
266	251	300
291	246	308
283	265	306
291	251	343
263	245	327
290	231	305
277	266	312
289	220	338
281	219	298
258	248	333
317	269	302
292	276	357
280	244	329
308	240	316
303	221	341
278	244	291
265	219	361
298	233	374
280	258	325
305	226	335
249	232	360
258	216	325
262	240	357
316	251	346
279	258	313
282	225	343
263	247	391
277	242	355
268	231	413
278	239	355
302	226	385
265	246	365
303	257	368
261	229	355
284	258	404
261	221	373
231	230	419
259	242	379
256	265	410
284	266	388
263	233	400
287	255	402
262	226	388
258	273	425
271	229	415
304	242	422
295	233	437
269	267	449
293	228	429
237	206	433
295	253	415
263	214	405
289	239	443
239	233	425
254	233	448
269	225	410
294	230	459
284	231	440
278	259	436
275	227	437
254	246	448
272	225	443
237	232	483
269	238	466
268	238	434
252	232	459
268	233	464
266	246	480
265	246	486
270	246	429
275	230	503
264	274	467
288	241	476
273	224	478
236	239	437
296	228	478
250	211	495
319	223	489
264	243	488
260	225	474
274	219	523
273	235	518
288	205	515
268	230	498
253	190	509
281	239	541
287	267	498
245	228	499
270	232	499
263	249	489
261	256	521
253	241	480
256	215	500
283	237	508
274	232	534
268	228	512
265	234	532
251	219	551
271	239	510
262	236	498
233	239	523
281	230	523
245	224	538
298	229	552
292	256	528
245	239	560
293	246	527
261	233	553
280	235	549
259	244	520
274	215	562
249	252	587
274	262	568
251	232	532
272	215	551
271	233	551
261	202	547
264	237	544
285	241	563
258	220	553
284	234	568
292	257	600
247	232	539
245	256	532
254	215	533
262	240	556
264	224	564
262	228	570
243	203	537
247	222	567
258	219	555
290	219	567
270	212	531
242	235	542
266	215	570
226	228	539
251	204	538
276	230	563
260	225	599
284	221	569
254	245	542
253	224	616
255	240	500
264	201	578
290	225	556
240	210	534
237	241	557
277	257	579
278	231	525
274	215	613
255	213	556
245	220	538
257	251	569
261	236	587
272	233	572
244	219	580
231	227	556
268	233	607
246	237	574
291	212	589
279	223	559
268	216	581
253	205	568
254	197	548
235	219	576
257	260	536
285	211	550
252	210	541
282	223	614
250	234	576
247	214	553
234	236	587
302	247	544
238	214	574
253	221	579
266	212	536
247	218	547
245	235	511
249	255	554
244	238	519
247	202	565
272	226	523
241	237	528
242	211	502
255	243	510
268	231	547
265	203	548
250	218	565
251	221	616
256	221	548
281	220	559
294	223	487
226	212	534
261	236	580
270	234	531
260	221	564
256	215	501
285	206	515
249	225	520
243	242	480
232	219	541
281	221	578
304	232	487
287	216	495
245	233	546
266	209	511
273	225	472
259	237	511
254	205	445
263	229	515
253	231	496
259	204	484
244	219	484
248	193	506
267	214	501
248	204	527
258	211	445
257	243	547
245	201	475
254	232	491
239	198	502
231	203	447
247	225	488
253	224	488
271	197	423
254	206	469
227	209	477
252	210	446
253	200	475
275	221	493
241	211	429
264	209	427
268	213	438
278	214	435
251	235	454
235	216	423
274	211	452
232	193	449
244	196	402
260	193	432
277	208	436
235	213	416
254	199	407
248	196	390
265	230	388
258	213	415
266	216	407
261	199	389
241	197	383
264	207	399
248	208	407
259	218	378
252	191	344
252	216	402
266	210	381
269	206	389
262	222	356
251	203	343
242	207	399
268	190	343
246	231	363
287	219	354
247	195	374
243	195	347
274	232	342
279	203	356
281	242	366
231	216	317
233	205	345
261	227	329
233	200	377
246	216	323
248	211	291
232	221	315
282	203	311
234	201	310
258	214	359
254	209	308
229	216	329
240	219	327
259	203	282
262	211	285
223	195	310
245	224	298
274	207	291
239	200	321
244	221	286
268	193	289
255	204	283
268	198	319
229	210	268
273	180	278
243	175	306
273	217	267
227	224	267
268	191	299
255	210	281
232	204	280
263	216	228
270	188	276
303	222	257
256	207	272
247	226	259
249	212	238
266	206	259
225	205	263
264	216	236
260	200	236
246	207	252
243	193	251
241	190	206
240	206	222
252	213	227
269	206	222
233	186	228
234	200	225
243	205	239
245	201	262
255	210	219
256	200	230
255	188	208
268	232	205
261	187	213
257	209	231
230	215	225
262	213	233
245	191	212
241	207	197
243	225	202
257	182	204
243	186	215
266	187	226
250	194	187
248	197	182
241	212	206
275	188	182
240	214	188
245	185	187
237	209	218
250	214	199
262	184	176
239	234	188
265	207	188
251	179	150
247	229	202
227	192	202
265	208	190
273	222	206
244	187	187
276	204	162
257	222	189
261	196	167
237	216	154
235	169	169
240	186	186
245	188	147
277	187	166
229	210	168
232	185	154
230	206	152
255	204	155
232	201	147
244	188	178
250	185	183
248	220	170
214	186	154
239	180	184
211	212	134
269	203	157
236	218	152
233	191	168
242	214	153
248	184	145
248	201	142
256	198	178
241	197	148
226	238	126
256	230	163
283	197	150
258	181	154
259	219	144
281	170	122
260	181	146
233	209	158
251	204	142
221	203	148
258	192	156
276	185	143
259	197	131
240	206	160
250	212	150
274	194	164
223	183	137
213	195	140
262	177	135
257	214	157
240	177	158
246	206	116
254	212	135
254	197	130
246	164	124
265	196	123
229	193	136
267	194	136
212	173	136
248	198	134
243	171	119
250	209	133
225	191	146
253	193	115
274	190	122
232	175	117
237	171	156
229	189	115
255	185	131
254	177	137
256	209	135
268	204	119
245	205	131
252	196	112
249	193	120
227	183	111
257	191	137
242	186	110
235	201	147
246	183	117
221	191	136
222	193	120
264	223	104
243	214	132
269	176	121
264	209	126
246	189	125
242	200	128
279	176	132
262	196	121
249	189	118
260	163	129
245	198	134
237	208	110
260	183	115
218	214	126
259	193	127
238	192	125
262	206	125
258	190	125
245	187	112
245	160	127
273	186	107
244	183	132
240	181	115
231	204	121
236	162	152
261	209	137
247	187	121
242	178	145
211	175	134
269	182	124
251	208	160
239	195	110
250	200	119
244	225	120
247	197	102
263	182	97
261	199	139
254	190	110
263	186	96
255	179	121
254	194	111
265	187	110
241	204	113
215	199	131
258	196	110
222	176	124
255	184	136
240	194	109
237	186	127
236	184	135
245	162	139
267	206	121
269	169	121
254	186	108
253	187	116
275	182	122
228	200	114
243	188	126
233	206	111
261	210	125
261	184	93
258	168	129
281	181	125
248	177	123
236	188	118
248	161	128
276	199	121
252	180	122
257	169	112
247	185	133
261	178	129
250	184	128
244	177	132
236	182	116
235	179	112
234	187	120
248	185	107
254	183	117
240	191	136
231	192	117
257	190	110
236	188	127
246	174	142
246	145	110
255	180	109
228	198	124
245	170	124
232	174	127
271	186	110
232	195	115
258	203	140
213	181	122
232	168	132
230	208	110
266	186	125
267	194	116
237	194	118
237	187	117
262	204	120
256	183	118
238	160	112
235	194	111
261	175	141
270	172	116
246	202	128
242	180	121
244	172	118
217	149	98
240	198	137
251	183	141
222	176	102
255	173	132
251	178	114
235	163	114
254	190	139
252	188	116
247	192	137
226	179	128
253	168	129
243	174	128
221	194	135
244	197	122
228	183	113
220	188	114
251	188	133
263	189	131
247	153	140
255	180	108
239	194	125
234	173	117
255	197	128
234	183	110
254	179	121
214	170	111
217	188	136
249	222	133
239	188	149
224	200	161
252	178	128
274	180	143
246	180	139
253	169	142
251	189	128
246	167	136
255	176	126
249	169	144
263	176	126
230	185	129
231	171	114
271	182	121
231	188	138
247	170	151
238	174	148
244	183	139
245	174	155
243	174	131
285	176	128
214	188	125
227	177	132
268	181	139
233	180	125
225	174	131
258	179	110
242	181	119
235	192	117
272	186	125
261	202	137
239	196	111
255	170	127
266	177	135
262	186	117
237	167	130
229	204	136
247	191	99
242	197	145
264	183	130
243	189	121
271	200	131
260	194	142
246	182	143
255	181	136
253	203	141
242	185	138
239	184	123
286	176	139
239	178	127
243	187	120
308	177	147
244	178	130
242	181	143
245	199	132
255	155	124
240	176	130
268	181	124
239	173	113
261	167	137
249	169	127
229	169	124
246	181	120
263	176	117
231	215	146
235	156	120
251	191	143
255	185	124
258	160	127
252	186	124
230	163	141
258	143	134
250	187	122
276	174	130
242	187	135
251	161	136
252	206	123
259	169	113
245	186	134
247	207	134
231	168	112
267	181	134
263	178	110
256	189	119
267	161	145
252	178	116
230	198	108
248	192	116
256	192	133
245	177	121
232	178	140
253	160	114
239	167	108
251	188	139
243	153	128
251	178	117
272	158	123
229	158	122
252	185	123
244	175	127
245	187	138
243	179	137
268	183	149
267	166	124
242	192	131
244	186	134
256	163	130
217	189	123
251	202	125
265	176	127
234	164	136
218	170	144
260	171	132
241	178	133
250	174	132
205	175	128
253	166	127
247	168	137
244	159	130
269	171	137
252	171	127
226	169	126
250	155	121
238	170	117
256	183	130
234	175	145
234	177	124
219	202	134
241	200	131
270	162	128
251	187	162
244	180	132
251	194	117
213	195	152
270	163	135
263	170	130
246	177	134
219	177	131
235	183	153
258	176	121
235	186	135
250	162	146
226	177	122
244	180	124
263	177	144
224	177	127
258	182	129
255	176	126
236	163	128
262	160	134
239	170	131
238	145	116
235	178	133
251	176	116
263	208	123
259	167	122
257	153	137
235	177	132
229	159	113
235	163	138
255	188	118
240	170	131
240	171	142
241	186	134
225	171	128
252	173	110
256	170	143
215	157	133
264	190	132
222	164	148
232	180	154
223	154	132
238	197	133
265	179	134
223	178	121
230	168	133
254	172	107
263	197	125
247	186	130
257	195	134
243	195	132
252	166	135
256	172	124
234	178	128
259	188	130
229	166	117
216	173	145
231	164	141
227	149	132
228	189	113
240	167	154
260	191	112
242	193	127
247	180	131
249	166	115
236	183	138
227	179	137
231	173	138
211	171	115
225	172	128
236	159	151
241	189	148
222	178	111
224	180	126
241	190	126
215	160	135
202	196	130
253	171	113
211	195	108
248	177	122
218	179	119
223	166	123
219	185	131
212	187	107
230	201	131
244	182	126
268	169	121
256	172	126
213	156	129
249	156	127
215	167	147
215	161	132
240	187	123
252	176	118
207	176	134
196	180	114
230	173	132
211	178	110
229	154	127
227	191	136
229	149	105
226	174	124
252	162	134
222	164	137
228	170	108
209	184	142
221	179	132
227	179	122
246	163	122
206	159	124
238	152	146
220	180	120
226	179	123
226	177	116
224	172	116
206	157	132
214	182	113
230	164	122
240	161	139
202	161	122
217	199	125
222	171	115
215	175	116
247	172	105
251	175	138
259	183	103
228	166	121
200	158	114
215	174	110
220	178	124
203	167	127
218	188	137
204	188	123
219	185	127
194	186	136
242	183	109
232	178	119
196	191	132
197	197	123
224	146	118
193	184	126
200	173	112
207	181	109
196	161	132
200	160	123
210	165	114
175	186	102
209	182	118
196	165	113
221	181	136
212	195	112
232	143	128
207	168	120
199	178	114
184	157	122
196	171	117
218	182	104
191	178	99
225	174	117
194	160	107
197	184	126
206	163	119
222	183	114
236	150	114
191	182	114
188	157	112
198	180	124
188	183	111
217	152	118
205	186	105
215	175	113
193	192	116
188	178	110
197	185	119
225	197	109
205	141	115
197	169	121
192	176	137
186	176	110
195	179	120
198	156	97
219	203	126
203	156	93
180	180	111
185	185	114
190	180	101
189	190	104
195	162	112
178	171	132
211	197	124
214	177	120
193	179	134
201	175	104
187	151	115
174	165	121
205	175	112
208	175	111
197	160	106
166	171	104
199	163	105
204	176	113
197	166	106
191	178	106
186	189	110
185	168	121
189	193	113
171	188	93
184	167	105
191	156	102
183	172	98
182	151	116
187	166	96
193	165	118
168	197	106
157	174	107
175	173	115
197	164	81
167	159	98
177	151	94
164	160	103
197	162	97
157	185	99
168	196	96
150	184	100
197	157	89
200	170	108
181	175	102
195	182	108
167	171	90
183	171	104
154	165	108
162	168	99
173	155	105
172	176	123
162	171	104
155	169	112
184	190	87
178	174	117
182	159	105
166	185	102
161	172	99
150	164	88
188	179	93
179	171	117
168	170	95
174	184	113
147	161	99
160	174	95
157	169	86
152	172	111
154	160	87
170	156	95
154	175	110
184	161	85
184	173	96
177	184	98
168	176	99
143	168	86
153	165	91
157	176	114
162	161	85
133	188	86
126	178	103
158	170	101
161	148	103
151	199	107
159	169	101
150	176	87
142	179	78
144	188	95
130	168	101
171	175	96
137	177	93
160	177	96
145	185	107
157	192	93
185	175	98
138	172	101
158	191	91
138	148	105
155	174	110
141	164	92
165	163	86
158	174	74
162	178	83
171	183	83
135	196	89
134	195	111
158	176	89
142	182	91
149	157	93
123	170	100
143	195	87
158	158	97
157	192	92
135	170	85
139	183	98
129	178	72
140	175	73
126	147	101
140	165	78
141	155	102
132	170	92
124	163	86
124	176	74
126	147	78
127	185	87
131	178	93
126	160	90
138	165	87
149	179	90
133	178	83
135	191	88
120	166	118
125	161	85
131	181	92
139	161	90
138	166	88
115	162	92
125	155	82
122	186	81
121	175	91
142	156	83
135	163	104
113	148	95
144	145	87
149	180	108
106	185	89
131	190	86
128	170	89
131	182	77
130	162	94
126	152	82
127	194	80
127	190	95
123	148	96
120	183	99
134	187	85
124	170	76
108	173	86
131	156	71
137	165	85
131	168	87
122	178	91
121	179	73
97	168	67
122	174	77
109	170	86
118	165	83
129	201	88
111	171	95
121	179	82
134	156	87
113	167	91
128	190	82
111	191	84
117	149	82
117	152	92
96	176	98
95	163	101
108	162	89
118	172	91
120	166	97
111	153	82
110	169	84
114	151	82
122	182	82
111	168	77
115	171	85
110	166	97
120	167	70
123	164	78
128	156	71
112	147	87
111	142	94
106	173	83
108	183	98
117	154	88
106	174	88
93	180	110
123	183	72
115	194	87
102	187	89
139	190	82
109	189	85
130	153	81
115	167	82
103	196	93
114	163	82
115	189	85
103	161	80
97	174	96
86	165	76
102	186	81
105	186	97
93	154	75
107	164	85
95	156	81
106	179	88
101	157	95
100	146	90
123	142	81
108	162	88
107	157	81
106	214	77
96	170	103
102	148	80
125	181	87
100	180	85
95	157	92
98	164	77
107	160	99
89	148	91
101	173	71
97	174	77
100	170	92
103	187	91
96	164	76
114	156	99
79	172	94
79	189	90
100	143	79
104	173	76
120	183	67
103	155	104
105	163	88
100	183	91
107	167	90
105	179	78
101	158	82
105	155	88
94	157	82
116	172	73
101	183	85
68	160	91
112	185	76
96	172	100
80	161	83
102	160	105
103	162	89
87	159	74
87	133	87
87	194	73
104	177	84
87	191	102
89	187	77
110	179	91
97	179	84
105	185	87
89	177	73
81	170	84
91	166	88
89	162	71
102	180	76
92	152	80
101	165	108
93	166	97
92	188	78
97	157	97
74	159	98
88	159	89
84	168	87
88	150	78
106	162	83
86	165	93
92	160	85
92	168	71
103	176	75
95	158	78
91	158	84
88	190	99
83	170	77
93	152	94
72	161	63
89	165	62
85	200	70
108	173	85
84	181	70
75	177	80
77	161	86
91	171	70
81	155	85
81	172	91
75	172	78
91	174	94
73	149	66
83	126	73
85	138	88
85	172	80
83	176	79
86	167	86
87	174	76
77	196	83
99	183	65
90	180	79
66	156	81
81	171	80
92	192	73
99	166	84
87	162	84
83	187	88
86	168	87
83	192	72
73	186	84
77	152	73
78	148	96
73	178	75
79	158	78
80	165	72
90	179	77
71	171	78
74	151	74
79	136	95
83	162	74
74	147	78
77	152	66
79	163	85
80	163	88
73	154	77
85	183	72
83	174	73
55	185	79
88	179	70
82	176	77
97	164	65
82	186	79
82	173	85
75	178	71
102	146	75
75	186	79
72	164	81
79	151	107
58	136	91
89	165	72
81	159	86
76	164	76
85	166	85
88	159	76
68	162	100
77	161	68
89	171	83
81	164	80
96	172	81
67	162	81
94	167	77
69	172	76
83	182	73
73	167	89
66	175	77
82	179	90
70	170	91
74	188	87
72	162	77
71	179	71
70	161	72
57	164	77
69	171	98
72	169	92
72	170	82
69	180	58
61	178	78
78	158	72
87	174	94
75	144	78
65	171	78
90	175	72
73	181	96
75	145	81
76	164	78
75	176	79
60	157	69
82	159	88
75	164	70
78	148	84
82	155	60
88	172	84
67	176	80
66	146	76
63	163	88
83	159	96
72	161	84
75	181	62
71	169	72
82	174	62
66	164	87
74	181	80
69	181	77
75	163	89
55	141	89
75	173	65
68	169	69
63	171	55
74	155	66
57	158	69
72	197	76
64	195	82
60	190	85
69	153	87
65	177	77
76	168	95
81	167	85
67	155	75
79	173	74
72	177	82
71	145	69
70	174	72
69	163	80
60	153	84
66	168	80
64	170	83
55	170	86
76	180	96
72	171	70
60	153	67
65	176	79
64	164	92
72	176	75
62	188	82
67	181	83
64	171	94
65	177	71
56	159	83
55	159	81
64	189	77
70	178	77
55	171	71
71	206	90
78	164	70
63	155	87
77	179	72
64	166	73
69	153	78
84	182	71
48	179	79
72	172	77
78	170	67
59	165	87
57	156	76
71	152	81
59	145	81
58	172	78
74	168	65
63	170	76
65	168	87
44	173	76
75	185	107
43	194	84
72	149	80
61	185	74
63	162	54
64	164	83
66	186	88
63	171	79
73	162	89
63	172	85
75	175	80
51	161	73
56	158	65
69	202	74
60	160	82
71	182	80
54	179	89
67	191	82
61	157	68
51	172	67
56	170	80
63	164	68
56	220	76
56	160	79
59	169	72
67	160	68
57	161	78
56	142	65
65	153	71
60	170	75
83	153	79
79	141	79
60	150	90
68	163	59
65	174	80
70	147	89
52	157	89
73	161	76
71	191	71
70	179	80
52	176	72
54	174	76
76	160	82
58	174	79
58	166	69
58	175	83
58	167	74
63	175	84
57	137	76
44	155	73
61	162	67
69	165	84
61	156	65
59	164	75
71	148	82
66	152	82
54	159	68
64	176	65
75	158	75
60	177	76
54	179	73
41	157	71
80	168	82
57	191	75
66	153	70
60	168	76
57	172	78
56	182	86
38	172	91
70	173	77
46	163	83
65	177	69
57	155	93
54	176	76
56	145	71
56	168	74
50	163	80
55	147	77
70	173	78
57	177	88
52	139	78
59	158	74
47	181	69
58	154	96
45	191	56
64	182	89
62	189	74
57	180	75
43	152	76
62	144	79
56	177	83
51	186	69
51	171	60
55	167	78
62	161	81
59	168	76
49	172	79
59	159	81
69	177	71
71	157	85
56	163	80
55	159	69
44	169	81
42	176	88
58	182	63
62	184	73
65	145	79
45	177	74
62	148	67
48	153	83
58	146	87
66	178	75
47	160	57
57	159	75
50	159	65
49	157	80
58	160	72
51	156	87
52	172	69
52	163	80
61	162	72
54	176	76
50	184	87
54	166	78
59	177	92
50	151	76
51	161	63
47	162	72
40	177	72
63	174	82
51	155	79
56	149	81
50	158	88
49	153	90
49	150	78
61	179	74
50	173	74
58	174	90
55	160	82
56	157	70
41	142	78
41	158	76
52	154	82
53	179	58
50	163	79
65	178	69
58	172	87
56	160	68
62	176	64
62	169	92
62	161	76
46	147	79
55	164	86
50	167	83
59	152	79
53	160	67
74	170	70
55	164	85
42	180	85
48	161	84
49	165	65
52	177	64
58	167	89
32	163	75
53	170	72
52	173	85
50	176	87
71	176	77
52	164	68
53	174	83
56	158	82
53	173	76
50	145	75
56	131	77
53	172	73
51	170	96
56	177	90
64	131	78
64	154	83
48	172	79
52	179	83
40	183	78
51	162	66
62	179	97
48	160	82
55	167	72
51	155	71
41	182	83
58	168	80
58	174	91
58	162	69
70	180	78
64	162	75
50	176	75
60	166	85
65	171	75
56	156	65
47	177	62
55	163	79
40	157	91
54	183	75
54	207	74
45	163	75
52	175	81
50	163	82
41	177	81
36	172	91
59	171	83
42	181	77
55	196	82
51	154	85
67	156	91
56	176	71
47	140	103
62	164	69
59	173	68
56	196	82
60	161	76
56	158	86
52	176	66
51	166	80
52	153	63
55	174	72
54	173	56
51	167	79
41	185	68
53	191	96
49	150	73
49	165	65
58	195	74
37	171	85
66	168	74
58	153	84
56	200	78
57	149	81
66	194	72
58	163	82
44	186	77
44	183	82
48	167	71
60	167	92
51	146	80
59	156	77
55	145	72
57	184	70
51	174	76
64	167	63
67	171	80
58	201	55
53	145	85
52	174	79
66	163	74
48	171	96
55	175	71
61	176	64
49	190	78
53	150	95
54	167	81
60	186	102
44	154	69
52	196	65
56	190	81
48	165	87
37	190	79
73	188	85
51	161	68
61	190	82
48	163	100
52	170	65
62	180	67
66	188	70
43	177	86
46	166	97
79	156	65
48	171	92
54	164	83
51	181	68
55	166	81
46	142	76
60	162	69
45	152	77
47	196	64
48	161	70
48	176	82
48	181	79
49	173	73
53	166	80
47	173	81
56	166	92
55	167	85
44	160	76
61	182	73
53	165	91
63	190	82
59	181	96
53	172	78
56	171	80
53	154	89
59	159	80
46	170	78
59	175	62
54	166	73
60	172	79
53	172	70
52	162	60
50	166	80
46	169	85
51	186	49
48	177	71
62	208	81
60	175	71
61	189	72
49	197	82
57	166	70
44	152	46
63	163	82
50	148	62
50	172	80
60	177	68
53	170	80
62	179	72
48	189	70
40	164	81
58	148	62
46	167	76
42	181	70
75	172	84
57	172	76
55	171	95
55	164	84
57	152	70
49	156	82
51	156	67
57	162	85
58	147	68
54	163	79
59	163	73
58	186	64
49	140	81
72	186	71
60	158	58
61	189	93
60	163	79
62	180	70
63	174	76
56	173	84
69	161	71
70	159	82
57	171	77
67	170	89
72	156	77
46	180	82
80	155	84
64	148	68
54	170	78
70	173	80
70	154	83
59	177	74
59	179	85
67	171	76
62	173	85
65	172	73
55	162	67
66	167	81
63	170	89
79	178	87
75	195	68
92	183	75
65	178	73
68	159	64
69	158	63
50	181	77
86	164	75
69	171	61
70	188	70
58	186	79
75	177	83
72	185	68
63	181	86
80	162	70
82	171	66
76	154	69
76	142	85
64	174	78
76	155	61
72	180	67
82	169	74
78	150	80
80	177	80
75	190	77
78	160	69
77	161	72
74	206	73
70	167	66
79	186	66
68	172	86
61	194	65
79	178	71
87	170	73
76	147	76
84	168	63
85	172	61
75	160	68
76	168	76
67	180	89
88	171	80
85	174	69
89	168	76
107	153	71
89	139	81
105	184	77
100	166	67
83	187	76
106	167	77
66	175	57
89	184	78
90	181	81
98	171	61
83	156	73
95	182	85
104	184	78
95	169	67
104	173	80
100	163	71
103	150	58
114	133	80
108	171	83
98	151	71
113	182	65
112	148	88
109	169	83
102	201	73
125	180	62
116	188	52
119	136	92
113	167	80
110	194	60
113	166	58
121	174	70
120	179	62
114	187	69
115	166	74
111	182	74
143	170	66
125	173	70
131	163	66
115	195	66
162	168	78
102	168	65
121	180	67
117	187	65
139	160	76
120	170	56
136	185	64
132	163	74
140	168	64
125	162	58
143	159	74
146	161	73
138	198	75
154	147	62
124	194	73
142	171	71
171	168	71
156	157	68
180	156	69
152	178	61
168	152	69
145	164	61
199	175	86
173	171	61
185	181	70
178	177	72
169	177	53
184	183	70
161	171	57
155	172	63
166	178	54
182	182	70
188	154	74
179	163	75
181	192	64
182	172	70
176	190	68
170	187	65
203	187	55
198	190	60
224	187	70
180	158	68
185	200	60
198	193	63
215	183	62
218	190	50
203	143	56
222	157	62
261	177	55
238	171	79
236	161	64
219	183	62
246	165	56
223	179	62
217	165	58
248	153	71
245	162	67
245	181	65
254	185	60
267	203	70
238	164	72
273	167	73
298	175	63
246	169	51
257	178	71
285	160	58
280	171	72
257	145	59
287	208	56
297	183	66
278	202	61
265	184	72
299	179	79
276	176	68
286	174	55
316	188	66
313	175	71
326	163	73
352	174	59
293	159	52
323	167	62
322	170	65
314	193	83
338	174	57
329	177	67
350	164	58
377	164	55
337	169	63
369	166	56
375	183	65
363	155	68
365	176	64
348	178	62
399	161	73
376	157	62
360	178	67
395	201	74
412	169	64
348	190	76
408	197	63
393	165	70
399	169	72
410	163	66
449	165	66
425	166	54
439	174	72
449	161	63
437	165	68
457	167	70
434	188	73
433	186	73
470	158	55
438	196	60
476	178	65
492	182	57
444	164	66
494	185	59
460	162	63
497	178	59
448	172	62
507	179	55
563	177	72
503	163	53
515	163	63
554	173	77
501	163	54
495	183	58
512	176	69
530	180	88
560	170	63
578	181	54
559	149	66
560	196	57
573	198	77
551	155	72
563	189	62
615	158	61
579	171	61
593	166	74
612	191	73
588	187	58
603	173	69
639	162	61
641	184	55
633	167	58
610	180	67
617	157	62
693	175	68
710	169	60
674	165	63
631	177	67
679	167	66
688	181	74
779	170	61
736	165	69
716	179	68
732	177	62
715	166	53
720	194	56
771	181	55
717	164	73
777	174	54
778	154	49
708	152	43
776	187	61
788	170	72
764	190	76
806	192	61
839	167	58
797	165	60
776	182	50
787	171	53
848	167	51
848	175	53
845	168	59
834	179	70
873	184	71
809	171	51
819	181	83
855	152	54
897	143	64
868	174	76
854	158	62
896	166	61
882	196	66
883	182	62
849	165	64
903	167	64
920	188	55
939	174	64
933	174	66
946	188	67
965	175	56
969	185	65
950	170	62
934	160	73
995	175	64
987	160	71
983	186	59
956	178	64
985	198	61
1031	192	62
1046	184	58
1009	169	64
994	133	75
1069	176	66
1002	175	73
1040	170	66
1096	211	44
1008	170	55
1084	165	65
1130	165	72
1006	173	64
1069	208	59
1135	181	72
1102	169	54
1075	177	76
1148	168	75
1145	153	58
1148	171	69
1145	174	78
1157	180	77
1151	160	56
1161	159	53
1216	175	61
1175	194	55
1221	171	58
1173	184	45
1157	172	58
1194	185	65
1195	163	58
1206	170	63
1226	171	49
1214	160	63
1186	171	64
1168	173	68
1185	156	67
1231	183	55
1195	183	59
1232	161	44
1245	180	74
1285	181	62
1266	180	58
1207	191	58
1236	165	66
1328	159	61
1299	169	56
1341	167	66
1286	151	63
1276	170	61
1274	173	73
1269	164	52
1279	148	67
1352	184	60
1328	171	67
1363	168	75
1372	180	61
1310	191	61
1352	174	75
1383	161	69
1356	185	49
1382	169	75
1346	161	76
1349	185	50
1380	190	62
1376	164	67
1425	161	64
1400	174	64
1340	177	47
1449	174	56
1353	187	71
1322	164	53
1420	174	70
1498	180	64
1398	182	58
1439	166	72
1426	166	63
1485	180	65
1429	173	51
1499	189	61
1441	196	55
1484	153	64
1480	174	64
1489	160	68
1481	170	63
1474	156	66
1430	191	70
1479	151	60
1470	184	51
1470	169	59
1489	216	45
1469	176	64
1493	180	66
1518	154	66
1535	165	65
1507	184	65
1484	160	68
1504	175	74
1502	177	50
1453	157	64
1467	175	58
1473	162	61
1537	175	49
1485	175	66
1460	163	75
1528	176	71
1554	201	67
1525	169	73
1526	182	50
1487	182	69
1506	171	61
1485	162	86
1523	172	69
1494	171	64
1586	183	62
1544	185	68
1463	178	71
1485	195	78
1471	182	44
1503	168	68
1506	194	63
1661	157	64
1532	174	61
1569	154	64
1514	175	59
1457	160	62
1510	178	58
1542	164	53
1563	184	64
1543	174	67
1526	164	85
1538	195	64
1540	172	65
1499	161	68
1538	158	69
1476	186	73
1605	206	63
1452	167	74
1460	165	66
1496	164	63
1586	170	62
1470	161	61
1447	206	74
1519	166	63
1503	160	73
1525	177	51
1495	178	55
1499	163	76
1517	156	48
1554	176	73
1534	160	62
1515	168	65
1487	168	74
1595	159	70
1496	145	67
1525	168	55
1481	149	69
1502	161	67
1528	167	67
1460	170	64
1441	179	67
1488	194	79
1401	167	81
1446	177	85
1547	167	64
1408	159	63
1483	194	59
1439	165	80
1481	175	71
1432	167	59
1453	178	70
1380	188	77
1471	166	65
1448	155	65
1529	158	69
1464	177	63
1468	175	75
1378	179	77
1429	199	70
1415	169	73
1400	173	72
1471	177	64
1397	178	51
1417	163	65
1441	178	78
1426	169	58
1383	192	63
1324	170	60
1439	180	64
1375	170	75
1375	188	62
1351	184	70
1365	186	58
1307	180	74
1271	154	72
1342	153	69
1330	172	67
1307	169	68
1329	177	67
1338	213	65
1369	146	56
1262	167	67
1330	181	80
1300	184	70
1318	168	70
1307	158	60
1208	157	76
1302	169	65
1209	173	69
1264	167	68
1224	163	55
1292	155	64
1236	156	82
1259	193	65
1256	179	66
1188	188	76
1230	160	72
1164	173	55
1181	187	62
1211	172	69
1267	163	64
1240	155	70
1166	177	58
1186	189	65
1156	179	67
1185	148	72
1142	196	48
1144	171	66
1184	183	62
1154	162	81
1200	166	77
1085	152	63
1106	162	94
1103	172	73
1103	156	74
1133	192	85
1022	197	67
1064	165	66
1101	155	69
1018	167	64
1036	175	91
1012	191	54
1094	171	64
1035	157	67
1051	178	52
1029	197	69
963	161	70
1070	180	53
1002	180	61
977	160	72
966	202	69
969	187	74
976	175	64
951	170	69
910	159	83
1017	169	78
953	172	76
931	160	66
923	165	69
963	158	58
924	160	76
915	175	73
917	188	62
942	167	67
890	180	61
915	168	52
882	182	72
865	189	55
876	171	58
922	166	45
864	182	70
857	170	59
848	177	68
807	188	87
799	181	67
813	194	73
779	182	60
832	172	68
831	167	61
790	169	62
772	194	70
767	179	63
823	163	71
736	183	58
748	172	55
750	167	73
707	181	59
779	180	68
783	159	59
715	178	64
700	175	67
701	173	68
700	171	73
710	178	64
738	168	61
720	166	79
708	175	71
658	168	68
656	185	76
671	185	62
656	184	70
671	153	77
627	171	56
635	161	78
619	175	56
656	179	78
615	166	70
543	202	67
643	184	75
580	174	80
599	202	61
560	185	70
595	177	57
611	180	60
540	162	62
577	160	50
582	166	75
495	180	63
512	170	75
563	187	73
545	175	73
515	163	51
526	168	71
542	168	65
490	176	56
470	183	64
492	180	53
475	169	62
488	175	68
498	180	80
502	167	82
445	185	57
488	165	56
415	172	75
460	156	64
458	163	73
400	194	62
421	187	80
438	208	62
424	195	57
436	180	69
430	161	66
433	182	71
411	198	70
401	153	67
409	159	67
338	167	66
395	178	66
381	177	71
387	168	57
366	210	65
416	177	73
359	176	76
362	170	60
371	192	73
380	168	62
353	195	68
322	174	70
360	174	71
342	184	77
333	188	76
305	185	56
307	180	59
347	181	68
317	174	66
293	172	62
291	171	72
319	156	56
264	169	70
300	184	52
252	198	65
288	191	58
289	170	67
258	164	67
244	182	63
258	177	74
274	170	81
262	182	52
260	179	58
267	183	61
236	172	63
254	185	65
225	176	60
241	148	67
284	162	70
242	184	56
236	174	69
233	186	69
235	175	81
221	202	57
237	199	76
203	167	62
218	186	63
219	174	65
216	178	68
199	158	70
204	193	63
196	182	54
188	171	59
193	179	70
195	170	65
198	166	59
169	184	70
164	191	59
193	188	57
177	180	62
173	192	58
170	180	60
172	171	76
142	166	68
179	191	63
164	183	53
166	190	69
147	180	64
152	148	72
161	179	54
155	195	63
159	185	61
149	172	68
137	182	69
154	178	71
145	185	62
149	181	55
149	190	58
145	177	54
103	171	56
113	153	67
113	162	65
112	174	62
139	180	69
123	190	61
118	171	69
108	147	63
122	162	61
120	165	65
106	185	64
115	189	60
114	202	58
98	150	61
114	193	65
102	150	65
101	172	68
94	211	57
111	176	61
103	195	58
98	207	67
90	154	71
93	190	60
77	193	76
94	174	63
71	154	55
83	195	69
79	187	62
74	168	71
99	183	71
71	188	74
78	161	65
86	165	62
77	166	57
76	182	70
74	189	65
60	181	61
47	209	75
67	190	69
62	167	60
75	169	63
70	176	60
73	172	60
78	163	63
49	159	64
64	175	45
70	187	65
69	178	67
73	167	63
73	175	64
61	160	69
59	169	56
54	179	72
49	169	71
71	184	53
67	180	72
52	201	58
49	176	75
51	174	74
46	188	68
55	168	74
45	183	82
56	192	64
55	171	70
38	191	55
57	177	71
45	197	70
52	179	70
41	154	72
49	191	77
51	165	58
53	198	55
50	173	58
41	187	69
41	194	84
31	180	51
44	176	69
30	190	66
31	192	60
43	193	75
28	199	69
31	189	83
26	175	55
45	185	75
31	184	80
41	178	64
32	157	74
42	175	73
24	167	52
26	158	74
30	172	70
32	174	64
26	195	82
33	168	63
26	195	69
27	191	56
29	194	62
27	211	70
34	184	70
35	183	83
39	195	71
29	166	71
30	164	68
26	176	78
35	206	77
21	174	77
24	167	78
24	165	66
24	192	71
21	150	76
28	170	71
16	162	67
14	171	71
21	163	72
16	178	73
25	204	75
22	160	64
25	174	78
17	185	66
21	177	68
16	195	54
12	178	82
12	186	91
22	173	74
11	188	57
18	182	77
18	200	63
13	200	69
9	169	68
18	170	60
11	162	71
17	173	78
26	185	68
21	182	84
23	158	87
30	161	58
10	199	60
18	177	72
11	189	75
17	177	85
16	166	101
14	183	64
16	180	83
24	163	100
20	188	102
14	193	69
21	195	71
12	179	77
16	193	72
16	166	74
13	158	86
10	186	79
12	182	85
11	158	104
16	162	74
20	166	83
7	176	78
14	179	76
21	215	70
12	194	67
17	194	97
13	163	84
6	188	69
15	160	78
20	191	76
20	182	85
9	181	83
10	201	72
8	200	81
15	182	70
14	175	93
7	178	67
10	195	79
10	166	86
10	191	78
12	189	86
7	190	81
10	180	92
13	202	72
7	175	75
10	200	80
17	178	94
10	190	75
17	184	65
11	177	89
10	185	78
16	202	72
16	175	89
9	189	81
10	173	89
11	188	83
13	178	85
13	178	79
8	195	94
19	195	84
9	161	89
13	185	83
10	169	88
12	192	84
12	190	106
9	180	74
6	198	84
11	188	88
7	192	80
9	181	88
12	177	107
10	194	96
18	176	87
16	167	104
4	206	108
23	191	94
12	170	94
14	200	99
13	200	92
11	184	101
9	173	84
12	175	92
12	187	105
7	195	91
9	199	107
17	198	98
8	170	97
12	180	100
14	193	93
12	196	97
11	163	106
7	201	107
19	179	90
13	179	113
16	159	93
14	176	114
7	187	106
17	190	99
9	187	94
16	204	89
9	193	92
9	195	95
15	172	107
7	203	96
9	191	107
15	184	93
13	195	116
8	191	107
9	193	85
10	192	100
9	207	101
12	193	115
4	223	96
7	191	103
7	170	86
3	184	107
7	192	115
8	170	125
9	191	119
11	173	118
10	213	108
9	172	119
9	194	101
8	184	116
10	180	108
14	165	109
9	199	132
6	180	115
12	202	113
12	227	100
12	178	107
7	166	101
5	173	107
10	159	106
13	180	100
11	204	114
11	213	120
10	178	125
12	189	132
9	191	123
6	182	139
12	173	126
9	181	108
10	184	102
10	180	126
12	190	99
9	201	119
8	210	120
10	189	113
12	189	120
12	186	108
12	199	130
15	201	109
11	188	112
5	196	115
8	200	112
10	185	127
16	188	117
10	203	111
13	199	124
10	168	122
11	160	140
12	184	128
13	177	115
9	192	118
4	177	106
11	183	133
10	209	124
8	191	112
14	193	122
5	174	109
7	210	105
11	178	123
9	189	152
5	183	126
6	189	113
9	209	131
6	166	132
12	183	122
12	202	131
12	181	123
9	198	127
7	176	122
13	188	113
16	186	135
7	180	133
6	175	113
7	191	118
10	187	130
10	213	136
11	211	135
14	199	134
18	203	155
9	201	118
11	173	121
7	190	113
10	203	140
14	186	132
10	185	121
11	192	109
5	183	120
6	188	149
9	188	147
7	194	118
4	174	111
9	182	131
10	207	139
5	201	143
8	183	121
11	192	122
7	212	123
7	165	121
10	186	144
3	178	132
6	178	108
10	189	129
9	178	144
10	187	104
17	197	122
10	194	138
5	199	138
11	193	131
17	199	124
6	186	143
7	183	118
17	191	135
6	174	120
12	189	121
9	177	131
9	147	135
10	194	114
7	175	138
8	194	138
15	187	144
10	159	136
9	194	162
5	180	127
10	184	153
5	184	133
11	224	139
6	195	121
8	192	132
11	179	133
9	175	135
7	172	123
9	179	134
10	181	138
8	191	126
5	208	148
9	194	144
17	190	140
10	163	133
4	181	123
6	203	137
11	186	151
16	208	121
7	199	108
12	209	142
9	189	149
14	191	119
7	179	137
12	205	122
10	216	134
9	191	130
11	194	130
10	178	141
6	192	142
10	164	126
5	210	145
8	216	146
9	206	130
7	200	117
10	193	147
7	192	126
7	198	125
6	199	128
10	210	120
8	188	118
4	174	141
8	198	133
5	187	128
9	189	130
10	220	132
12	189	142
13	177	112
6	190	131
15	195	120
11	211	123
11	190	128
7	204	138
6	174	158
4	193	104
7	205	120
7	187	124
12	218	133
4	211	129
12	185	116
13	187	113
9	197	113
12	223	117
13	178	117
3	213	126
3	202	120
14	189	119
14	183	116
10	182	120
8	200	122
7	184	134
11	205	143
7	182	123
10	223	105
8	218	144
3	187	111
10	204	101
12	208	129
7	173	116
9	208	117
7	194	131
8	193	128
8	193	119
9	192	113
10	196	118
10	212	120
11	192	117
12	172	113
9	189	112
5	197	107
6	196	137
5	204	113
7	191	137
11	184	116
10	199	129
10	193	115
6	217	119
8	193	104
10	169	121
10	194	118
6	187	139
7	178	112
7	204	110
9	220	113
10	220	110
11	199	117
11	195	107
7	215	104
12	200	110
5	190	115
12	207	102
6	194	113
6	183	113
7	203	107
4	191	130
6	188	84
5	196	88
6	205	126
3	201	98
6	201	98
13	181	114
8	194	126
8	165	94
6	206	106
11	173	106
15	192	110
8	225	94
10	184	114
5	195	129
8	172	114
6	219	106
14	206	83
6	198	98
8	182	106
10	210	93
6	192	107
13	189	97
9	189	124
9	189	110
13	182	91
12	200	109
10	206	102
16	192	96
5	203	99
11	182	91
4	189	99
8	197	107
6	198	104
11	212	102
10	191	94
15	210	94
3	181	106
10	186	102
13	209	82
5	198	83
6	218	114
4	181	89
15	209	72
6	187	96
9	189	91
13	213	85
7	203	95
5	213	99
14	202	90
9	186	94
6	223	91
11	219	83
8	199	104
6	196	88
10	213	80
11	191	106
8	187	84
8	200	101
7	228	81
5	173	104
8	220	98
8	185	110
9	219	87
7	211	95
6	200	71
8	230	97
9	222	80
10	221	83
5	234	85
8	220	88
7	185	89
11	220	90
4	193	79
10	206	82
11	208	87
13	190	83
8	211	90
8	199	70
12	200	73
4	204	99
11	235	85
9	201	80
5	195	86
8	193	82
4	196	62
12	191	108
12	186	63
6	205	83
9	209	76
6	217	78
11	203	103
8	195	84
9	205	92
3	200	79
8	206	71
3	219	78
11	216	66
7	185	83
11	192	68
8	180	73
7	230	59
10	215	66
6	184	91
7	206	74
10	201	77
13	196	90
6	201	88
3	195	78
7	213	75
10	180	58
11	198	64
8	187	73
10	206	60
11	214	68
6	203	68
11	187	72
8	200	84
8	203	65
8	187	56
3	226	80
9	211	76
7	208	79
8	212	80
7	192	68
7	206	88
13	225	71
5	174	71
9	211	61
10	232	64
7	220	59
7	195	73
17	200	72
10	225	56
7	229	76
17	237	74
7	215	78
7	189	78
10	210	68
7	212	90
9	229	76
6	210	66
5	202	69
10	176	71
11	215	74
10	213	53
9	209	72
6	254	82
5	214	76
14	224	66
4	194	67
4	212	82
13	202	75
8	197	80
7	212	75
10	221	72
7	207	48
7	195	74
6	220	52
8	200	60
5	199	57
10	227	60
9	219	55
4	198	78
3	211	81
10	200	58
7	207	82
5	206	59
13	199	53
15	195	59
8	198	74
7	216	74
10	212	52
10	208	65
8	203	73
8	234	58
9	204	54
8	207	61
10	176	66
5	199	66
6	203	56
6	213	65
11	215	49
10	214	56
4	192	56
5	197	56
13	218	65
10	211	62
9	207	55
13	202	62
11	186	61
1	200	60
6	170	65
5	186	66
5	194	67
4	221	49
10	210	75
6	186	64
6	221	74
13	196	61
7	227	68
7	226	55
5	180	61
9	207	67
7	198	53
8	231	56
6	221	58
12	233	78
10	223	67
10	195	59
5	216	69
13	240	83
5	237	52
3	218	65
7	195	57
4	234	67
9	210	68
4	246	62
8	216	57
14	211	55
9	227	54
8	218	64
9	199	65
7	229	67
5	193	66
9	210	51
7	209	56
13	236	73
7	193	61
10	217	57
9	211	61
15	193	52
7	223	70
6	220	54
7	196	63
5	223	70
4	222	73
11	206	59
13	211	62
11	226	56
10	240	67
9	206	59
9	223	54
6	233	61
7	240	58
5	217	57
7	193	55
3	220	64
9	210	67
4	217	73
8	237	65
7	243	64
10	211	54
8	213	50
5	218	66
8	216	53
13	215	49
11	211	52
3	219	72
13	218	69
8	208	62
13	203	54
6	210	68
6	200	60
6	209	50
5	196	62
9	226	50
9	216	85
6	202	54
7	217	65
7	195	58
6	219	60
9	216	71
6	232	61
9	251	62
10	208	51
7	222	77
10	212	53
13	229	59
4	218	63
9	214	56
7	237	58
5	211	68
8	219	45
10	212	63
11	209	62
7	229	66
5	225	58
3	219	68
7	194	59
6	207	69
6	195	63
12	209	60
10	209	66
4	218	63
9	242	67
13	196	55
11	224	70
9	215	64
7	210	48
11	223	68
6	236	74
8	203	53
7	218	70
10	203	70
4	217	56
10	241	55
9	206	66
6	214	72
13	220	68
9	218	56
10	203	69
5	195	63
5	207	56
11	225	57
5	225	65
3	237	50
10	239	65
5	225	60
8	218	59
8	239	69
5	225	63
7	232	56
9	222	52
10	199	55
10	206	59
8	232	54
6	204	69
7	220	59
5	218	61
4	199	62
8	221	62
6	214	58
5	197	56
4	224	69
8	216	67
13	179	60
9	225	61
8	218	62
8	226	66
4	247	60
10	208	64
6	206	51
10	254	61
8	207	49
5	211	63
11	237	55
10	202	54
8	254	61
14	202	64
8	231	60
2	225	65
10	230	59
4	224	53
9	219	61
7	209	69
9	229	65
7	222	55
5	231	61
10	221	60
12	215	52
6	211	65
12	238	55
12	233	66
9	230	56
8	211	59
14	205	55
8	205	50
9	211	64
8	205	62
6	223	64
8	254	51
8	192	61
12	223	61
4	213	43
3	215	66
9	212	57
9	220	57
6	236	73
6	209	49
5	199	50
13	230	70
7	226	58
9	216	75
9	219	56
8	213	64
8	214	65
7	223	57
9	216	82
4	249	76
7	242	53
4	208	64
10	221	54
7	228	72
13	216	59
12	253	57
6	240	55
7	232	59
4	205	74
6	227	58
7	238	59
4	244	66
14	243	71
3	209	50
11	227	62
9	191	68
14	220	61
10	231	62
6	209	68
7	218	65
6	216	55
9	225	51
2	220	57
8	217	59
11	201	59
10	230	65
8	206	54
10	230	59
12	226	61
11	222	54
7	214	54
6	256	80
6	235	45
10	233	65
8	197	53
10	201	64
7	242	53
12	256	57
11	212	58
11	208	50
4	215	58
7	229	60
10	224	59
9	247	56
9	230	58
10	247	63
11	243	58
2	230	59
4	239	57
8	219	63
10	221	61
5	247	51
9	218	44
1	207	52
7	198	63
10	266	78
7	241	64
9	230	42
11	235	60
3	234	60
7	219	44
6	228	55
3	196	66
9	239	60
7	223	70
7	212	64
8	229	59
5	213	51
8	222	68
8	221	74
8	230	64
7	246	50
15	237	48
7	217	51
4	219	59
4	217	75
6	243	57
3	223	68
7	209	45
9	228	57
3	239	60
5	223	63
14	225	50
11	237	63
7	248	46
14	220	62
11	223	55
9	247	66
6	175	74
4	237	52
8	219	64
5	211	57
8	212	64
6	228	55
18	212	70
8	251	54
6	214	55
15	228	56
7	240	41
11	234	51
4	245	68
11	219	64
9	218	65
6	230	60
11	232	53
7	260	63
13	250	52
11	238	66
16	220	64
4	213	56
11	243	60
10	224	65
9	252	68
7	206	46
9	200	37
10	195	58
11	218	51
6	203	55
10	204	53
4	214	61
15	247	48
11	239	46
9	257	51
9	233	49
9	248	62
9	242	45
11	241	55
7	249	52
7	215	52
7	233	59
11	244	65
9	257	57
15	229	53
7	216	52
16	222	55
5	229	67
9	222	48
8	236	42
9	217	53
9	208	61
8	225	47
6	221	55
11	224	40
8	209	64
18	215	55
12	224	64
8	252	56
12	221	48
7	219	56
7	227	52
7	224	48
19	222	48
4	206	48
11	231	62
5	263	65
3	241	54
11	229	49
6	246	55
12	242	56
11	207	58
9	245	41
9	245	48
9	256	47
11	233	42
7	203	47
9	238	40
8	203	52
11	213	45
7	261	74
15	224	51
5	250	50
9	220	50
9	226	56
8	244	47
10	233	64
7	235	59
8	226	49
5	221	56
5	264	58
9	220	43
6	257	44
9	222	44
8	248	54
15	228	42
11	229	51
12	239	57
10	232	50
11	211	58
14	225	51
14	220	57
8	231	51
8	240	50
8	247	49
10	215	46
10	227	69
5	224	58
9	254	43
12	243	50
7	226	43
8	219	54
15	262	43
7	239	55
9	234	55
8	259	55
10	220	52
9	212	42
10	208	58
9	240	52
10	228	50
8	256	52
10	252	65
8	215	51
12	209	38
5	206	53
8	230	49
8	235	60
8	218	61
13	235	55
7	261	49
13	240	53
13	238	56
8	226	40
2	200	43
9	214	50
6	219	46
7	227	68
11	245	59
9	251	49
10	221	59
8	247	60
7	235	54
9	197	39
13	214	71
13	235	64
7	231	55
7	215	51
9	235	52
6	224	60
7	239	57
8	232	56
5	242	63
7	234	57
12	202	50
6	234	47
9	216	48
5	260	53
13	216	58
18	238	61
7	243	56
9	238	58
6	255	58
14	230	58
8	221	61
11	230	60
11	204	68
8	230	46
7	221	55
9	219	67
2	225	59
5	238	66
11	254	67
14	224	55
4	225	68
14	199	60
9	232	57
9	249	50
12	228	63
5	207	59
12	208	55
11	245	65
12	224	67
16	216	57
10	221	67
8	199	72
10	229	52
7	250	65
10	222	65
13	227	47
12	223	53
10	232	68
7	227	73
10	242	57
7	203	56
4	229	58
14	239	57
8	241	61
8	246	56
14	220	67
8	246	66
8	251	64
10	215	54
10	226	49
9	210	69
7	218	56
22	235	59
10	224	58
10	245	60
8	221	64
9	201	68
9	232	66
15	228	71
10	207	59
5	235	67
7	202	65
9	240	67
10	229	68
11	214	78
7	229	82
5	218	70
8	205	59
11	196	57
7	209	66
10	222	72
4	216	82
7	213	70
12	237	68
6	210	49
8	223	59
8	210	66
8	223	70
7	223	73
3	227	74
10	240	66
7	227	63
11	212	61
7	243	70
10	219	74
5	221	67
11	196	53
14	223	87
12	218	69
10	212	67
10	213	82
8	231	75
8	218	76
3	225	62
11	229	68
11	229	77
12	185	70
11	200	66
8	237	66
16	198	83
10	230	83
9	206	79
5	186	64
11	197	75
12	235	90
9	225	83
9	187	79
5	227	86
12	201	74
7	208	74
8	213	82
8	220	61
5	208	82
4	230	78
7	194	85
11	221	77
7	211	63
6	236	89
7	223	72
12	210	73
10	192	71
9	212	88
8	227	82
15	201	84
9	232	59
5	206	77
8	223	70
6	206	69
16	208	86
7	205	79
11	195	78
8	217	99
8	188	76
11	232	87
11	212	93
7	201	89
10	211	81
3	189	77
7	206	85
11	204	84
7	195	83
7	199	81
8	210	94
5	192	72
11	209	78
2	201	72
14	208	92
7	232	74
6	218	82
8	226	82
3	212	88
11	201	93
4	213	75
3	205	86
8	217	90
9	175	86
5	217	101
10	180	80
12	192	117
10	201	97
9	201	93
9	191	94
10	217	76
4	204	98
12	201	90
4	231	75
6	207	84
5	216	85
10	202	89
9	190	87
8	214	99
7	200	96
8	192	96
8	177	95
13	194	93
9	193	90
11	185	90
4	167	93
6	189	97
11	224	98
7	194	96
7	196	84
4	187	84
8	212	103
10	193	91
8	204	114
14	196	80
9	215	81
9	194	88
6	186	99
9	213	97
6	187	101
13	176	105
9	183	90
9	189	115
10	196	84
3	207	96
8	194	80
6	220	100
9	181	108
7	187	74
10	209	115
6	186	110
3	211	98
6	185	103
9	193	92
9	181	94
9	198	100
13	191	106
7	206	102
5	191	118
6	198	108
4	189	100
8	206	105
6	198	116
9	179	96
3	161	111
9	192	92
7	192	94
8	154	117
8	181	105
6	168	97
9	179	91
7	195	108
12	170	110
7	206	108
5	190	114
10	210	107
11	167	108
4	180	112
6	203	103
4	179	94
7	190	97
4	158	103
9	178	125
6	187	99
17	179	110
6	174	107
9	188	96
13	166	102
6	182	101
8	168	96
5	153	102
2	175	105
13	196	118
10	186	99
8	169	125
7	174	116
8	196	109
7	184	98
8	167	90
6	165	86
7	185	99
5	169	90
8	164	114
13	174	100
5	186	93
5	176	122
6	172	103
4	174	100
8	202	112
5	157	95
8	164	97
10	157	109
9	190	101
9	184	89
10	178	94
4	189	111
6	170	106
3	185	92
8	185	103
9	184	97
6	163	109
5	165	111
10	158	110
7	154	96
5	170	108
6	182	113
8	202	98
4	175	100
8	181	98
13	163	104
7	205	91
9	198	99
10	178	77
15	178	103
5	140	106
4	168	100
8	160	102
12	184	103
9	181	100
8	171	91
5	168	105
9	193	109
6	175	106
4	179	116
12	180	105
16	205	97
7	184	90
7	169	93
10	166	107
11	197	98
9	162	101
5	159	114
6	189	94
7	189	94
7	161	101
10	170	116
9	167	106
12	162	73
6	164	105
10	193	94
13	182	93
6	176	98
9	175	68
12	176	108
8	165	96
5	186	102
14	162	103
14	149	99
5	161	120
11	163	98
6	169	100
7	180	84
7	154	118
9	203	112
7	171	116
10	144	96
4	144	78
7	169	98
10	148	85
3	158	89
7	166	83
7	200	89
6	183	93
4	154	84
3	161	86
8	146	92
8	176	88
7	164	92
5	155	95
8	136	90
10	172	83
5	193	87
8	168	84
3	157	86
14	166	81
4	186	85
9	177	99
5	174	79
11	159	101
7	176	97
7	182	117
10	173	104
5	179	79
8	173	96
9	152	80
8	159	107
7	164	83
7	172	89
10	136	85
9	175	88
10	156	83
5	149	104
12	166	77
7	173	82
5	174	79
6	149	94
8	149	114
10	167	87
15	129	70
13	178	86
10	158	78
7	168	82
6	163	75
10	163	93
10	152	85
2	158	86
3	166	74
6	170	83
7	170	87
6	174	77
4	153	90
6	136	89
4	151	77
3	176	74
9	164	80
3	169	76
10	145	93
9	165	77
10	138	77
3	168	81
10	161	82
4	167	89
9	151	63
5	159	72
9	141	93
8	154	78
9	160	77
3	165	88
4	153	92
10	149	75
11	174	83
5	164	76
4	161	71
4	150	85
7	174	83
7	152	75
6	143	66
7	167	92
7	132	70
6	159	94
13	147	72
7	137	53
5	161	59
9	141	78
4	151	82
7	154	80
10	162	58
10	143	60
8	173	62
6	153	65
8	164	70
9	160	75
6	163	78
5	165	69
8	143	80
10	173	63
6	148	71
7	156	73
6	166	80
7	160	69
6	176	67
7	152	81
5	141	67
2	147	71
6	136	68
6	154	58
9	149	77
3	136	68
9	166	68
7	130	62
9	135	52
13	171	45
2	142	80
7	181	66
7	163	64
7	185	63
8	150	74
4	128	58
7	152	61
5	158	53
3	163	53
10	126	75
8	171	68
12	160	64
9	153	77
7	146	67
6	149	76
2	156	66
8	169	52
5	156	63
9	149	66
6	138	49
5	154	59
9	162	56
8	153	60
10	147	61
7	150	67
12	165	66
9	123	48
8	157	64
9	148	53
4	158	61
8	170	45
4	150	55
6	158	59
10	149	54
10	146	49
9	130	58
5	154	70
2	166	50
9	138	54
5	149	57
2	124	56
2	144	47
5	154	52
9	161	45
5	159	51
10	143	57
6	164	52
5	154	51
8	157	63
4	150	54
8	171	61
6	160	49
5	166	38
6	148	48
10	151	43
8	134	50
2	162	46
6	163	57
5	158	47
5	159	58
4	141	51
6	168	43
4	140	48
6	145	44
7	126	48
6	157	40
3	144	41
6	149	49
6	145	58
7	153	54
8	150	59
5	128	38
8	149	40
4	173	40
8	171	52
6	162	38
4	170	42
5	152	42
7	152	51
5	144	44
3	158	43
6	142	47
9	150	46
14	135	44
3	133	55
7	148	41
7	155	50
4	162	51
2	149	50
6	159	52
5	164	58
5	154	42
6	144	47
7	131	53
3	149	46
6	161	41
6	137	52
6	143	42
6	150	29
2	147	44
3	167	39
6	151	31
7	143	46
1	150	45
4	144	41
4	145	49
8	140	46
8	161	35
6	143	33
4	151	36
9	129	37
1	151	32
7	157	42
3	119	34
3	134	53
7	147	41
3	152	40
9	149	44
4	159	39
8	148	31
4	147	42
3	142	36
4	143	37
7	147	33
3	156	37
1	140	49
9	131	38
7	145	44
7	163	47
7	161	41
6	143	31
9	167	35
5	140	43
2	149	32
6	161	45
5	145	50
8	136	43
6	149	43
6	161	42
6	137	41
6	145	36
9	143	40
2	164	37
12	180	49
10	137	21
7	141	32
4	119	33
5	133	43
6	160	44
8	162	45
4	142	41
1	137	36
9	144	35
6	138	48
10	128	43
4	168	35
4	150	42
7	171	46
2	132	35
7	162	39
10	154	52
8	136	34
7	143	33
6	162	30
2	136	49
4	139	31
7	155	49
8	135	32
3	144	37
7	144	42
3	144	52
4	129	44
9	151	39
9	157	34
7	130	41
9	142	56
4	153	26
7	152	49
9	165	42
2	144	58
3	178	35
6	146	40
5	126	28
8	143	44
4	145	36
7	150	47
4	144	38
7	147	54
6	166	36
5	153	36
2	124	39
3	134	39
3	157	48
6	155	37
9	138	40
3	134	37
7	137	44
4	131	41
1	122	43
3	155	39
12	148	43
1	139	42
1	153	41
8	135	50
6	124	57
3	144	35
5	140	44
5	146	41
9	146	37
4	130	43
5	152	32
4	143	48
6	154	34
2	141	35
3	157	33
10	161	34
6	140	42
2	146	49
3	149	55
5	148	47
10	141	40
2	149	43
8	159	37
4	153	48
8	126	41
8	140	34
6	149	40
6	131	48
4	135	51
10	157	39
4	133	34
8	147	48
3	160	49
5	133	42
3	140	30
2	157	61
4	127	40
6	140	39
8	142	33
6	140	40
8	129	42
3	150	55
9	141	46
5	160	44
7	161	50
4	143	52
7	150	49
4	134	43
7	116	44
5	149	35
5	146	43
7	144	41
5	148	48
1	132	48
3	136	53
8	123	39
5	135	39
2	126	58
6	143	60
3	132	42
7	136	52
6	141	37
5	125	55
10	148	55
2	135	63
5	147	55
10	131	54
3	150	46
3	126	47
4	154	48
7	130	53
6	122	47
12	163	54
12	143	60
4	141	54
8	148	61
9	134	52
3	134	52
6	157	54
7	137	40
4	139	64
10	154	63
6	141	47
5	135	61
5	135	45
4	130	58
6	122	66
2	137	56
6	131	52
6	130	56
4	136	53
4	152	54
8	151	57
4	130	49
3	134	46
4	129	62
6	119	52
7	138	55
3	144	64
5	132	54
9	141	59
7	128	69
7	151	37
2	139	55
7	132	59
5	139	57
8	139	58
6	125	67
5	143	72
5	133	53
4	129	54
2	140	64
11	139	63
3	141	55
5	129	67
7	130	53
4	134	54
6	133	63
5	117	67
7	116	69
6	132	62
3	123	60
4	105	64
4	139	55
5	151	65
5	153	75
3	147	56
5	108	83
1	139	86
7	140	54
9	141	54
5	125	69
6	159	68
3	134	56
6	129	62
6	129	71
5	175	64
4	140	51
5	142	75
5	156	53
9	140	77
3	125	80
5	110	74
9	131	59
6	129	56
3	113	74
3	161	86
7	128	58
4	139	65
6	145	73
4	148	75
7	141	88
3	135	80
2	132	91
7	140	82
6	135	86
9	153	70
6	127	74
9	155	60
5	115	77
5	118	84
9	136	83
4	140	73
3	121	89
5	131	75
4	143	64
3	127	67
4	139	84
11	142	98
7	147	77
7	127	77
8	112	94
4	128	87
2	126	68
7	127	82
5	154	74
6	135	99
4	113	84
8	138	62
9	125	66
2	149	75
1	128	89
5	133	70
4	128	97
7	141	76
6	112	74
8	127	83
9	131	83
4	118	86
7	118	84
4	141	78
7	140	77
2	158	82
5	138	95
4	155	68
6	115	69
6	122	99
5	120	79
9	130	79
9	109	78
4	115	90
8	115	74
6	124	94
7	147	89
7	124	92
5	132	91
7	137	92
6	123	102
2	127	78
3	115	90
5	134	102
7	135	89
7	112	92
6	114	96
6	139	102
9	119	88
5	110	90
4	140	85
5	127	95
7	122	91
5	128	93
1	122	90
9	156	104
4	140	77
6	117	97
6	104	94
3	125	98
4	134	103
5	124	89
1	112	98
3	117	111
5	119	99
4	135	86
3	137	105
0	118	96
5	117	105
4	131	78
4	127	105
6	133	86
6	109	108
2	134	96
2	143	114
6	116	102
4	108	96
3	91	88
1	131	120
8	120	93
6	114	100
5	118	94
7	98	94
7	144	98
10	115	90
3	135	98
3	124	108
5	106	94
6	123	127
7	113	104
3	130	104
5	143	106
3	129	91
7	122	107
7	126	110
1	127	99
10	122	97
4	115	105
3	116	101
4	125	100
6	136	92
8	119	102
5	120	93
7	126	108
7	129	91
5	114	110
4	110	110
4	114	124
5	130	101
7	113	92
6	122	109
6	134	104
4	109	111
5	141	106
5	131	109
6	102	118
7	143	108
9	131	103
3	137	93
4	119	115
7	116	94
3	124	94
7	122	101
5	116	136
8	118	129
5	119	102
3	133	91
7	132	110
8	112	108
4	114	117
2	122	104
4	111	103
6	122	118
7	121	101
1	110	105
6	100	105
7	115	113
5	138	106
8	127	106
4	113	96
3	151	104
5	126	96
6	129	119
9	120	107
2	118	109
4	105	120
4	125	111
5	117	118
4	152	98
7	125	106
7	111	106
3	133	107
6	129	127
7	109	122
8	123	96
4	126	138
3	110	108
10	144	116
7	111	124
3	131	131
5	117	109
9	127	100
5	147	122
5	121	110
5	142	111
5	110	105
4	133	115
9	136	125
3	129	108
5	131	107
6	106	106
2	134	127
2	116	137
5	119	118
2	132	113
3	143	110
5	135	105
3	111	119
4	117	108
6	117	117
8	125	118
6	124	127
5	121	106
6	142	108
5	129	117
6	143	113
8	129	104
4	109	110
5	120	129
5	134	106
10	128	123
3	142	117
5	129	125
6	129	124
8	150	117
6	130	91
6	132	108
3	124	128
11	143	128
7	137	120
6	153	110
10	140	119
8	138	115
5	143	121
8	116	119
4	134	129
5	117	106
5	151	110
5	127	111
4	143	115
4	130	104
8	150	117
8	150	108
6	134	117
9	136	117
3	136	135
4	150	107
6	143	124
7	135	125
5	128	111
7	163	116
6	138	98
3	145	120
5	143	120
8	120	112
4	154	116
6	122	118
4	148	100
6	147	110
7	164	108
2	160	122
3	129	122
10	123	109
2	130	113
6	117	103
2	157	129
4	144	102
4	144	124
2	138	106
5	168	118
3	171	117
2	130	109
6	154	122
1	161	86
8	176	120
3	136	113
7	166	94
6	167	115
6	164	107
5	181	116
6	168	94
2	143	105
5	158	121
4	170	119
9	172	91
7	158	106
2	165	115
6	198	119
5	161	110
2	165	125
3	171	103
2	167	92
8	165	99
5	188	103
3	160	115
6	173	110
3	181	100
6	173	105
4	157	90
7	178	116
9	171	110
9	170	89
6	156	102
5	176	118
5	187	107
5	181	113
7	186	99
8	159	110
3	164	96
5	186	124
8	186	107
3	179	139
3	182	92
6	189	105
5	206	118
6	203	130
4	183	98
7	163	103
2	170	129
5	193	109
8	207	87
8	196	93
6	207	115
7	186	93
4	215	113
2	202	115
6	203	77
9	191	107
3	193	111
5	198	101
7	203	104
5	205	94
7	188	102
4	197	84
7	199	79
3	225	90
6	191	91
6	211	106
6	186	93
4	206	84
4	215	99
6	181	81
5	222	101
3	227	88
10	223	93
4	237	104
3	229	77
8	193	97
4	218	80
2	253	91
5	262	75
7	245	105
3	245	82
11	213	100
9	219	97
7	225	96
9	240	95
7	261	83
6	250	71
2	218	74
3	236	88
6	266	94
5	259	100
6	259	94
3	256	103
3	250	86
5	267	78
4	265	71
8	262	86
5	272	76
5	268	88
7	250	71
1	283	82
4	267	90
3	262	102
8	252	77
3	273	93
3	282	76
5	280	100
6	254	85
5	281	84
6	268	92
5	291	82
7	294	75
7	285	71
4	295	70
6	286	76
7	275	90
3	280	84
3	303	93
9	297	87
6	270	76
3	280	104
10	302	90
6	300	85
3	287	101
5	297	82
4	306	85
8	296	65
11	289	91
4	310	96
4	319	69
6	331	88
2	337	79
7	280	88
10	289	88
8	314	79
7	328	77
6	300	77
11	318	69
4	326	68
6	340	73
5	330	72
7	316	66
4	339	85
8	354	80
5	344	69
4	336	79
8	350	81
5	362	74
3	342	72
3	330	64
5	318	63
3	360	60
3	353	67
5	375	74
8	312	70
4	308	68
4	337	78
7	362	81
4	359	78
6	353	72
3	362	70
4	340	89
9	360	54
6	359	71
4	344	64
7	377	83
6	390	80
5	383	67
6	368	68
8	412	62
6	374	62
3	385	55
7	405	69
5	412	82
8	407	58
5	403	65
3	418	55
3	413	72
6	404	48
8	408	55
4	381	45
11	430	58
3	393	45
3	389	68
9	414	60
7	385	79
5	422	70
4	399	70
8	401	67
6	435	64
11	403	49
6	422	46
6	450	68
10	429	54
4	405	50
9	470	63
6	441	67
4	445	61
3	449	51
8	460	59
3	453	58
5	450	68
3	445	65
4	430	61
7	437	59
3	479	59
4	448	74
9	463	48
1	486	51
10	499	58
10	483	44
4	493	36
5	482	55
4	465	66
4	438	56
7	447	57
6	507	45
6	457	50
2	527	45
4	467	68
3	459	55
6	483	58
8	507	58
8	506	51
3	488	44
2	495	48
4	502	48
4	517	48
5	467	53
5	473	56
4	501	42
6	479	47
4	521	38
5	501	41
6	503	59
6	584	49
8	499	56
4	499	45
5	497	50
8	510	41
4	535	37
1	568	46
5	519	41
11	512	45
4	519	35
4	567	36
4	551	55
3	554	40
5	542	50
4	559	48
3	560	44
8	566	49
6	523	46
2	560	39
5	564	39
3	559	52
4	548	57
5	565	48
5	550	58
7	558	39
2	538	46
2	560	61
5	573	49
5	574	34
5	575	44
3	576	58
4	552	36
8	572	43
6	587	48
6	612	44
4	552	43
3	574	36
3	617	31
5	574	47
5	568	38
5	593	35
4	582	29
4	583	37
8	572	47
2	607	45
5	625	59
10	586	41
8	620	34
3	629	42
7	596	25
2	595	32
5	557	37
3	612	41
3	590	46
6	581	42
7	652	32
3	595	33
5	609	38
6	577	37
3	598	42
5	610	30
6	658	50
3	660	32
5	593	27
3	631	29
9	633	52
3	614	33
3	628	25
3	645	30
4	605	42
4	615	44
4	605	36
2	658	41
9	575	29
2	637	29
8	649	37
3	618	33
10	628	31
8	664	44
7	644	36
3	633	30
8	659	28
3	618	31
2	660	34
5	608	27
6	621	35
4	618	39
9	628	34
4	638	23
5	633	36
3	706	39
5	676	30
6	681	25
6	645	35
3	644	29
8	632	47
2	703	41
7	621	33
5	677	28
5	687	27
9	636	32
5	693	28
5	690	28
7	676	28
6	609	25
3	674	27
8	601	31
7	701	24
6	680	38
6	670	31
3	640	28
4	629	41
6	626	26
0	647	27
4	636	46
6	642	30
1	674	24
4	648	31
5	637	31
4	689	29
5	620	36
6	689	27
7	688	32
3	688	32
2	658	23
3	681	31
6	670	19
7	662	29
7	667	21
3	696	21
4	665	21
1	601	18
2	671	16
6	667	16
7	676	24
6	731	27
9	692	24
7	690	20
6	674	21
6	666	22
2	639	27
9	656	25
4	641	32
5	681	30
5	677	24
5	643	27
8	688	31
5	684	28
2	691	23
8	649	21
2	711	25
5	671	18
4	637	19
2	652	32
3	692	20
5	687	23
3	668	18
2	669	20
7	640	22
2	675	30
3	665	21
5	677	27
8	638	29
4	646	22
3	619	29
9	707	23
9	644	12
8	657	15
6	664	15
7	643	21
4	657	21
5	662	25
4	689	20
5	624	15
5	623	22
10	637	24
5	695	18
5	630	15
4	691	15
4	679	19
11	679	19
8	668	28
7	667	19
2	623	19
8	637	18
2	632	16
3	675	15
3	681	20
4	670	28
4	654	23
7	687	26
9	582	10
7	688	18
4	644	16
6	629	14
5	624	28
9	664	18
5	651	13
5	640	16
3	666	31
8	626	17
6	618	24
4	625	18
5	647	20
6	641	20
3	654	13
1	622	19
10	618	18
6	582	25
6	610	17
2	650	18
3	680	19
5	638	18
6	637	24
1	643	22
7	637	17
0	614	21
4	598	9
6	619	21
6	631	22
5	574	15
6	625	21
2	604	23
2	596	16
0	626	21
3	592	23
3	606	19
5	626	14
4	606	23
5	625	18
6	554	14
5	600	10
5	613	20
3	632	14
10	567	14
2	574	20
3	593	28
7	596	16
3	552	19
4	560	13
3	578	17
8	595	17
3	619	19
4	553	20
3	582	23
7	601	18
5	569	24
5	534	28
5	567	29
10	542	22
3	555	17
2	559	9
7	566	19
3	529	24
12	592	18
2	543	20
6	521	17
4	566	15
2	541	15
9	527	18
2	560	14
4	549	19
6	569	16
5	544	11
0	557	11
6	495	17
10	530	17
4	534	16
9	552	19
5	511	18
4	504	21
5	563	16
4	529	22
5	519	21
6	521	18
6	534	12
3	500	20
1	493	16
5	546	14
3	488	20
4	515	12
3	563	18
4	473	19
5	475	15
1	493	21
7	534	18
2	505	18
4	517	18
6	518	24
2	498	12
3	534	10
2	499	9
3	500	19
4	496	14
5	508	10
5	506	13
1	452	19
2	475	18
3	509	14
2	526	17
4	542	16
2	453	26
6	459	16
1	482	14
6	448	17
3	453	18
3	467	15
2	453	10
3	450	13
3	432	17
5	487	19
7	466	12
1	486	20
3	447	9
3	471	12
4	467	21
4	462	11
5	414	16
3	448	13
1	446	16
6	443	15
3	438	16
6	418	12
4	435	20
6	413	12
5	444	16
4	423	19
3	495	11
3	383	19
3	378	13
4	393	19
5	429	9
5	407	22
8	401	18
3	385	16
2	409	23
5	389	20
5	417	12
4	395	16
5	366	12
6	353	19
3	397	13
4	388	5
2	370	18
7	378	8
6	375	17
3	434	9
5	352	15
3	386	14
7	382	19
3	386	22
2	382	7
1	349	14
5	339	16
4	399	23
4	342	10
7	378	20
5	328	24
2	357	17
8	325	15
2	366	25
6	326	17
2	331	10
2	337	17
3	367	15
2	353	13
5	360	20
1	337	17
1	323	17
3	295	10
2	311	20
7	353	8
2	314	20
3	326	11
5	288	23
5	331	10
4	329	21
4	294	12
2	308	19
6	319	10
7	281	12
5	293	14
1	298	10
1	297	13
5	324	8
6	315	9
3	290	16
3	320	13
2	295	14
3	274	17
3	279	12
3	316	18
3	300	21
3	311	16
4	267	13
4	312	18
5	283	15
1	262	10
2	284	17
6	267	10
1	258	11
4	266	10
4	297	15
4	289	15
3	266	7
5	264	18
5	263	17
5	265	16
2	277	7
5	243	11
3	232	10
4	253	15
4	260	16
3	234	11
5	249	14
2	244	7
7	238	8
2	229	14
5	223	8
2	230	14
2	272	13
0	253	12
3	253	16
1	224	17
4	235	10
3	216	20
4	232	9
4	208	14
3	216	13
2	219	15
2	217	15
5	237	10
3	192	19
2	210	19
4	207	15
1	208	15
1	224	16
4	206	15
7	200	13
2	203	15
2	180	13
3	205	11
2	186	8
3	206	10
1	213	8
4	207	10
3	185	16
2	181	14
3	206	17
5	168	10
6	174	9
1	170	11
6	197	10
1	178	13
2	167	12
3	176	5
4	163	13
4	159	10
3	184	11
7	168	10
4	172	15
4	147	7
2	163	5
2	159	11
5	142	14
3	165	12
5	170	14
3	155	11
2	146	9
4	131	12
5	137	14
2	170	6
3	141	12
2	136	7
3	151	9
2	122	8
2	132	5
3	122	8
2	117	7
2	131	11
2	124	14
8	128	6
6	136	14
2	118	7
3	98	11
3	112	14
2	111	6
3	117	7
1	107	7
4	97	4
1	98	11
3	105	7
1	114	9
2	87	4
4	102	6
1	86	3
3	94	8
1	97	6
2	93	10
1	84	3
3	94	3
1	72	10
3	87	8
1	73	3
1	85	6
2	76	5
2	74	9
2	61	4
0	73	11
1	75	6
2	69	4
1	49	9
2	72	5
1	59	5
3	67	6
0	74	5
0	63	5
0	66	4
1	53	5
3	43	3
1	57	4
0	69	8
1	49	2
2	55	2
2	45	4
2	44	2
1	56	4
1	34	6
1	52	4
1	44	5
1	55	4
0	28	4
2	45	4
0	28	4
1	37	4
1	32	6
0	32	3
0	29	3
0	26	2
2	31	2
0	33	5
1	33	3
0	36	4
3	21	0
0	27	1
0	20	1
0	29	5
2	18	1
1	15	1
1	16	1
1	16	3
0	16	2
1	25	1
0	16	3
0	22	3
1	18	3
1	11	3
0	14	0
0	10	0
0	20	0
1	15	1
2	9	0
0	3	3
0	12	0
1	12	0
0	8	4
1	9	1
0	5	0
1	10	2
0	11	1
2	9	1
0	8	2
0	9	1
0	11	0
1	12	1
0	8	1
0	7	0
0	8	0
1	5	0
0	7	1
0	6	1
0	2	0
0	3	1
0	3	1
0	2	1
0	4	0
0	2	1
0	2	0
1	0	1
0	7	0
0	6	0
0	1	0
0	4	0
0	2	0
0	2	0
0	0	0
0	5	0
0	2	0
0	2	0
1	1	0
1	0	1
0	1	0
0	2	0
0	4	0
0	0	0
0	1	0
0	1	0
0	1	0
0	2	0
0	3	0
0	3	0
0	0	0
0	1	0
0	1	0
0	2	0
0	1	0
1	1	0
0	1	0
0	0	1
0	2	0
0	0	0
0	0	0
0	0	0
0	0	0
0	0	0
0	0	0
0	1	0
0	0	0
0	0	0
0	0	0
0	0	0
0	0	0
0	0	1
0	0	0
0	0	0
0	0	0
0	0	0
0	1	0
0	0	0
0	0	0
0	0	0
0	0	0
0	0	0
0	0	0
0	0	0
0	1	0
0	0	0
0	0	0
0	0	0
0	0	0
0	0	0
0	0	0
0	0	0
0	0	0
0	0	0
0	0	0
0	0	0
0	0	0
0	0	0
0	0	0
0	0	0
0	1	0
0	0	0
0	0	0
0	0	0
0	0	0
0	0	0
0	0	0
0	0	0
0	0	0
0	0	0
0	0	0
0	0	0
0	0	0
0	0	0
0	0	0
0	0	0
0	0	0
0	0	0
0	0	0
0	0	0
0	0	0
0	0	0
0	1	0
0	0	0
0	0	0
0	0	0
0	0	0
0	0	0
0	0	0
0	0	0
0	0	0
0	0	0
0	0	0
0	0	0
0	0	0
0	0	0
0	0	0
0	0	0
0	0	0
0	0	0
0	0	0
0	0	0
0	0	0
0	0	0
0	0	0
0	0	0
0	0	0
0	0	0
0	0	0
0	0	0
0	0	0
0	0	0
0	0	0
0	0	0
0	0	0
0	0	0
0	0	0
0	0	0
0	0	0
0	0	0
0	0	0
0	0	0
0	0	0
0	0	0
0	0	0
0	0	0
0	0	0
0	0	0
0	0	0
0	0	0
0	0	0
0	0	0
0	0	0
0	0	0
0	0	0
0	0	0
0	0	0
0	0	0
0	0	0
0	0	0
0	0	0
0	0	0
0	0	0
0	0	0
0	0	0
0	0	0
0	0	0
0	0	0
0	0	0
0	0	0
0	0	0
0	0	0
0	0	0
0	0	0
0	0	0
0	0	0
0	0	0
0	0	0
0	0	0
0	0	0
0	0	0
0	0	0
0	0	0
0	0	0
0	0	0
0	0	0
0	0	0
0	0	0
0	0	0
0	0	0
0	0	0
0	0	0
0	0	0
0	0	0
0	0	0
0	0	0
0	0	0
0	0	0
0	0	0
0	0	0
0	0	0
0	0	0
0	0	0
0	0	0
0	0	0
0	0	0
0	0	0
0	0	0
0	0	0
0	0	0
0	0	0
0	0	0
0	0	0
0	0	0
0	0	0
0	0	0
0	0	0
0	0	0
0	0	0
0	0	0
0	0	0
0	0	0
0	0	0
0	0	0
0	0	0
0	0	0
0	0	0
0	0	0
0	0	0
0	0	0
0	0	0
0	0	0
0	0	0
0	0	0
0	0	0
0	0	0
0	0	0
0	0	0
0	0	0
0	0	0
0	0	0
0	0	0
0	0	0
0	0	0
0	0	0
0	0	0
0	0	0
0	0	0
0	0	0
0	0	0
0	0	0
0	0	0
0	0	0
0	0	0
0	0	0
0	0	0
0	0	0
0	0	0
0	0	0
0	0	0
0	0	0
0	0	0
0	0	0
0	0	0
0	0	0
0	0	0
0	0	0
0	0	0
0	0	0
0	0	0
0	0	0
0	0	0
0	0	0
0	0	0
0	0	0
0	0	0
0	0	0
0	0	0
0	0	0
0	0	0
0	0	0
0	0	0
0	0	0
0	0	0
0	0	0
0	0	0
0	0	0
0	0	0
0	0	0
0	0	0
0	0	0
0	0	0
0	0	0
0	0	0
0	0	0
0	0	0
0	0	0
0	0	0
0	0	0
0	0	0
0	0	0
0	0	0
0	0	0
0	0	0
0	0	0
0	0	0
0	0	0
0	0	0
0	0	0
0	0	0
0	0	0
0	0	0
0	0	0
0	0	0
0	0	0
0	0	0
0	0	0
0	0	0
0	0	0
0	0	0
0	0	0
0	0	0
0	0	0
0	0	0
0	0	0
0	0	0
0	0	0
0	0	0
0	0	0
0	0	0
0	0	0
0	0	0
0	0	0
0	0	0
0	0	0
0	0	0
0	0	0
0	0	0
0	0	0
0	0	0
0	0	0
0	0	0
0	0	0
0	0	0
0	0	0
0	0	0
0	0	0
0	0	0
0	0	0
0	0	0
0	0	0
0	0	0
0	0	0
0	0	0
0	0	0
0	0	0
0	0	0
0	0	0
0	0	0
0	0	0
0	0	0
0	0	0
0	0	0
0	0	0
0	0	0
0	0	0
0	0	0
0	0	0
0	0	0
0	0	0
0	0	0
0	0	0
0	0	0
0	0	0
0	0	0
0	0	0
0	0	0
0	0	0
0	0	0
0	0	0
0	0	0
0	0	0
0	0	0
0	0	0
0	0	0
0	0	0
0	0	0
0	0	0
0	0	0
0	0	0
0	0	0
0	0	0
0	0	0
0	0	0
0	0	0
0	0	0
0	0	0
0	0	0
0	0	0
0	0	0
0	0	0
0	0	0
0	0	0
0	0	0
0	0	0
0	0	0
0	0	0
0	0	0
0	0	0
0	0	0
0	0	0
0	0	0
0	0	0
0	0	0
0	0	0
0	0	0
0	0	0
0	0	0
0	0	0
0	0	0
0	0	0
0	0	0
0	0	0
0	0	0
0	0	0
0	0	0
0	0	0
0	0	0
0	0	0
0	0	0
0	0	0
0	0	0
0	0	0
0	0	0
0	0	0
0	0	0
0	0	0
0	0	0
0	0	0
0	0	0
0	0	0
0	0	0
0	0	0
0	0	0
0	0	0
0	0	0
0	0	0
0	0	0
0	0	0
0	0	0
0	0	0
0	0	0
0	0	0
0	0	0
0	0	0
0	0	0
0	0	0
0	0	0
0	0	0
0	0	0
0	0	0
0	0	0
0	0	0
0	0	0
0	0	0
0	0	0
0	0	0
0	0	0
0	0	0
0	0	0
0	0	0
0	0	0
0	0	0
0	0	0
0	0	0
0	0	0
0	0	0
0	0	0
0	0	0
0	0	0
0	0	0
0	0	0
0	0	0
0	0	0
0	0	0
0	0	0
0	0	0
0	0	0
0	0	0
0	0	0
0	0	0
0	0	0
0	0	0
0	0	0
0	0	0
0	0	0
0	0	0
0	0	0
0	0	0
0	0	0
0	0	0
0	0	0
0	0	0
0	0	0
0	0	0
0	0	0
0	0	0
0	0	0
0	0	0
0	0	0
0	0	0
0	0	0
0	0	0
0	0	0
0	0	0
0	0	0
0	0	0
0	0	0
0	0	0
0	0	0
0	0	0
0	0	0
0	0	0
0	0	0
0	0	0
0	0	0
0	0	0
0	0	0
0	0	0
0	0	0
0	0	0
0	0	0
0	0	0
0	0	0
0	0	0
0	0	0
0	0	0
0	0	0
0	0	0
0	0	0
0	0	0
0	0	0
0	0	0
0	0	0
0	0	0
0	0	0
0	0	0
0	0	0
0	0	0
0	0	0
0	0	0
0	0	0
0	0	0
0	0	0
0	0	0
0	0	0
0	0	0
0	0	0
0	0	0
0	0	0
0	0	0
0	0	0
0	0	0
0	0	0
0	0	0
0	0	0
0	0	0
0	0	0
0	0	0
0	0	0
0	0	0
0	0	0
0	0	0
0	0	0
0	0	0
0	0	0
0	0	0
0	0	0
0	0	0
0	0	0
0	0	0
0	0	0
0	0	0
0	0	0
0	0	0
0	0	0
0	0	0
0	0	0
0	0	0
0	0	0
0	0	0
0	0	0
0	0	0
0	0	0
0	0	0
0	0	0
