0	0
1	0
2	0
3	0
4	0
5	0
6	0
7	0
8	0
9	0
10	0
11	0
12	0
13	0
14	0
15	0
16	0
17	0
18	0
19	0
20	0
21	0
22	0
23	0
24	0
25	0
26	0
27	0
28	0
29	0
30	0
31	0
32	0
33	0
34	0
35	0
36	0
37	0
38	0
39	0
40	0
41	0
42	0
43	0
44	0
45	0
46	0
47	0
48	0
49	0
50	0
51	0
52	0
53	0
54	0
55	0
56	0
57	0
58	0
59	0
60	0
61	0
62	0
63	0
64	0
65	0
66	0
67	0
68	0
69	0
70	0
71	0
72	0
73	0
74	0
75	0
76	0
77	0
78	0
79	0
80	0
81	0
82	0
83	0
84	0
85	0
86	0
87	0
88	0
89	0
90	0
91	0
92	0
93	0
94	0
95	0
96	0
97	0
98	0
99	0
100	0
101	0
102	0
103	0
104	0
105	0
106	0
107	0
108	0
109	0
110	0
111	0
112	0
113	0
114	0
115	0
116	0
117	0
118	0
119	0
120	0
121	0
122	0
123	0
124	0
125	0
126	0
127	0
128	0
129	0
130	0
131	0
132	0
133	0
134	0
135	0
136	0
137	0
138	0
139	0
140	0
141	0
142	0
143	0
144	0
145	0
146	0
147	0
148	0
149	0
150	0
151	0
152	0
153	0
154	0
155	0
156	0
157	0
158	0
159	0
160	0
161	0
162	0
163	0
164	0
165	0
166	0
167	0
168	0
169	0
170	0
171	0
172	0
173	0
174	0
175	1
176	33
177	207
178	730
179	966
180	1053
181	991
182	985
183	1076
184	962
185	981
186	960
187	986
188	992
189	1022
190	1003
191	967
192	947
193	966
194	879
195	948
196	967
197	917
198	942
199	928
200	939
201	943
202	964
203	991
204	939
205	936
206	878
207	891
208	891
209	913
210	927
211	869
212	881
213	909
214	855
215	846
216	920
217	882
218	859
219	881
220	885
221	866
222	922
223	839
224	898
225	815
226	827
227	866
228	828
229	880
230	858
231	829
232	801
233	819
234	815
235	846
236	790
237	813
238	812
239	788
240	833
241	788
242	819
243	809
244	787
245	766
246	769
247	789
248	766
249	800
250	768
251	799
252	724
253	742
254	769
255	709
256	766
257	808
258	711
259	756
260	745
261	701
262	794
263	711
264	696
265	722
266	765
267	702
268	702
269	709
270	722
271	706
272	697
273	729
274	703
275	712
276	719
277	702
278	697
279	699
280	690
281	685
282	720
283	664
284	704
285	673
286	672
287	715
288	695
289	746
290	677
291	686
292	688
293	659
294	700
295	648
296	664
297	652
298	636
299	625
300	667
301	660
302	695
303	682
304	617
305	622
306	662
307	620
308	667
309	680
310	608
311	605
312	653
313	608
314	655
315	649
316	598
317	629
318	620
319	644
320	643
321	617
322	652
323	656
324	629
325	643
326	614
327	624
328	609
329	655
330	635
331	588
332	641
333	639
334	601
335	618
336	586
337	605
338	645
339	623
340	627
341	620
342	576
343	621
344	629
345	669
346	627
347	656
348	591
349	600
350	655
351	630
352	609
353	590
354	598
355	629
356	587
357	571
358	599
359	615
360	589
361	581
362	571
363	613
364	606
365	630
366	605
367	540
368	608
369	626
370	671
371	711
372	708
373	804
374	806
375	751
376	751
377	691
378	661
379	624
380	624
381	664
382	737
383	858
384	912
385	962
386	980
387	934
388	778
389	635
390	606
391	604
392	561
393	556
394	594
395	567
396	542
397	543
398	556
399	538
400	555
401	558
402	535
403	533
404	577
405	584
406	570
407	545
408	558
409	513
410	567
411	545
412	550
413	580
414	622
415	542
416	557
417	534
418	551
419	562
420	569
421	560
422	530
423	543
424	565
425	557
426	595
427	558
428	555
429	529
430	569
431	541
432	587
433	590
434	647
435	712
436	742
437	718
438	795
439	730
440	665
441	560
442	611
443	567
444	523
445	534
446	535
447	552
448	634
449	647
450	579
451	666
452	661
453	602
454	557
455	581
456	519
457	525
458	514
459	526
460	558
461	539
462	533
463	476
464	544
465	522
466	517
467	568
468	524
469	525
470	521
471	575
472	524
473	539
474	537
475	570
476	526
477	500
478	514
479	582
480	587
481	490
482	563
483	534
484	524
485	475
486	547
487	550
488	495
489	547
490	505
491	536
492	540
493	523
494	555
495	509
496	524
497	530
498	496
499	566
500	516
501	561
502	517
503	556
504	465
505	493
506	516
507	519
508	526
509	566
510	495
511	510
512	535
513	540
514	510
515	539
516	542
517	547
518	522
519	514
520	540
521	549
522	529
523	511
524	500
525	547
526	491
527	538
528	560
529	522
530	527
531	535
532	523
533	528
534	568
535	531
536	496
537	509
538	528
539	531
540	529
541	547
542	506
543	547
544	508
545	498
546	523
547	498
548	531
549	535
550	510
551	535
552	518
553	553
554	530
555	547
556	530
557	544
558	524
559	554
560	548
561	491
562	555
563	543
564	539
565	532
566	544
567	537
568	551
569	508
570	514
571	548
572	549
573	536
574	510
575	547
576	531
577	561
578	526
579	515
580	535
581	502
582	523
583	532
584	502
585	501
586	525
587	575
588	547
589	502
590	542
591	504
592	579
593	541
594	519
595	486
596	514
597	514
598	504
599	507
600	522
601	582
602	524
603	497
604	543
605	582
606	519
607	561
608	509
609	574
610	535
611	515
612	566
613	529
614	545
615	540
616	511
617	496
618	506
619	515
620	526
621	558
622	524
623	535
624	534
625	539
626	494
627	524
628	526
629	531
630	556
631	540
632	524
633	505
634	549
635	570
636	508
637	505
638	541
639	552
640	531
641	539
642	500
643	521
644	566
645	547
646	540
647	513
648	546
649	476
650	561
651	540
652	527
653	550
654	535
655	548
656	503
657	516
658	482
659	579
660	544
661	524
662	553
663	497
664	529
665	554
666	533
667	559
668	565
669	557
670	522
671	525
672	523
673	492
674	568
675	536
676	503
677	487
678	527
679	516
680	495
681	508
682	488
683	508
684	519
685	500
686	522
687	506
688	489
689	518
690	494
691	539
692	524
693	501
694	530
695	553
696	506
697	529
698	530
699	521
700	580
701	504
702	499
703	480
704	507
705	505
706	449
707	514
708	499
709	471
710	491
711	515
712	501
713	509
714	525
715	493
716	504
717	478
718	544
719	502
720	520
721	498
722	521
723	504
724	494
725	485
726	487
727	505
728	511
729	499
730	515
731	521
732	487
733	521
734	491
735	519
736	478
737	507
738	497
739	479
740	502
741	498
742	494
743	463
744	482
745	533
746	468
747	494
748	466
749	484
750	506
751	500
752	503
753	466
754	485
755	489
756	472
757	480
758	486
759	506
760	478
761	487
762	469
763	534
764	500
765	460
766	475
767	432
768	489
769	470
770	464
771	493
772	474
773	508
774	474
775	477
776	491
777	487
778	470
779	497
780	465
781	485
782	458
783	500
784	460
785	473
786	427
787	482
788	495
789	459
790	477
791	484
792	473
793	486
794	488
795	468
796	458
797	467
798	488
799	444
800	455
801	488
802	499
803	452
804	448
805	510
806	486
807	498
808	475
809	458
810	457
811	479
812	431
813	433
814	481
815	462
816	465
817	458
818	443
819	491
820	445
821	457
822	438
823	427
824	427
825	460
826	443
827	443
828	436
829	462
830	440
831	407
832	470
833	486
834	470
835	455
836	392
837	416
838	413
839	442
840	422
841	422
842	453
843	430
844	430
845	427
846	411
847	434
848	470
849	452
850	447
851	462
852	422
853	423
854	438
855	395
856	430
857	446
858	447
859	401
860	393
861	459
862	445
863	456
864	376
865	441
866	404
867	407
868	456
869	426
870	397
871	461
872	429
873	438
874	419
875	411
876	442
877	441
878	430
879	401
880	387
881	419
882	423
883	425
884	401
885	377
886	418
887	407
888	385
889	405
890	403
891	436
892	405
893	438
894	405
895	378
896	387
897	424
898	409
899	441
900	360
901	398
902	415
903	397
904	406
905	415
906	399
907	379
908	405
909	443
910	366
911	439
912	417
913	402
914	390
915	400
916	380
917	384
918	416
919	420
920	435
921	385
922	386
923	372
924	416
925	413
926	425
927	425
928	344
929	389
930	425
931	407
932	393
933	386
934	394
935	369
936	373
937	393
938	379
939	432
940	369
941	391
942	361
943	393
944	406
945	365
946	405
947	414
948	391
949	382
950	376
951	396
952	410
953	412
954	382
955	398
956	402
957	383
958	421
959	359
960	359
961	387
962	399
963	382
964	383
965	365
966	345
967	385
968	382
969	365
970	407
971	404
972	413
973	389
974	421
975	434
976	421
977	385
978	383
979	360
980	365
981	319
982	358
983	361
984	363
985	365
986	346
987	397
988	344
989	377
990	368
991	348
992	351
993	361
994	336
995	376
996	358
997	369
998	345
999	351
1000	338
1001	372
1002	338
1003	331
1004	359
1005	368
1006	374
1007	369
1008	332
1009	320
1010	363
1011	380
1012	342
1013	326
1014	346
1015	329
1016	338
1017	328
1018	348
1019	339
1020	357
1021	306
1022	334
1023	377
1024	316
1025	330
1026	347
1027	335
1028	328
1029	363
1030	353
1031	318
1032	369
1033	367
1034	339
1035	312
1036	354
1037	323
1038	348
1039	355
1040	335
1041	337
1042	343
1043	344
1044	351
1045	341
1046	337
1047	341
1048	341
1049	343
1050	342
1051	316
1052	313
1053	311
1054	317
1055	326
1056	317
1057	341
1058	297
1059	334
1060	349
1061	344
1062	327
1063	317
1064	344
1065	311
1066	350
1067	311
1068	326
1069	273
1070	345
1071	343
1072	292
1073	321
1074	346
1075	318
1076	337
1077	301
1078	334
1079	344
1080	355
1081	337
1082	295
1083	324
1084	330
1085	307
1086	321
1087	330
1088	316
1089	331
1090	324
1091	292
1092	291
1093	339
1094	312
1095	315
1096	363
1097	324
1098	290
1099	318
1100	370
1101	307
1102	311
1103	295
1104	305
1105	319
1106	297
1107	297
1108	288
1109	326
1110	301
1111	280
1112	305
1113	342
1114	308
1115	295
1116	298
1117	285
1118	279
1119	283
1120	290
1121	288
1122	275
1123	277
1124	281
1125	298
1126	339
1127	300
1128	311
1129	326
1130	306
1131	303
1132	266
1133	280
1134	270
1135	310
1136	304
1137	307
1138	255
1139	302
1140	290
1141	287
1142	265
1143	303
1144	282
1145	275
1146	283
1147	278
1148	274
1149	311
1150	301
1151	281
1152	305
1153	273
1154	283
1155	286
1156	286
1157	289
1158	274
1159	286
1160	306
1161	318
1162	295
1163	294
1164	278
1165	272
1166	269
1167	293
1168	273
1169	259
1170	305
1171	290
1172	303
1173	325
1174	263
1175	289
1176	287
1177	288
1178	274
1179	285
1180	300
1181	284
1182	253
1183	226
1184	284
1185	304
1186	294
1187	273
1188	271
1189	255
1190	259
1191	296
1192	258
1193	301
1194	272
1195	275
1196	269
1197	267
1198	292
1199	279
1200	271
1201	249
1202	271
1203	273
1204	282
1205	289
1206	251
1207	268
1208	252
1209	239
1210	276
1211	251
1212	271
1213	268
1214	276
1215	241
1216	259
1217	260
1218	263
1219	247
1220	269
1221	231
1222	251
1223	259
1224	247
1225	312
1226	282
1227	255
1228	259
1229	246
1230	288
1231	280
1232	249
1233	244
1234	261
1235	263
1236	270
1237	267
1238	232
1239	259
1240	268
1241	229
1242	277
1243	264
1244	251
1245	271
1246	237
1247	253
1248	258
1249	260
1250	291
1251	353
1252	431
1253	478
1254	470
1255	567
1256	483
1257	446
1258	384
1259	293
1260	282
1261	245
1262	244
1263	252
1264	261
1265	269
1266	265
1267	240
1268	287
1269	307
1270	268
1271	282
1272	290
1273	266
1274	262
1275	269
1276	258
1277	240
1278	229
1279	215
1280	217
1281	236
1282	216
1283	266
1284	245
1285	232
1286	228
1287	248
1288	229
1289	231
1290	202
1291	248
1292	218
1293	237
1294	234
1295	235
1296	212
1297	236
1298	218
1299	217
1300	236
1301	232
1302	225
1303	234
1304	243
1305	222
1306	223
1307	226
1308	232
1309	236
1310	223
1311	236
1312	239
1313	205
1314	250
1315	214
1316	212
1317	245
1318	211
1319	226
1320	213
1321	221
1322	223
1323	239
1324	206
1325	198
1326	211
1327	221
1328	216
1329	220
1330	219
1331	217
1332	194
1333	199
1334	233
1335	198
1336	232
1337	213
1338	203
1339	217
1340	214
1341	205
1342	203
1343	214
1344	212
1345	205
1346	221
1347	226
1348	209
1349	195
1350	205
1351	213
1352	210
1353	216
1354	210
1355	213
1356	176
1357	210
1358	213
1359	222
1360	198
1361	222
1362	184
1363	239
1364	216
1365	186
1366	185
1367	193
1368	239
1369	190
1370	182
1371	181
1372	201
1373	201
1374	191
1375	157
1376	207
1377	220
1378	197
1379	203
1380	187
1381	183
1382	206
1383	184
1384	197
1385	203
1386	209
1387	233
1388	200
1389	188
1390	190
1391	219
1392	203
1393	204
1394	213
1395	198
1396	195
1397	192
1398	217
1399	165
1400	210
1401	183
1402	201
1403	238
1404	168
1405	201
1406	200
1407	188
1408	188
1409	188
1410	188
1411	196
1412	198
1413	199
1414	200
1415	202
1416	174
1417	205
1418	198
1419	185
1420	190
1421	255
1422	210
1423	208
1424	208
1425	211
1426	211
1427	191
1428	203
1429	164
1430	179
1431	208
1432	195
1433	176
1434	193
1435	193
1436	198
1437	187
1438	181
1439	199
1440	165
1441	189
1442	172
1443	189
1444	199
1445	180
1446	189
1447	163
1448	182
1449	184
1450	201
1451	167
1452	175
1453	196
1454	187
1455	180
1456	162
1457	168
1458	186
1459	197
1460	188
1461	176
1462	210
1463	198
1464	194
1465	179
1466	154
1467	193
1468	191
1469	193
1470	169
1471	176
1472	168
1473	170
1474	193
1475	159
1476	167
1477	194
1478	174
1479	163
1480	176
1481	192
1482	146
1483	187
1484	169
1485	185
1486	177
1487	172
1488	169
1489	182
1490	169
1491	187
1492	181
1493	166
1494	194
1495	166
1496	181
1497	180
1498	151
1499	158
1500	170
1501	175
1502	166
1503	193
1504	185
1505	189
1506	149
1507	169
1508	175
1509	154
1510	176
1511	178
1512	172
1513	156
1514	166
1515	176
1516	183
1517	182
1518	176
1519	170
1520	173
1521	174
1522	149
1523	175
1524	170
1525	133
1526	181
1527	146
1528	153
1529	161
1530	154
1531	171
1532	150
1533	149
1534	169
1535	171
1536	156
1537	157
1538	165
1539	187
1540	153
1541	167
1542	180
1543	161
1544	175
1545	174
1546	187
1547	134
1548	165
1549	170
1550	180
1551	171
1552	200
1553	229
1554	277
1555	260
1556	259
1557	257
1558	234
1559	203
1560	203
1561	179
1562	162
1563	162
1564	157
1565	173
1566	152
1567	165
1568	135
1569	144
1570	145
1571	161
1572	182
1573	153
1574	133
1575	148
1576	158
1577	151
1578	157
1579	170
1580	152
1581	162
1582	165
1583	173
1584	160
1585	175
1586	143
1587	154
1588	163
1589	152
1590	147
1591	157
1592	172
1593	168
1594	160
1595	176
1596	149
1597	140
1598	142
1599	170
1600	149
1601	145
1602	180
1603	150
1604	154
1605	157
1606	161
1607	168
1608	152
1609	132
1610	142
1611	146
1612	168
1613	179
1614	157
1615	138
1616	135
1617	156
1618	182
1619	127
1620	134
1621	141
1622	152
1623	139
1624	142
1625	140
1626	163
1627	147
1628	159
1629	148
1630	164
1631	125
1632	140
1633	147
1634	166
1635	142
1636	133
1637	144
1638	153
1639	144
1640	121
1641	141
1642	151
1643	147
1644	155
1645	148
1646	125
1647	135
1648	148
1649	159
1650	143
1651	143
1652	156
1653	145
1654	149
1655	141
1656	141
1657	157
1658	146
1659	142
1660	131
1661	136
1662	160
1663	135
1664	153
1665	145
1666	162
1667	138
1668	132
1669	152
1670	138
1671	143
1672	175
1673	152
1674	168
1675	141
1676	139
1677	132
1678	142
1679	120
1680	141
1681	151
1682	143
1683	135
1684	118
1685	128
1686	129
1687	144
1688	143
1689	150
1690	132
1691	154
1692	163
1693	125
1694	135
1695	147
1696	131
1697	140
1698	150
1699	120
1700	149
1701	125
1702	132
1703	130
1704	131
1705	131
1706	144
1707	154
1708	126
1709	138
1710	155
1711	148
1712	141
1713	123
1714	155
1715	135
1716	126
1717	128
1718	122
1719	132
1720	122
1721	142
1722	137
1723	129
1724	128
1725	133
1726	152
1727	142
1728	164
1729	157
1730	136
1731	141
1732	151
1733	136
1734	158
1735	152
1736	125
1737	124
1738	147
1739	149
1740	123
1741	137
1742	144
1743	138
1744	134
1745	142
1746	142
1747	136
1748	109
1749	137
1750	149
1751	132
1752	143
1753	121
1754	132
1755	130
1756	128
1757	123
1758	144
1759	139
1760	144
1761	131
1762	137
1763	107
1764	130
1765	123
1766	137
1767	135
1768	133
1769	103
1770	141
1771	145
1772	137
1773	139
1774	127
1775	121
1776	122
1777	132
1778	129
1779	156
1780	140
1781	153
1782	179
1783	187
1784	196
1785	190
1786	179
1787	186
1788	155
1789	146
1790	134
1791	140
1792	120
1793	134
1794	118
1795	115
1796	116
1797	127
1798	126
1799	133
1800	98
1801	110
1802	114
1803	128
1804	106
1805	99
1806	135
1807	122
1808	99
1809	139
1810	140
1811	123
1812	123
1813	134
1814	132
1815	119
1816	133
1817	109
1818	130
1819	122
1820	118
1821	130
1822	107
1823	115
1824	116
1825	140
1826	98
1827	122
1828	109
1829	118
1830	121
1831	111
1832	119
1833	121
1834	113
1835	115
1836	140
1837	118
1838	144
1839	112
1840	117
1841	127
1842	133
1843	126
1844	119
1845	120
1846	103
1847	119
1848	115
1849	111
1850	121
1851	142
1852	176
1853	167
1854	209
1855	237
1856	264
1857	312
1858	261
1859	251
1860	194
1861	153
1862	130
1863	106
1864	134
1865	147
1866	108
1867	117
1868	109
1869	101
1870	129
1871	110
1872	110
1873	122
1874	108
1875	103
1876	105
1877	93
1878	115
1879	113
1880	126
1881	123
1882	91
1883	123
1884	111
1885	107
1886	121
1887	117
1888	105
1889	121
1890	118
1891	124
1892	111
1893	117
1894	112
1895	99
1896	112
1897	111
1898	112
1899	107
1900	115
1901	92
1902	99
1903	100
1904	121
1905	111
1906	116
1907	102
1908	102
1909	90
1910	121
1911	109
1912	104
1913	106
1914	102
1915	105
1916	93
1917	109
1918	120
1919	119
1920	108
1921	144
1922	114
1923	105
1924	102
1925	125
1926	107
1927	113
1928	122
1929	119
1930	109
1931	102
1932	91
1933	94
1934	98
1935	119
1936	98
1937	108
1938	107
1939	117
1940	103
1941	101
1942	113
1943	95
1944	112
1945	108
1946	116
1947	105
1948	118
1949	116
1950	100
1951	110
1952	101
1953	128
1954	108
1955	104
1956	113
1957	101
1958	110
1959	111
1960	115
1961	109
1962	91
1963	105
1964	99
1965	117
1966	86
1967	101
1968	102
1969	122
1970	99
1971	97
1972	113
1973	92
1974	102
1975	90
1976	103
1977	116
1978	105
1979	87
1980	87
1981	112
1982	89
1983	101
1984	105
1985	94
1986	111
1987	116
1988	106
1989	84
1990	91
1991	85
1992	108
1993	107
1994	113
1995	113
1996	107
1997	114
1998	105
1999	113
2000	104
2001	89
2002	95
2003	106
2004	106
2005	99
2006	103
2007	99
2008	78
2009	97
2010	100
2011	114
2012	92
2013	98
2014	96
2015	116
2016	103
2017	81
2018	113
2019	95
2020	102
2021	98
2022	120
2023	104
2024	101
2025	99
2026	82
2027	99
2028	106
2029	74
2030	103
2031	101
2032	108
2033	91
2034	88
2035	113
2036	96
2037	102
2038	90
2039	101
2040	85
2041	85
2042	97
2043	87
2044	83
2045	115
2046	106
2047	81
2048	96
2049	91
2050	101
2051	96
2052	100
2053	109
2054	115
2055	101
2056	88
2057	104
2058	100
2059	77
2060	92
2061	87
2062	97
2063	97
2064	94
2065	88
2066	93
2067	99
2068	102
2069	84
2070	108
2071	98
2072	91
2073	99
2074	103
2075	103
2076	97
2077	97
2078	83
2079	106
2080	119
2081	92
2082	92
2083	91
2084	97
2085	113
2086	106
2087	99
2088	89
2089	93
2090	111
2091	112
2092	88
2093	84
2094	91
2095	102
2096	107
2097	101
2098	101
2099	79
2100	87
2101	95
2102	101
2103	65
2104	98
2105	91
2106	90
2107	102
2108	94
2109	99
2110	88
2111	92
2112	87
2113	101
2114	97
2115	81
2116	101
2117	93
2118	101
2119	72
2120	96
2121	99
2122	85
2123	98
2124	97
2125	97
2126	83
2127	91
2128	110
2129	105
2130	97
2131	122
2132	81
2133	82
2134	99
2135	96
2136	96
2137	113
2138	96
2139	86
2140	93
2141	93
2142	82
2143	96
2144	76
2145	100
2146	100
2147	101
2148	76
2149	101
2150	103
2151	101
2152	81
2153	95
2154	95
2155	89
2156	84
2157	84
2158	72
2159	89
2160	101
2161	101
2162	106
2163	107
2164	90
2165	96
2166	87
2167	79
2168	91
2169	98
2170	69
2171	76
2172	85
2173	102
2174	110
2175	100
2176	90
2177	97
2178	92
2179	93
2180	97
2181	90
2182	76
2183	106
2184	82
2185	91
2186	78
2187	87
2188	80
2189	67
2190	98
2191	76
2192	96
2193	78
2194	82
2195	89
2196	82
2197	87
2198	100
2199	98
2200	74
2201	96
2202	79
2203	94
2204	96
2205	90
2206	85
2207	90
2208	80
2209	82
2210	92
2211	82
2212	79
2213	89
2214	78
2215	88
2216	68
2217	90
2218	91
2219	78
2220	72
2221	83
2222	103
2223	75
2224	83
2225	95
2226	82
2227	71
2228	86
2229	85
2230	86
2231	82
2232	80
2233	84
2234	86
2235	110
2236	88
2237	90
2238	76
2239	75
2240	79
2241	75
2242	86
2243	84
2244	97
2245	82
2246	87
2247	89
2248	74
2249	75
2250	80
2251	75
2252	105
2253	87
2254	80
2255	79
2256	74
2257	83
2258	87
2259	87
2260	75
2261	98
2262	84
2263	77
2264	70
2265	82
2266	91
2267	76
2268	85
2269	82
2270	100
2271	78
2272	84
2273	87
2274	79
2275	84
2276	85
2277	88
2278	68
2279	81
2280	66
2281	86
2282	91
2283	81
2284	87
2285	100
2286	70
2287	77
2288	95
2289	67
2290	86
2291	84
2292	99
2293	91
2294	93
2295	90
2296	71
2297	72
2298	87
2299	76
2300	82
2301	68
2302	94
2303	82
2304	71
2305	65
2306	77
2307	62
2308	85
2309	68
2310	74
2311	77
2312	73
2313	93
2314	91
2315	84
2316	88
2317	98
2318	84
2319	80
2320	77
2321	108
2322	99
2323	114
2324	82
2325	93
2326	71
2327	78
2328	95
2329	77
2330	76
2331	81
2332	90
2333	84
2334	76
2335	66
2336	77
2337	68
2338	92
2339	75
2340	75
2341	86
2342	87
2343	75
2344	85
2345	80
2346	81
2347	86
2348	84
2349	72
2350	81
2351	78
2352	85
2353	62
2354	83
2355	82
2356	65
2357	71
2358	81
2359	74
2360	81
2361	77
2362	75
2363	72
2364	89
2365	67
2366	73
2367	88
2368	84
2369	81
2370	74
2371	82
2372	88
2373	79
2374	79
2375	93
2376	81
2377	76
2378	80
2379	90
2380	78
2381	64
2382	72
2383	62
2384	85
2385	73
2386	79
2387	75
2388	87
2389	70
2390	76
2391	78
2392	90
2393	77
2394	67
2395	89
2396	80
2397	90
2398	74
2399	85
2400	65
2401	79
2402	95
2403	69
2404	65
2405	68
2406	71
2407	67
2408	99
2409	67
2410	76
2411	80
2412	64
2413	64
2414	84
2415	81
2416	76
2417	66
2418	87
2419	73
2420	78
2421	73
2422	83
2423	73
2424	83
2425	83
2426	69
2427	75
2428	88
2429	76
2430	77
2431	82
2432	82
2433	88
2434	73
2435	83
2436	62
2437	67
2438	86
2439	98
2440	81
2441	67
2442	83
2443	91
2444	103
2445	91
2446	111
2447	68
2448	94
2449	92
2450	86
2451	82
2452	62
2453	80
2454	76
2455	74
2456	77
2457	68
2458	78
2459	60
2460	71
2461	64
2462	66
2463	64
2464	70
2465	65
2466	77
2467	74
2468	67
2469	76
2470	73
2471	82
2472	65
2473	73
2474	71
2475	68
2476	80
2477	78
2478	77
2479	79
2480	89
2481	84
2482	63
2483	69
2484	69
2485	73
2486	64
2487	73
2488	70
2489	88
2490	65
2491	75
2492	80
2493	67
2494	83
2495	62
2496	67
2497	78
2498	64
2499	75
2500	82
2501	74
2502	69
2503	75
2504	73
2505	71
2506	69
2507	75
2508	82
2509	80
2510	83
2511	74
2512	73
2513	59
2514	66
2515	65
2516	75
2517	68
2518	76
2519	60
2520	69
2521	84
2522	71
2523	74
2524	72
2525	76
2526	64
2527	63
2528	75
2529	66
2530	72
2531	91
2532	78
2533	67
2534	67
2535	81
2536	74
2537	63
2538	82
2539	64
2540	78
2541	87
2542	72
2543	74
2544	75
2545	71
2546	58
2547	62
2548	69
2549	84
2550	70
2551	80
2552	52
2553	81
2554	66
2555	81
2556	68
2557	81
2558	64
2559	62
2560	60
2561	63
2562	54
2563	72
2564	71
2565	70
2566	58
2567	57
2568	71
2569	78
2570	63
2571	65
2572	83
2573	70
2574	79
2575	67
2576	71
2577	76
2578	75
2579	62
2580	73
2581	73
2582	73
2583	65
2584	60
2585	68
2586	52
2587	73
2588	63
2589	68
2590	65
2591	75
2592	72
2593	76
2594	66
2595	79
2596	65
2597	56
2598	75
2599	75
2600	55
2601	84
2602	51
2603	50
2604	60
2605	59
2606	60
2607	66
2608	68
2609	78
2610	79
2611	59
2612	71
2613	61
2614	49
2615	55
2616	70
2617	73
2618	73
2619	62
2620	53
2621	67
2622	80
2623	52
2624	51
2625	68
2626	56
2627	57
2628	46
2629	58
2630	60
2631	63
2632	59
2633	55
2634	79
2635	60
2636	66
2637	58
2638	64
2639	69
2640	57
2641	66
2642	74
2643	60
2644	79
2645	61
2646	72
2647	72
2648	85
2649	47
2650	62
2651	49
2652	71
2653	74
2654	69
2655	55
2656	62
2657	73
2658	64
2659	61
2660	60
2661	73
2662	57
2663	70
2664	65
2665	61
2666	75
2667	61
2668	59
2669	67
2670	59
2671	65
2672	56
2673	58
2674	56
2675	70
2676	68
2677	71
2678	68
2679	59
2680	54
2681	69
2682	54
2683	65
2684	56
2685	64
2686	80
2687	69
2688	87
2689	69
2690	81
2691	75
2692	71
2693	90
2694	126
2695	134
2696	131
2697	161
2698	179
2699	182
2700	201
2701	204
2702	198
2703	199
2704	184
2705	184
2706	137
2707	123
2708	141
2709	119
2710	99
2711	102
2712	76
2713	78
2714	63
2715	68
2716	74
2717	66
2718	88
2719	68
2720	70
2721	63
2722	62
2723	64
2724	76
2725	51
2726	55
2727	59
2728	63
2729	68
2730	67
2731	54
2732	64
2733	57
2734	68
2735	73
2736	58
2737	60
2738	57
2739	50
2740	57
2741	56
2742	63
2743	56
2744	72
2745	61
2746	63
2747	69
2748	67
2749	62
2750	61
2751	58
2752	46
2753	55
2754	57
2755	54
2756	59
2757	51
2758	59
2759	78
2760	57
2761	66
2762	64
2763	52
2764	60
2765	63
2766	67
2767	64
2768	68
2769	70
2770	65
2771	60
2772	74
2773	53
2774	63
2775	41
2776	57
2777	66
2778	55
2779	60
2780	81
2781	62
2782	80
2783	73
2784	80
2785	51
2786	57
2787	47
2788	61
2789	76
2790	55
2791	68
2792	51
2793	54
2794	59
2795	56
2796	65
2797	51
2798	58
2799	58
2800	55
2801	65
2802	60
2803	56
2804	73
2805	53
2806	49
2807	54
2808	48
2809	67
2810	58
2811	58
2812	58
2813	56
2814	61
2815	50
2816	58
2817	61
2818	50
2819	63
2820	61
2821	43
2822	54
2823	50
2824	63
2825	56
2826	52
2827	54
2828	56
2829	57
2830	56
2831	61
2832	67
2833	55
2834	58
2835	68
2836	65
2837	45
2838	37
2839	59
2840	63
2841	64
2842	48
2843	59
2844	50
2845	51
2846	62
2847	46
2848	49
2849	56
2850	59
2851	53
2852	56
2853	50
2854	63
2855	58
2856	59
2857	52
2858	64
2859	62
2860	51
2861	59
2862	54
2863	61
2864	59
2865	53
2866	57
2867	62
2868	59
2869	66
2870	56
2871	50
2872	70
2873	69
2874	69
2875	64
2876	53
2877	48
2878	61
2879	59
2880	56
2881	60
2882	56
2883	48
2884	62
2885	43
2886	66
2887	52
2888	62
2889	50
2890	61
2891	53
2892	54
2893	65
2894	60
2895	47
2896	72
2897	48
2898	55
2899	60
2900	41
2901	58
2902	53
2903	51
2904	58
2905	54
2906	66
2907	55
2908	45
2909	57
2910	56
2911	56
2912	48
2913	61
2914	56
2915	48
2916	41
2917	49
2918	47
2919	59
2920	43
2921	51
2922	62
2923	61
2924	44
2925	57
2926	52
2927	37
2928	39
2929	49
2930	42
2931	54
2932	63
2933	55
2934	57
2935	52
2936	66
2937	51
2938	60
2939	71
2940	57
2941	58
2942	55
2943	54
2944	66
2945	57
2946	59
2947	43
2948	56
2949	47
2950	61
2951	50
2952	50
2953	49
2954	56
2955	51
2956	45
2957	54
2958	55
2959	59
2960	54
2961	57
2962	57
2963	53
2964	47
2965	44
2966	60
2967	58
2968	62
2969	59
2970	70
2971	56
2972	51
2973	51
2974	68
2975	54
2976	48
2977	65
2978	61
2979	63
2980	76
2981	58
2982	62
2983	55
2984	57
2985	59
2986	54
2987	63
2988	59
2989	51
2990	43
2991	56
2992	53
2993	65
2994	42
2995	48
2996	54
2997	67
2998	47
2999	56
3000	45
3001	57
3002	43
3003	52
3004	67
3005	53
3006	55
3007	51
3008	52
3009	51
3010	59
3011	52
3012	60
3013	57
3014	63
3015	56
3016	34
3017	65
3018	51
3019	56
3020	52
3021	55
3022	53
3023	56
3024	47
3025	47
3026	60
3027	59
3028	46
3029	50
3030	56
3031	62
3032	59
3033	54
3034	53
3035	47
3036	52
3037	65
3038	48
3039	46
3040	54
3041	55
3042	56
3043	55
3044	63
3045	53
3046	54
3047	58
3048	57
3049	58
3050	75
3051	62
3052	62
3053	51
3054	60
3055	45
3056	53
3057	49
3058	64
3059	51
3060	61
3061	53
3062	44
3063	50
3064	58
3065	46
3066	61
3067	51
3068	60
3069	56
3070	51
3071	54
3072	56
3073	56
3074	55
3075	55
3076	46
3077	58
3078	51
3079	71
3080	78
3081	91
3082	112
3083	146
3084	156
3085	185
3086	184
3087	173
3088	154
3089	124
3090	104
3091	68
3092	70
3093	60
3094	50
3095	51
3096	55
3097	33
3098	55
3099	57
3100	44
3101	61
3102	58
3103	52
3104	60
3105	51
3106	47
3107	50
3108	46
3109	51
3110	40
3111	56
3112	53
3113	45
3114	54
3115	46
3116	66
3117	53
3118	50
3119	46
3120	54
3121	37
3122	58
3123	60
3124	50
3125	42
3126	48
3127	64
3128	54
3129	45
3130	60
3131	53
3132	54
3133	46
3134	57
3135	55
3136	42
3137	48
3138	54
3139	56
3140	58
3141	54
3142	58
3143	48
3144	42
3145	49
3146	46
3147	49
3148	42
3149	48
3150	51
3151	53
3152	56
3153	44
3154	54
3155	66
3156	56
3157	49
3158	68
3159	48
3160	49
3161	57
3162	39
3163	39
3164	40
3165	61
3166	62
3167	53
3168	51
3169	49
3170	45
3171	49
3172	56
3173	49
3174	59
3175	50
3176	34
3177	37
3178	46
3179	54
3180	45
3181	62
3182	42
3183	47
3184	49
3185	48
3186	43
3187	56
3188	57
3189	50
3190	45
3191	40
3192	43
3193	43
3194	55
3195	49
3196	45
3197	45
3198	46
3199	56
3200	57
3201	53
3202	48
3203	53
3204	59
3205	56
3206	49
3207	61
3208	49
3209	48
3210	46
3211	45
3212	58
3213	54
3214	56
3215	50
3216	53
3217	56
3218	78
3219	79
3220	100
3221	155
3222	178
3223	226
3224	239
3225	216
3226	205
3227	211
3228	141
3229	101
3230	85
3231	76
3232	54
3233	49
3234	51
3235	43
3236	45
3237	48
3238	30
3239	41
3240	51
3241	46
3242	50
3243	49
3244	48
3245	60
3246	43
3247	41
3248	42
3249	37
3250	43
3251	43
3252	44
3253	47
3254	54
3255	33
3256	44
3257	35
3258	43
3259	37
3260	46
3261	49
3262	50
3263	37
3264	50
3265	59
3266	39
3267	53
3268	59
3269	54
3270	42
3271	44
3272	55
3273	56
3274	38
3275	49
3276	35
3277	48
3278	45
3279	46
3280	38
3281	48
3282	48
3283	51
3284	53
3285	58
3286	38
3287	48
3288	61
3289	54
3290	32
3291	52
3292	44
3293	51
3294	43
3295	37
3296	45
3297	59
3298	38
3299	55
3300	47
3301	60
3302	49
3303	51
3304	39
3305	43
3306	38
3307	44
3308	51
3309	42
3310	49
3311	51
3312	43
3313	46
3314	43
3315	58
3316	48
3317	46
3318	52
3319	37
3320	49
3321	46
3322	61
3323	39
3324	48
3325	44
3326	54
3327	43
3328	59
3329	52
3330	42
3331	36
3332	38
3333	42
3334	35
3335	30
3336	52
3337	50
3338	40
3339	48
3340	43
3341	46
3342	42
3343	31
3344	43
3345	42
3346	47
3347	41
3348	32
3349	56
3350	40
3351	66
3352	49
3353	62
3354	47
3355	50
3356	66
3357	51
3358	41
3359	49
3360	43
3361	42
3362	40
3363	39
3364	48
3365	46
3366	43
3367	48
3368	57
3369	43
3370	38
3371	31
3372	37
3373	40
3374	29
3375	30
3376	45
3377	45
3378	48
3379	52
3380	33
3381	40
3382	38
3383	43
3384	40
3385	43
3386	47
3387	36
3388	53
3389	49
3390	33
3391	42
3392	43
3393	41
3394	47
3395	62
3396	38
3397	51
3398	54
3399	52
3400	39
3401	40
3402	44
3403	46
3404	39
3405	37
3406	42
3407	46
3408	43
3409	34
3410	44
3411	43
3412	40
3413	40
3414	36
3415	38
3416	41
3417	34
3418	37
3419	37
3420	42
3421	52
3422	53
3423	51
3424	46
3425	43
3426	51
3427	44
3428	42
3429	40
3430	36
3431	48
3432	50
3433	55
3434	35
3435	43
3436	30
3437	59
3438	50
3439	42
3440	43
3441	35
3442	29
3443	50
3444	50
3445	53
3446	41
3447	47
3448	34
3449	24
3450	43
3451	51
3452	36
3453	42
3454	41
3455	53
3456	55
3457	48
3458	34
3459	38
3460	42
3461	44
3462	38
3463	39
3464	30
3465	50
3466	31
3467	47
3468	35
3469	46
3470	32
3471	44
3472	41
3473	41
3474	48
3475	37
3476	43
3477	40
3478	39
3479	51
3480	49
3481	57
3482	39
3483	45
3484	48
3485	30
3486	37
3487	52
3488	42
3489	41
3490	38
3491	45
3492	39
3493	48
3494	40
3495	37
3496	54
3497	50
3498	46
3499	46
3500	60
3501	76
3502	66
3503	75
3504	75
3505	64
3506	61
3507	53
3508	46
3509	48
3510	37
3511	46
3512	29
3513	37
3514	37
3515	46
3516	58
3517	41
3518	40
3519	49
3520	45
3521	55
3522	64
3523	40
3524	44
3525	48
3526	43
3527	52
3528	48
3529	31
3530	51
3531	59
3532	47
3533	38
3534	43
3535	28
3536	32
3537	43
3538	54
3539	48
3540	51
3541	44
3542	34
3543	35
3544	39
3545	43
3546	37
3547	37
3548	36
3549	51
3550	36
3551	41
3552	33
3553	41
3554	53
3555	46
3556	44
3557	45
3558	44
3559	35
3560	36
3561	40
3562	42
3563	38
3564	30
3565	33
3566	41
3567	34
3568	35
3569	48
3570	39
3571	41
3572	44
3573	34
3574	40
3575	51
3576	44
3577	44
3578	36
3579	43
3580	37
3581	39
3582	44
3583	54
3584	32
3585	35
3586	48
3587	45
3588	37
3589	42
3590	37
3591	47
3592	53
3593	45
3594	33
3595	42
3596	47
3597	36
3598	40
3599	52
3600	45
3601	42
3602	55
3603	42
3604	36
3605	47
3606	42
3607	37
3608	42
3609	36
3610	33
3611	49
3612	39
3613	39
3614	48
3615	39
3616	31
3617	42
3618	45
3619	44
3620	44
3621	47
3622	29
3623	45
3624	39
3625	38
3626	42
3627	41
3628	38
3629	37
3630	43
3631	34
3632	36
3633	25
3634	40
3635	37
3636	38
3637	37
3638	41
3639	47
3640	49
3641	35
3642	30
3643	40
3644	42
3645	33
3646	37
3647	53
3648	38
3649	43
3650	32
3651	34
3652	40
3653	44
3654	42
3655	39
3656	40
3657	53
3658	43
3659	51
3660	37
3661	36
3662	39
3663	42
3664	45
3665	40
3666	37
3667	42
3668	46
3669	40
3670	54
3671	42
3672	42
3673	40
3674	41
3675	40
3676	46
3677	37
3678	48
3679	38
3680	40
3681	44
3682	39
3683	38
3684	48
3685	43
3686	48
3687	35
3688	40
3689	39
3690	35
3691	51
3692	40
3693	42
3694	38
3695	33
3696	35
3697	45
3698	29
3699	40
3700	43
3701	42
3702	50
3703	38
3704	48
3705	43
3706	41
3707	38
3708	36
3709	50
3710	38
3711	40
3712	37
3713	35
3714	41
3715	36
3716	32
3717	33
3718	44
3719	42
3720	40
3721	36
3722	46
3723	50
3724	44
3725	38
3726	45
3727	33
3728	43
3729	31
3730	48
3731	38
3732	30
3733	40
3734	40
3735	34
3736	40
3737	43
3738	37
3739	41
3740	42
3741	31
3742	50
3743	52
3744	42
3745	34
3746	33
3747	34
3748	49
3749	40
3750	31
3751	34
3752	40
3753	35
3754	44
3755	37
3756	35
3757	41
3758	40
3759	38
3760	39
3761	31
3762	40
3763	37
3764	35
3765	48
3766	37
3767	37
3768	40
3769	48
3770	28
3771	53
3772	38
3773	41
3774	43
3775	37
3776	43
3777	38
3778	37
3779	34
3780	33
3781	32
3782	29
3783	31
3784	42
3785	36
3786	27
3787	42
3788	40
3789	38
3790	43
3791	52
3792	43
3793	37
3794	38
3795	29
3796	53
3797	39
3798	37
3799	42
3800	34
3801	45
3802	36
3803	34
3804	32
3805	38
3806	29
3807	51
3808	35
3809	28
3810	43
3811	36
3812	48
3813	37
3814	35
3815	34
3816	45
3817	36
3818	42
3819	47
3820	27
3821	43
3822	24
3823	32
3824	23
3825	47
3826	35
3827	42
3828	45
3829	43
3830	38
3831	43
3832	38
3833	38
3834	40
3835	37
3836	33
3837	48
3838	37
3839	31
3840	39
3841	36
3842	46
3843	43
3844	32
3845	44
3846	43
3847	35
3848	56
3849	64
3850	69
3851	66
3852	64
3853	74
3854	76
3855	68
3856	53
3857	44
3858	39
3859	49
3860	39
3861	36
3862	42
3863	25
3864	35
3865	41
3866	27
3867	29
3868	44
3869	31
3870	33
3871	40
3872	39
3873	34
3874	51
3875	35
3876	32
3877	38
3878	43
3879	46
3880	41
3881	40
3882	43
3883	40
3884	31
3885	30
3886	37
3887	42
3888	35
3889	31
3890	42
3891	37
3892	29
3893	45
3894	48
3895	37
3896	40
3897	39
3898	35
3899	29
3900	44
3901	41
3902	40
3903	34
3904	28
3905	37
3906	31
3907	47
3908	37
3909	45
3910	33
3911	42
3912	31
3913	35
3914	31
3915	43
3916	39
3917	34
3918	41
3919	28
3920	38
3921	38
3922	29
3923	38
3924	37
3925	40
3926	43
3927	31
3928	36
3929	37
3930	47
3931	27
3932	32
3933	40
3934	36
3935	37
3936	37
3937	33
3938	42
3939	33
3940	51
3941	31
3942	34
3943	39
3944	33
3945	37
3946	34
3947	31
3948	43
3949	32
3950	38
3951	42
3952	35
3953	32
3954	33
3955	38
3956	34
3957	37
3958	42
3959	29
3960	33
3961	30
3962	40
3963	40
3964	37
3965	32
3966	38
3967	28
3968	40
3969	33
3970	36
3971	29
3972	37
3973	31
3974	42
3975	48
3976	38
3977	37
3978	40
3979	38
3980	36
3981	33
3982	38
3983	40
3984	37
3985	37
3986	45
3987	31
3988	43
3989	39
3990	26
3991	35
3992	38
3993	40
3994	39
3995	37
3996	44
3997	34
3998	32
3999	41
4000	59
4001	31
4002	26
4003	37
4004	43
4005	45
4006	25
4007	35
4008	35
4009	32
4010	32
4011	30
4012	32
4013	44
4014	44
4015	41
4016	35
4017	31
4018	37
4019	36
4020	35
4021	31
4022	30
4023	38
4024	31
4025	34
4026	38
4027	41
4028	35
4029	29
4030	33
4031	30
4032	39
4033	41
4034	38
4035	31
4036	36
4037	36
4038	36
4039	40
4040	36
4041	30
4042	33
4043	25
4044	35
4045	33
4046	38
4047	34
4048	36
4049	31
4050	37
4051	34
4052	34
4053	30
4054	40
4055	36
4056	31
4057	41
4058	45
4059	33
4060	38
4061	38
4062	37
4063	47
4064	31
4065	39
4066	48
4067	46
4068	62
4069	62
4070	51
4071	43
4072	45
4073	51
4074	45
4075	39
4076	37
4077	26
4078	33
4079	22
4080	32
4081	21
4082	34
4083	35
4084	38
4085	30
4086	40
4087	42
4088	55
4089	35
4090	50
4091	38
4092	41
4093	24
4094	39
4095	26
4096	25
4097	35
4098	31
4099	30
4100	35
4101	35
4102	42
4103	40
4104	27
4105	27
4106	33
4107	42
4108	30
4109	36
4110	38
4111	25
4112	34
4113	35
4114	46
4115	25
4116	30
4117	27
4118	27
4119	37
4120	27
4121	22
4122	28
4123	30
4124	34
4125	34
4126	30
4127	34
4128	50
4129	38
4130	37
4131	22
4132	33
4133	35
4134	37
4135	27
4136	36
4137	37
4138	31
4139	51
4140	41
4141	32
4142	37
4143	27
4144	36
4145	47
4146	31
4147	45
4148	32
4149	31
4150	30
4151	33
4152	27
4153	32
4154	31
4155	33
4156	32
4157	42
4158	37
4159	27
4160	32
4161	34
4162	35
4163	35
4164	43
4165	22
4166	35
4167	18
4168	31
4169	42
4170	40
4171	34
4172	40
4173	27
4174	28
4175	33
4176	29
4177	33
4178	37
4179	29
4180	36
4181	31
4182	43
4183	35
4184	28
4185	26
4186	26
4187	41
4188	30
4189	28
4190	32
4191	38
4192	28
4193	42
4194	38
4195	36
4196	45
4197	27
4198	27
4199	30
4200	32
4201	42
4202	30
4203	38
4204	34
4205	32
4206	43
4207	33
4208	42
4209	52
4210	53
4211	38
4212	57
4213	53
4214	40
4215	46
4216	42
4217	28
4218	39
4219	32
4220	28
4221	38
4222	22
4223	42
4224	34
4225	37
4226	39
4227	29
4228	39
4229	33
4230	36
4231	32
4232	29
4233	36
4234	29
4235	36
4236	32
4237	30
4238	33
4239	35
4240	29
4241	31
4242	24
4243	35
4244	37
4245	29
4246	30
4247	31
4248	39
4249	40
4250	30
4251	33
4252	33
4253	37
4254	23
4255	43
4256	30
4257	40
4258	38
4259	38
4260	29
4261	32
4262	39
4263	30
4264	25
4265	33
4266	32
4267	40
4268	34
4269	41
4270	36
4271	36
4272	44
4273	38
4274	38
4275	27
4276	36
4277	29
4278	30
4279	39
4280	34
4281	25
4282	39
4283	30
4284	36
4285	43
4286	32
4287	28
4288	26
4289	32
4290	30
4291	33
4292	28
4293	32
4294	35
4295	32
4296	28
4297	25
4298	33
4299	44
4300	26
4301	33
4302	29
4303	34
4304	32
4305	39
4306	26
4307	27
4308	29
4309	36
4310	27
4311	29
4312	23
4313	35
4314	35
4315	33
4316	36
4317	37
4318	35
4319	42
4320	33
4321	32
4322	32
4323	33
4324	35
4325	39
4326	32
4327	34
4328	34
4329	31
4330	33
4331	31
4332	29
4333	29
4334	30
4335	32
4336	33
4337	24
4338	34
4339	31
4340	28
4341	28
4342	40
4343	27
4344	27
4345	26
4346	33
4347	30
4348	34
4349	38
4350	31
4351	20
4352	33
4353	31
4354	31
4355	37
4356	31
4357	26
4358	27
4359	26
4360	30
4361	24
4362	24
4363	28
4364	27
4365	31
4366	34
4367	33
4368	33
4369	28
4370	38
4371	39
4372	25
4373	46
4374	36
4375	25
4376	32
4377	36
4378	44
4379	26
4380	37
4381	25
4382	43
4383	37
4384	36
4385	31
4386	28
4387	29
4388	23
4389	28
4390	40
4391	28
4392	27
4393	28
4394	36
4395	38
4396	31
4397	26
4398	34
4399	37
4400	39
4401	25
4402	37
4403	38
4404	38
4405	40
4406	31
4407	20
4408	39
4409	37
4410	25
4411	29
4412	31
4413	32
4414	29
4415	28
4416	34
4417	19
4418	40
4419	31
4420	33
4421	47
4422	27
4423	36
4424	29
4425	27
4426	30
4427	35
4428	37
4429	42
4430	40
4431	39
4432	30
4433	46
4434	28
4435	28
4436	32
4437	33
4438	38
4439	26
4440	31
4441	29
4442	32
4443	26
4444	20
4445	33
4446	34
4447	28
4448	39
4449	30
4450	32
4451	37
4452	22
4453	43
4454	28
4455	35
4456	31
4457	25
4458	35
4459	33
4460	28
4461	28
4462	31
4463	36
4464	31
4465	31
4466	36
4467	22
4468	32
4469	28
4470	24
4471	21
4472	34
4473	33
4474	26
4475	26
4476	31
4477	25
4478	38
4479	26
4480	25
4481	21
4482	28
4483	38
4484	31
4485	26
4486	24
4487	26
4488	24
4489	28
4490	42
4491	25
4492	31
4493	25
4494	24
4495	28
4496	34
4497	25
4498	28
4499	36
4500	30
4501	28
4502	29
4503	34
4504	30
4505	29
4506	29
4507	34
4508	39
4509	22
4510	34
4511	28
4512	28
4513	36
4514	20
4515	30
4516	27
4517	36
4518	25
4519	24
4520	33
4521	38
4522	36
4523	33
4524	27
4525	28
4526	41
4527	31
4528	31
4529	35
4530	29
4531	28
4532	38
4533	31
4534	25
4535	39
4536	25
4537	31
4538	39
4539	27
4540	27
4541	31
4542	30
4543	30
4544	28
4545	31
4546	22
4547	22
4548	27
4549	29
4550	33
4551	31
4552	33
4553	29
4554	29
4555	39
4556	43
4557	51
4558	59
4559	37
4560	43
4561	47
4562	43
4563	41
4564	39
4565	49
4566	28
4567	41
4568	27
4569	28
4570	35
4571	26
4572	28
4573	43
4574	12
4575	27
4576	32
4577	18
4578	31
4579	21
4580	25
4581	27
4582	25
4583	35
4584	25
4585	36
4586	27
4587	30
4588	22
4589	35
4590	21
4591	31
4592	37
4593	28
4594	25
4595	30
4596	17
4597	31
4598	23
4599	27
4600	33
4601	38
4602	23
4603	36
4604	29
4605	25
4606	33
4607	38
4608	25
4609	26
4610	27
4611	35
4612	35
4613	32
4614	28
4615	27
4616	27
4617	17
4618	20
4619	39
4620	20
4621	27
4622	32
4623	25
4624	32
4625	28
4626	31
4627	34
4628	34
4629	31
4630	21
4631	26
4632	34
4633	36
4634	23
4635	30
4636	32
4637	33
4638	33
4639	31
4640	29
4641	35
4642	30
4643	31
4644	28
4645	16
4646	32
4647	29
4648	25
4649	32
4650	32
4651	21
4652	37
4653	24
4654	27
4655	32
4656	31
4657	38
4658	24
4659	36
4660	30
4661	46
4662	25
4663	25
4664	26
4665	23
4666	26
4667	41
4668	22
4669	32
4670	22
4671	33
4672	31
4673	28
4674	24
4675	40
4676	25
4677	27
4678	23
4679	32
4680	28
4681	28
4682	28
4683	23
4684	32
4685	29
4686	30
4687	33
4688	28
4689	30
4690	21
4691	22
4692	27
4693	28
4694	29
4695	34
4696	26
4697	30
4698	17
4699	24
4700	31
4701	36
4702	27
4703	30
4704	26
4705	40
4706	30
4707	20
4708	29
4709	25
4710	24
4711	33
4712	19
4713	33
4714	25
4715	33
4716	23
4717	34
4718	29
4719	27
4720	24
4721	34
4722	30
4723	27
4724	19
4725	30
4726	18
4727	22
4728	27
4729	23
4730	29
4731	36
4732	31
4733	31
4734	29
4735	19
4736	34
4737	29
4738	32
4739	26
4740	22
4741	19
4742	15
4743	27
4744	22
4745	32
4746	27
4747	30
4748	23
4749	28
4750	28
4751	30
4752	34
4753	20
4754	35
4755	32
4756	17
4757	31
4758	35
4759	29
4760	29
4761	17
4762	35
4763	31
4764	33
4765	30
4766	27
4767	34
4768	23
4769	22
4770	40
4771	22
4772	33
4773	14
4774	22
4775	23
4776	30
4777	37
4778	26
4779	28
4780	26
4781	35
4782	36
4783	24
4784	31
4785	24
4786	21
4787	24
4788	28
4789	34
4790	28
4791	26
4792	31
4793	15
4794	22
4795	30
4796	32
4797	34
4798	28
4799	32
4800	18
4801	38
4802	30
4803	28
4804	24
4805	30
4806	36
4807	28
4808	26
4809	30
4810	29
4811	23
4812	32
4813	29
4814	30
4815	32
4816	33
4817	29
4818	29
4819	30
4820	35
4821	39
4822	54
4823	55
4824	66
4825	88
4826	112
4827	92
4828	131
4829	116
4830	132
4831	118
4832	93
4833	85
4834	63
4835	52
4836	41
4837	31
4838	36
4839	22
4840	34
4841	29
4842	29
4843	28
4844	27
4845	28
4846	31
4847	26
4848	20
4849	27
4850	26
4851	22
4852	25
4853	21
4854	26
4855	21
4856	31
4857	21
4858	23
4859	32
4860	28
4861	22
4862	17
4863	19
4864	19
4865	20
4866	17
4867	16
4868	26
4869	24
4870	33
4871	34
4872	26
4873	32
4874	25
4875	26
4876	35
4877	24
4878	22
4879	27
4880	33
4881	22
4882	35
4883	17
4884	27
4885	26
4886	25
4887	27
4888	28
4889	17
4890	20
4891	27
4892	27
4893	16
4894	30
4895	32
4896	35
4897	31
4898	23
4899	23
4900	35
4901	23
4902	24
4903	31
4904	34
4905	19
4906	25
4907	27
4908	24
4909	24
4910	20
4911	30
4912	23
4913	30
4914	26
4915	25
4916	29
4917	23
4918	20
4919	23
4920	43
4921	32
4922	26
4923	24
4924	30
4925	23
4926	22
4927	29
4928	28
4929	27
4930	17
4931	29
4932	36
4933	20
4934	22
4935	17
4936	16
4937	23
4938	27
4939	28
4940	18
4941	24
4942	34
4943	25
4944	36
4945	36
4946	26
4947	25
4948	41
4949	31
4950	34
4951	31
4952	27
4953	35
4954	40
4955	36
4956	40
4957	28
4958	22
4959	23
4960	20
4961	17
4962	23
4963	25
4964	27
4965	27
4966	25
4967	27
4968	24
4969	36
4970	30
4971	23
4972	33
4973	19
4974	26
4975	23
4976	23
4977	26
4978	33
4979	16
4980	25
4981	18
4982	25
4983	38
4984	24
4985	20
4986	23
4987	30
4988	33
4989	23
4990	27
4991	21
4992	25
4993	34
4994	27
4995	27
4996	28
4997	28
4998	24
4999	31
5000	20
5001	16
5002	30
5003	33
5004	16
5005	30
5006	23
5007	21
5008	23
5009	26
5010	23
5011	21
5012	34
5013	30
5014	28
5015	29
5016	25
5017	29
5018	32
5019	21
5020	25
5021	25
5022	23
5023	31
5024	26
5025	20
5026	30
5027	22
5028	39
5029	28
5030	26
5031	30
5032	29
5033	26
5034	31
5035	33
5036	27
5037	20
5038	29
5039	27
5040	20
5041	37
5042	26
5043	30
5044	13
5045	37
5046	23
5047	34
5048	25
5049	31
5050	19
5051	32
5052	27
5053	31
5054	22
5055	26
5056	34
5057	29
5058	17
5059	20
5060	20
5061	23
5062	27
5063	24
5064	34
5065	19
5066	26
5067	31
5068	36
5069	34
5070	40
5071	27
5072	22
5073	21
5074	25
5075	20
5076	25
5077	29
5078	24
5079	24
5080	19
5081	26
5082	16
5083	20
5084	25
5085	24
5086	37
5087	17
5088	32
5089	17
5090	17
5091	32
5092	20
5093	27
5094	27
5095	25
5096	32
5097	26
5098	21
5099	26
5100	25
5101	19
5102	26
5103	19
5104	17
5105	23
5106	27
5107	39
5108	29
5109	51
5110	42
5111	24
5112	45
5113	43
5114	39
5115	50
5116	46
5117	35
5118	35
5119	44
5120	18
5121	24
5122	34
5123	25
5124	28
5125	18
5126	22
5127	18
5128	34
5129	38
5130	41
5131	41
5132	56
5133	68
5134	74
5135	77
5136	86
5137	87
5138	85
5139	66
5140	54
5141	50
5142	45
5143	35
5144	30
5145	35
5146	15
5147	29
5148	29
5149	22
5150	21
5151	17
5152	23
5153	20
5154	31
5155	19
5156	21
5157	25
5158	27
5159	21
5160	23
5161	25
5162	21
5163	26
5164	19
5165	16
5166	21
5167	14
5168	19
5169	34
5170	20
5171	22
5172	25
5173	23
5174	28
5175	24
5176	24
5177	22
5178	24
5179	26
5180	22
5181	26
5182	24
5183	21
5184	22
5185	26
5186	20
5187	26
5188	27
5189	23
5190	23
5191	24
5192	20
5193	34
5194	26
5195	24
5196	15
5197	22
5198	17
5199	20
5200	28
5201	23
5202	25
5203	27
5204	25
5205	23
5206	18
5207	26
5208	20
5209	25
5210	26
5211	39
5212	20
5213	25
5214	21
5215	20
5216	24
5217	27
5218	22
5219	22
5220	25
5221	19
5222	16
5223	28
5224	13
5225	22
5226	22
5227	20
5228	30
5229	25
5230	24
5231	22
5232	22
5233	25
5234	24
5235	26
5236	35
5237	28
5238	19
5239	35
5240	23
5241	27
5242	23
5243	24
5244	26
5245	14
5246	33
5247	25
5248	23
5249	25
5250	31
5251	22
5252	23
5253	19
5254	21
5255	22
5256	21
5257	26
5258	23
5259	27
5260	28
5261	24
5262	26
5263	27
5264	23
5265	27
5266	23
5267	28
5268	25
5269	28
5270	27
5271	30
5272	24
5273	14
5274	29
5275	14
5276	23
5277	15
5278	34
5279	16
5280	23
5281	17
5282	22
5283	22
5284	20
5285	22
5286	28
5287	19
5288	26
5289	21
5290	25
5291	28
5292	23
5293	24
5294	15
5295	27
5296	19
5297	18
5298	28
5299	23
5300	33
5301	27
5302	26
5303	30
5304	15
5305	26
5306	36
5307	31
5308	22
5309	24
5310	32
5311	30
5312	21
5313	33
5314	28
5315	28
5316	22
5317	23
5318	20
5319	28
5320	22
5321	17
5322	19
5323	23
5324	22
5325	29
5326	19
5327	20
5328	17
5329	21
5330	28
5331	24
5332	19
5333	17
5334	29
5335	25
5336	19
5337	23
5338	22
5339	25
5340	23
5341	24
5342	27
5343	23
5344	28
5345	25
5346	20
5347	16
5348	25
5349	17
5350	21
5351	33
5352	18
5353	22
5354	26
5355	18
5356	20
5357	20
5358	20
5359	23
5360	18
5361	26
5362	26
5363	24
5364	22
5365	20
5366	25
5367	22
5368	22
5369	15
5370	18
5371	23
5372	29
5373	28
5374	26
5375	27
5376	33
5377	23
5378	28
5379	25
5380	27
5381	26
5382	18
5383	26
5384	28
5385	25
5386	24
5387	23
5388	26
5389	11
5390	21
5391	27
5392	26
5393	21
5394	25
5395	16
5396	24
5397	32
5398	22
5399	20
5400	16
5401	31
5402	22
5403	18
5404	27
5405	11
5406	20
5407	16
5408	22
5409	17
5410	25
5411	22
5412	23
5413	23
5414	25
5415	19
5416	25
5417	20
5418	27
5419	18
5420	24
5421	24
5422	30
5423	14
5424	27
5425	21
5426	24
5427	21
5428	29
5429	19
5430	16
5431	17
5432	21
5433	28
5434	23
5435	30
5436	21
5437	29
5438	20
5439	22
5440	28
5441	26
5442	19
5443	25
5444	22
5445	22
5446	25
5447	18
5448	30
5449	27
5450	31
5451	17
5452	31
5453	16
5454	25
5455	19
5456	32
5457	24
5458	24
5459	25
5460	27
5461	32
5462	16
5463	18
5464	16
5465	21
5466	30
5467	26
5468	21
5469	25
5470	22
5471	34
5472	32
5473	24
5474	29
5475	26
5476	19
5477	31
5478	35
5479	35
5480	28
5481	26
5482	20
5483	22
5484	20
5485	25
5486	23
5487	20
5488	22
5489	25
5490	23
5491	25
5492	27
5493	22
5494	29
5495	23
5496	26
5497	20
5498	18
5499	26
5500	20
5501	22
5502	19
5503	22
5504	27
5505	19
5506	15
5507	29
5508	29
5509	24
5510	21
5511	26
5512	24
5513	29
5514	29
5515	20
5516	20
5517	25
5518	24
5519	29
5520	28
5521	22
5522	19
5523	21
5524	21
5525	28
5526	31
5527	18
5528	22
5529	23
5530	24
5531	19
5532	27
5533	21
5534	22
5535	15
5536	24
5537	19
5538	21
5539	23
5540	14
5541	22
5542	25
5543	18
5544	23
5545	18
5546	17
5547	26
5548	24
5549	22
5550	13
5551	17
5552	18
5553	32
5554	23
5555	29
5556	32
5557	31
5558	16
5559	24
5560	21
5561	17
5562	21
5563	24
5564	21
5565	17
5566	27
5567	22
5568	25
5569	21
5570	18
5571	21
5572	20
5573	25
5574	31
5575	21
5576	21
5577	14
5578	16
5579	32
5580	29
5581	15
5582	26
5583	18
5584	19
5585	24
5586	18
5587	21
5588	27
5589	24
5590	18
5591	22
5592	23
5593	19
5594	29
5595	30
5596	29
5597	19
5598	22
5599	24
5600	22
5601	24
5602	22
5603	20
5604	19
5605	21
5606	23
5607	22
5608	19
5609	15
5610	25
5611	25
5612	19
5613	21
5614	30
5615	22
5616	18
5617	26
5618	27
5619	24
5620	30
5621	20
5622	18
5623	16
5624	22
5625	19
5626	26
5627	24
5628	20
5629	31
5630	29
5631	24
5632	27
5633	31
5634	17
5635	18
5636	28
5637	20
5638	25
5639	25
5640	18
5641	34
5642	24
5643	18
5644	23
5645	26
5646	29
5647	23
5648	24
5649	19
5650	26
5651	26
5652	16
5653	26
5654	22
5655	21
5656	23
5657	22
5658	20
5659	21
5660	27
5661	13
5662	13
5663	34
5664	17
5665	27
5666	21
5667	25
5668	19
5669	26
5670	29
5671	21
5672	28
5673	21
5674	22
5675	18
5676	17
5677	19
5678	16
5679	23
5680	26
5681	15
5682	12
5683	31
5684	23
5685	24
5686	26
5687	23
5688	26
5689	23
5690	27
5691	21
5692	32
5693	18
5694	11
5695	17
5696	24
5697	22
5698	17
5699	22
5700	24
5701	11
5702	21
5703	26
5704	21
5705	25
5706	26
5707	25
5708	24
5709	20
5710	28
5711	31
5712	27
5713	23
5714	20
5715	25
5716	23
5717	28
5718	25
5719	17
5720	24
5721	25
5722	22
5723	18
5724	29
5725	22
5726	23
5727	23
5728	26
5729	23
5730	26
5731	21
5732	14
5733	25
5734	32
5735	18
5736	23
5737	30
5738	13
5739	27
5740	21
5741	21
5742	18
5743	25
5744	22
5745	22
5746	25
5747	26
5748	18
5749	24
5750	22
5751	16
5752	25
5753	29
5754	28
5755	25
5756	16
5757	20
5758	25
5759	14
5760	14
5761	23
5762	18
5763	22
5764	22
5765	9
5766	21
5767	26
5768	18
5769	16
5770	24
5771	21
5772	30
5773	27
5774	14
5775	25
5776	23
5777	24
5778	30
5779	27
5780	29
5781	26
5782	28
5783	23
5784	17
5785	20
5786	18
5787	18
5788	20
5789	25
5790	18
5791	25
5792	20
5793	25
5794	17
5795	15
5796	26
5797	20
5798	21
5799	16
5800	22
5801	23
5802	18
5803	24
5804	25
5805	18
5806	9
5807	32
5808	24
5809	28
5810	25
5811	24
5812	23
5813	24
5814	24
5815	17
5816	17
5817	27
5818	17
5819	10
5820	23
5821	15
5822	22
5823	34
5824	19
5825	23
5826	29
5827	30
5828	22
5829	20
5830	20
5831	23
5832	24
5833	22
5834	22
5835	18
5836	19
5837	24
5838	17
5839	24
5840	21
5841	19
5842	28
5843	17
5844	32
5845	22
5846	21
5847	20
5848	18
5849	25
5850	26
5851	26
5852	27
5853	23
5854	27
5855	24
5856	33
5857	24
5858	22
5859	23
5860	23
5861	18
5862	21
5863	20
5864	21
5865	24
5866	23
5867	17
5868	21
5869	21
5870	32
5871	23
5872	22
5873	19
5874	25
5875	24
5876	18
5877	26
5878	32
5879	18
5880	20
5881	16
5882	27
5883	17
5884	29
5885	23
5886	19
5887	20
5888	22
5889	29
5890	18
5891	24
5892	25
5893	27
5894	16
5895	18
5896	23
5897	24
5898	21
5899	19
5900	33
5901	23
5902	19
5903	19
5904	19
5905	13
5906	25
5907	23
5908	25
5909	26
5910	21
5911	19
5912	24
5913	19
5914	26
5915	21
5916	29
5917	19
5918	26
5919	26
5920	27
5921	22
5922	24
5923	32
5924	21
5925	17
5926	24
5927	20
5928	21
5929	27
5930	19
5931	19
5932	30
5933	46
5934	42
5935	41
5936	43
5937	46
5938	67
5939	66
5940	64
5941	68
5942	59
5943	68
5944	49
5945	43
5946	43
5947	23
5948	31
5949	24
5950	19
5951	29
5952	21
5953	22
5954	20
5955	20
5956	19
5957	29
5958	21
5959	19
5960	34
5961	22
5962	16
5963	16
5964	21
5965	14
5966	22
5967	25
5968	23
5969	18
5970	26
5971	15
5972	29
5973	16
5974	25
5975	23
5976	15
5977	19
5978	25
5979	21
5980	26
5981	19
5982	24
5983	19
5984	23
5985	21
5986	33
5987	25
5988	24
5989	11
5990	23
5991	20
5992	21
5993	27
5994	18
5995	22
5996	21
5997	11
5998	28
5999	14
6000	20
6001	20
6002	22
6003	24
6004	29
6005	23
6006	22
6007	24
6008	29
6009	19
6010	24
6011	22
6012	23
6013	29
6014	18
6015	33
6016	25
6017	16
6018	19
6019	21
6020	17
6021	30
6022	17
6023	19
6024	18
6025	14
6026	24
6027	28
6028	33
6029	26
6030	23
6031	16
6032	19
6033	22
6034	38
6035	21
6036	13
6037	17
6038	25
6039	19
6040	26
6041	18
6042	22
6043	17
6044	20
6045	23
6046	17
6047	34
6048	23
6049	17
6050	23
6051	27
6052	20
6053	22
6054	24
6055	22
6056	20
6057	20
6058	29
6059	26
6060	25
6061	23
6062	18
6063	20
6064	15
6065	22
6066	25
6067	26
6068	24
6069	21
6070	22
6071	14
6072	19
6073	26
6074	32
6075	19
6076	25
6077	30
6078	22
6079	16
6080	16
6081	23
6082	16
6083	14
6084	18
6085	23
6086	24
6087	21
6088	26
6089	24
6090	23
6091	32
6092	15
6093	24
6094	25
6095	22
6096	23
6097	24
6098	23
6099	19
6100	20
6101	18
6102	24
6103	20
6104	21
6105	17
6106	20
6107	20
6108	23
6109	13
6110	18
6111	21
6112	25
6113	23
6114	25
6115	12
6116	30
6117	21
6118	20
6119	29
6120	26
6121	26
6122	29
6123	19
6124	22
6125	20
6126	29
6127	31
6128	30
6129	32
6130	20
6131	20
6132	13
6133	21
6134	21
6135	18
6136	27
6137	26
6138	23
6139	16
6140	22
6141	22
6142	19
6143	24
6144	21
6145	22
6146	21
6147	22
6148	18
6149	24
6150	19
6151	19
6152	24
6153	16
6154	23
6155	25
6156	21
6157	26
6158	20
6159	18
6160	21
6161	18
6162	23
6163	21
6164	22
6165	23
6166	29
6167	29
6168	20
6169	29
6170	34
6171	19
6172	31
6173	18
6174	31
6175	19
6176	20
6177	26
6178	25
6179	29
6180	19
6181	28
6182	20
6183	24
6184	23
6185	24
6186	24
6187	18
6188	25
6189	19
6190	17
6191	21
6192	33
6193	27
6194	25
6195	25
6196	21
6197	22
6198	25
6199	30
6200	28
6201	28
6202	28
6203	22
6204	21
6205	18
6206	20
6207	20
6208	22
6209	20
6210	15
6211	22
6212	21
6213	22
6214	30
6215	21
6216	27
6217	29
6218	17
6219	23
6220	31
6221	18
6222	23
6223	17
6224	21
6225	20
6226	19
6227	19
6228	29
6229	22
6230	23
6231	20
6232	22
6233	30
6234	17
6235	30
6236	24
6237	29
6238	17
6239	17
6240	13
6241	28
6242	21
6243	16
6244	26
6245	26
6246	17
6247	21
6248	27
6249	26
6250	21
6251	19
6252	25
6253	17
6254	27
6255	19
6256	26
6257	20
6258	31
6259	18
6260	26
6261	18
6262	21
6263	33
6264	20
6265	25
6266	23
6267	26
6268	28
6269	26
6270	20
6271	27
6272	20
6273	33
6274	23
6275	29
6276	23
6277	25
6278	30
6279	18
6280	29
6281	28
6282	19
6283	23
6284	18
6285	17
6286	16
6287	30
6288	23
6289	24
6290	31
6291	26
6292	19
6293	18
6294	16
6295	17
6296	24
6297	22
6298	21
6299	16
6300	16
6301	21
6302	21
6303	23
6304	15
6305	32
6306	19
6307	23
6308	31
6309	18
6310	17
6311	27
6312	20
6313	25
6314	20
6315	26
6316	24
6317	25
6318	29
6319	18
6320	14
6321	24
6322	21
6323	21
6324	21
6325	22
6326	26
6327	15
6328	21
6329	18
6330	20
6331	22
6332	23
6333	21
6334	20
6335	16
6336	14
6337	17
6338	27
6339	25
6340	32
6341	23
6342	17
6343	25
6344	18
6345	15
6346	14
6347	24
6348	18
6349	22
6350	26
6351	20
6352	18
6353	18
6354	30
6355	33
6356	23
6357	21
6358	20
6359	26
6360	19
6361	22
6362	31
6363	23
6364	25
6365	25
6366	26
6367	31
6368	24
6369	20
6370	23
6371	20
6372	16
6373	26
6374	17
6375	21
6376	22
6377	16
6378	17
6379	27
6380	18
6381	23
6382	20
6383	24
6384	20
6385	25
6386	21
6387	16
6388	26
6389	27
6390	26
6391	19
6392	22
6393	19
6394	28
6395	14
6396	27
6397	28
6398	25
6399	16
6400	23
6401	25
6402	24
6403	25
6404	22
6405	23
6406	28
6407	24
6408	15
6409	23
6410	24
6411	24
6412	23
6413	27
6414	25
6415	21
6416	24
6417	23
6418	23
6419	20
6420	22
6421	26
6422	22
6423	21
6424	22
6425	22
6426	24
6427	20
6428	14
6429	24
6430	24
6431	24
6432	27
6433	20
6434	23
6435	14
6436	27
6437	21
6438	24
6439	20
6440	16
6441	15
6442	17
6443	29
6444	15
6445	34
6446	30
6447	35
6448	23
6449	18
6450	24
6451	28
6452	27
6453	20
6454	29
6455	31
6456	26
6457	22
6458	22
6459	19
6460	19
6461	24
6462	19
6463	27
6464	22
6465	24
6466	27
6467	27
6468	16
6469	20
6470	30
6471	33
6472	22
6473	26
6474	24
6475	19
6476	14
6477	24
6478	27
6479	31
6480	19
6481	18
6482	15
6483	29
6484	22
6485	20
6486	18
6487	16
6488	17
6489	16
6490	20
6491	22
6492	12
6493	16
6494	20
6495	21
6496	17
6497	20
6498	22
6499	20
6500	19
6501	26
6502	33
6503	19
6504	32
6505	20
6506	24
6507	21
6508	23
6509	27
6510	20
6511	26
6512	18
6513	27
6514	27
6515	18
6516	27
6517	21
6518	22
6519	26
6520	16
6521	26
6522	20
6523	20
6524	25
6525	25
6526	30
6527	25
6528	26
6529	27
6530	14
6531	22
6532	26
6533	29
6534	21
6535	22
6536	16
6537	11
6538	26
6539	17
6540	22
6541	21
6542	23
6543	17
6544	18
6545	22
6546	20
6547	16
6548	27
6549	16
6550	28
6551	15
6552	29
6553	26
6554	25
6555	29
6556	21
6557	25
6558	19
6559	22
6560	31
6561	33
6562	32
6563	32
6564	51
6565	40
6566	31
6567	50
6568	32
6569	40
6570	48
6571	37
6572	33
6573	32
6574	19
6575	20
6576	27
6577	24
6578	30
6579	20
6580	19
6581	20
6582	27
6583	24
6584	30
6585	18
6586	22
6587	19
6588	8
6589	16
6590	21
6591	15
6592	15
6593	25
6594	22
6595	12
6596	24
6597	14
6598	18
6599	26
6600	23
6601	20
6602	20
6603	18
6604	21
6605	27
6606	19
6607	22
6608	21
6609	22
6610	14
6611	19
6612	15
6613	15
6614	18
6615	22
6616	23
6617	17
6618	14
6619	25
6620	16
6621	16
6622	21
6623	20
6624	15
6625	20
6626	9
6627	12
6628	27
6629	19
6630	20
6631	9
6632	12
6633	10
6634	20
6635	22
6636	12
6637	17
6638	16
6639	16
6640	24
6641	18
6642	15
6643	13
6644	13
6645	21
6646	15
6647	13
6648	16
6649	19
6650	17
6651	21
6652	18
6653	19
6654	18
6655	13
6656	19
6657	18
6658	14
6659	17
6660	17
6661	13
6662	15
6663	21
6664	15
6665	16
6666	8
6667	12
6668	15
6669	11
6670	19
6671	17
6672	15
6673	17
6674	13
6675	16
6676	10
6677	16
6678	13
6679	17
6680	14
6681	18
6682	17
6683	18
6684	16
6685	21
6686	13
6687	17
6688	22
6689	23
6690	13
6691	16
6692	18
6693	9
6694	15
6695	19
6696	18
6697	19
6698	17
6699	16
6700	19
6701	12
6702	14
6703	16
6704	15
6705	18
6706	15
6707	13
6708	12
6709	14
6710	12
6711	21
6712	10
6713	9
6714	22
6715	18
6716	18
6717	14
6718	12
6719	14
6720	17
6721	12
6722	13
6723	18
6724	11
6725	17
6726	22
6727	17
6728	15
6729	24
6730	17
6731	10
6732	11
6733	9
6734	22
6735	15
6736	15
6737	16
6738	18
6739	26
6740	18
6741	9
6742	19
6743	14
6744	9
6745	16
6746	10
6747	14
6748	17
6749	16
6750	21
6751	17
6752	16
6753	7
6754	16
6755	17
6756	23
6757	13
6758	13
6759	12
6760	12
6761	20
6762	11
6763	13
6764	15
6765	21
6766	11
6767	19
6768	20
6769	10
6770	19
6771	11
6772	16
6773	23
6774	19
6775	16
6776	20
6777	12
6778	16
6779	14
6780	15
6781	11
6782	15
6783	13
6784	10
6785	11
6786	6
6787	18
6788	15
6789	19
6790	19
6791	26
6792	25
6793	21
6794	20
6795	20
6796	17
6797	13
6798	13
6799	22
6800	23
6801	22
6802	18
6803	12
6804	15
6805	18
6806	17
6807	16
6808	15
6809	12
6810	18
6811	15
6812	11
6813	14
6814	14
6815	11
6816	18
6817	13
6818	13
6819	13
6820	17
6821	12
6822	14
6823	18
6824	19
6825	15
6826	15
6827	15
6828	14
6829	18
6830	14
6831	12
6832	16
6833	17
6834	18
6835	22
6836	18
6837	7
6838	12
6839	6
6840	17
6841	14
6842	11
6843	19
6844	11
6845	17
6846	19
6847	12
6848	17
6849	12
6850	15
6851	11
6852	10
6853	14
6854	9
6855	14
6856	21
6857	20
6858	15
6859	11
6860	15
6861	11
6862	14
6863	16
6864	20
6865	13
6866	11
6867	15
6868	18
6869	15
6870	11
6871	15
6872	18
6873	15
6874	19
6875	13
6876	17
6877	14
6878	17
6879	16
6880	14
6881	14
6882	16
6883	14
6884	16
6885	16
6886	13
6887	18
6888	14
6889	17
6890	13
6891	27
6892	13
6893	20
6894	20
6895	16
6896	14
6897	20
6898	17
6899	10
6900	12
6901	14
6902	15
6903	13
6904	12
6905	12
6906	14
6907	10
6908	14
6909	18
6910	14
6911	17
6912	14
6913	19
6914	20
6915	15
6916	15
6917	14
6918	13
6919	19
6920	10
6921	14
6922	8
6923	16
6924	11
6925	11
6926	15
6927	6
6928	15
6929	19
6930	7
6931	11
6932	6
6933	10
6934	12
6935	10
6936	12
6937	11
6938	15
6939	13
6940	13
6941	7
6942	8
6943	9
6944	8
6945	14
6946	10
6947	14
6948	13
6949	11
6950	14
6951	7
6952	15
6953	8
6954	8
6955	16
6956	18
6957	9
6958	12
6959	16
6960	13
6961	7
6962	19
6963	18
6964	8
6965	16
6966	19
6967	15
6968	9
6969	8
6970	9
6971	8
6972	8
6973	14
6974	13
6975	16
6976	13
6977	14
6978	22
6979	15
6980	14
6981	16
6982	7
6983	17
6984	14
6985	13
6986	9
6987	14
6988	7
6989	13
6990	10
6991	10
6992	14
6993	12
6994	17
6995	9
6996	10
6997	8
6998	17
6999	11
7000	10
7001	13
7002	19
7003	15
7004	13
7005	15
7006	18
7007	15
7008	10
7009	10
7010	11
7011	11
7012	13
7013	10
7014	9
7015	17
7016	8
7017	12
7018	12
7019	18
7020	12
7021	4
7022	9
7023	15
7024	13
7025	9
7026	12
7027	11
7028	9
7029	14
7030	20
7031	18
7032	6
7033	16
7034	13
7035	14
7036	11
7037	13
7038	13
7039	14
7040	13
7041	13
7042	12
7043	14
7044	9
7045	13
7046	7
7047	13
7048	16
7049	13
7050	13
7051	20
7052	9
7053	8
7054	14
7055	15
7056	16
7057	13
7058	12
7059	13
7060	18
7061	14
7062	17
7063	13
7064	12
7065	6
7066	12
7067	9
7068	13
7069	18
7070	6
7071	12
7072	14
7073	6
7074	8
7075	13
7076	8
7077	9
7078	14
7079	9
7080	12
7081	15
7082	12
7083	10
7084	13
7085	12
7086	15
7087	14
7088	14
7089	14
7090	12
7091	14
7092	13
7093	16
7094	17
7095	12
7096	11
7097	11
7098	4
7099	13
7100	17
7101	9
7102	12
7103	13
7104	13
7105	5
7106	15
7107	15
7108	14
7109	11
7110	15
7111	11
7112	10
7113	9
7114	13
7115	19
7116	10
7117	11
7118	7
7119	10
7120	11
7121	10
7122	10
7123	8
7124	9
7125	11
7126	10
7127	9
7128	12
7129	13
7130	14
7131	12
7132	14
7133	7
7134	9
7135	5
7136	15
7137	12
7138	14
7139	13
7140	7
7141	10
7142	14
7143	11
7144	6
7145	14
7146	10
7147	6
7148	8
7149	13
7150	14
7151	17
7152	12
7153	15
7154	8
7155	11
7156	8
7157	7
7158	12
7159	10
7160	10
7161	9
7162	9
7163	10
7164	16
7165	18
7166	6
7167	4
7168	12
7169	12
7170	15
7171	14
7172	10
7173	6
7174	8
7175	11
7176	16
7177	11
7178	13
7179	10
7180	14
7181	9
7182	11
7183	15
7184	16
7185	12
7186	9
7187	16
7188	11
7189	15
7190	6
7191	10
7192	15
7193	12
7194	6
7195	13
7196	9
7197	7
7198	11
7199	8
7200	12
7201	5
7202	12
7203	10
7204	7
7205	11
7206	10
7207	11
7208	9
7209	12
7210	8
7211	8
7212	9
7213	17
7214	12
7215	8
7216	7
7217	11
7218	13
7219	11
7220	8
7221	9
7222	17
7223	8
7224	16
7225	9
7226	11
7227	7
7228	8
7229	9
7230	11
7231	13
7232	6
7233	13
7234	12
7235	15
7236	7
7237	12
7238	10
7239	10
7240	7
7241	13
7242	6
7243	9
7244	5
7245	9
7246	9
7247	11
7248	18
7249	14
7250	9
7251	10
7252	9
7253	7
7254	6
7255	10
7256	12
7257	6
7258	18
7259	6
7260	9
7261	15
7262	8
7263	13
7264	8
7265	9
7266	14
7267	19
7268	8
7269	10
7270	8
7271	11
7272	16
7273	5
7274	11
7275	9
7276	11
7277	14
7278	15
7279	9
7280	11
7281	15
7282	10
7283	14
7284	17
7285	8
7286	4
7287	12
7288	8
7289	7
7290	9
7291	14
7292	8
7293	11
7294	3
7295	9
7296	9
7297	19
7298	11
7299	16
7300	14
7301	16
7302	12
7303	14
7304	18
7305	23
7306	28
7307	21
7308	20
7309	21
7310	22
7311	17
7312	20
7313	14
7314	12
7315	15
7316	16
7317	6
7318	12
7319	10
7320	12
7321	14
7322	11
7323	6
7324	13
7325	10
7326	7
7327	6
7328	9
7329	14
7330	16
7331	13
7332	14
7333	8
7334	8
7335	7
7336	6
7337	6
7338	13
7339	8
7340	9
7341	12
7342	9
7343	14
7344	10
7345	12
7346	11
7347	10
7348	11
7349	9
7350	18
7351	8
7352	9
7353	10
7354	12
7355	4
7356	6
7357	8
7358	11
7359	11
7360	8
7361	16
7362	6
7363	6
7364	5
7365	14
7366	14
7367	6
7368	6
7369	4
7370	6
7371	14
7372	13
7373	8
7374	7
7375	4
7376	10
7377	6
7378	11
7379	4
7380	7
7381	9
7382	9
7383	10
7384	10
7385	8
7386	13
7387	9
7388	7
7389	7
7390	4
7391	10
7392	12
7393	13
7394	15
7395	11
7396	12
7397	5
7398	11
7399	12
7400	9
7401	6
7402	14
7403	4
7404	10
7405	13
7406	6
7407	6
7408	11
7409	11
7410	12
7411	12
7412	8
7413	6
7414	7
7415	9
7416	8
7417	8
7418	8
7419	16
7420	11
7421	9
7422	8
7423	9
7424	6
7425	7
7426	11
7427	10
7428	18
7429	9
7430	14
7431	8
7432	8
7433	15
7434	12
7435	17
7436	15
7437	16
7438	8
7439	11
7440	5
7441	11
7442	15
7443	9
7444	15
7445	8
7446	12
7447	10
7448	12
7449	10
7450	4
7451	8
7452	9
7453	5
7454	8
7455	13
7456	13
7457	13
7458	9
7459	12
7460	14
7461	8
7462	12
7463	13
7464	19
7465	15
7466	21
7467	18
7468	16
7469	14
7470	7
7471	20
7472	24
7473	20
7474	17
7475	11
7476	12
7477	14
7478	9
7479	13
7480	11
7481	11
7482	12
7483	1
7484	14
7485	6
7486	10
7487	7
7488	7
7489	10
7490	9
7491	4
7492	9
7493	4
7494	6
7495	9
7496	14
7497	9
7498	5
7499	15
7500	4
7501	7
7502	13
7503	7
7504	4
7505	6
7506	3
7507	9
7508	5
7509	12
7510	9
7511	5
7512	7
7513	9
7514	11
7515	10
7516	15
7517	17
7518	7
7519	10
7520	9
7521	11
7522	8
7523	13
7524	7
7525	10
7526	9
7527	13
7528	10
7529	8
7530	13
7531	7
7532	8
7533	10
7534	8
7535	9
7536	11
7537	5
7538	13
7539	7
7540	12
7541	8
7542	7
7543	19
7544	11
7545	8
7546	12
7547	11
7548	11
7549	7
7550	10
7551	7
7552	8
7553	10
7554	8
7555	13
7556	7
7557	7
7558	10
7559	6
7560	15
7561	7
7562	11
7563	11
7564	7
7565	8
7566	8
7567	12
7568	8
7569	6
7570	14
7571	8
7572	9
7573	7
7574	10
7575	15
7576	15
7577	8
7578	13
7579	11
7580	10
7581	4
7582	8
7583	6
7584	8
7585	11
7586	7
7587	15
7588	13
7589	6
7590	10
7591	13
7592	6
7593	5
7594	6
7595	9
7596	9
7597	12
7598	7
7599	13
7600	9
7601	8
7602	8
7603	10
7604	10
7605	8
7606	6
7607	14
7608	9
7609	7
7610	12
7611	5
7612	6
7613	15
7614	8
7615	6
7616	7
7617	11
7618	10
7619	9
7620	9
7621	8
7622	6
7623	9
7624	7
7625	8
7626	12
7627	7
7628	12
7629	4
7630	6
7631	15
7632	5
7633	2
7634	10
7635	8
7636	7
7637	9
7638	7
7639	12
7640	8
7641	5
7642	8
7643	10
7644	6
7645	5
7646	8
7647	7
7648	8
7649	12
7650	12
7651	10
7652	17
7653	6
7654	6
7655	6
7656	7
7657	7
7658	3
7659	2
7660	12
7661	5
7662	10
7663	7
7664	6
7665	7
7666	7
7667	11
7668	8
7669	9
7670	13
7671	5
7672	10
7673	9
7674	12
7675	14
7676	10
7677	8
7678	13
7679	8
7680	8
7681	13
7682	5
7683	10
7684	11
7685	11
7686	9
7687	14
7688	11
7689	13
7690	12
7691	7
7692	9
7693	12
7694	10
7695	7
7696	11
7697	9
7698	7
7699	10
7700	11
7701	8
7702	11
7703	5
7704	12
7705	12
7706	10
7707	9
7708	5
7709	8
7710	11
7711	8
7712	8
7713	9
7714	8
7715	9
7716	9
7717	7
7718	13
7719	8
7720	7
7721	10
7722	11
7723	12
7724	13
7725	11
7726	6
7727	10
7728	18
7729	11
7730	11
7731	11
7732	12
7733	7
7734	24
7735	18
7736	29
7737	44
7738	61
7739	58
7740	113
7741	145
7742	202
7743	241
7744	325
7745	386
7746	464
7747	500
7748	545
7749	573
7750	526
7751	477
7752	416
7753	395
7754	247
7755	223
7756	141
7757	96
7758	62
7759	35
7760	24
7761	20
7762	5
7763	1
7764	7
7765	8
7766	7
7767	6
7768	5
7769	4
7770	6
7771	0
7772	5
7773	8
7774	5
7775	6
7776	4
7777	10
7778	3
7779	8
7780	9
7781	4
7782	7
7783	6
7784	5
7785	3
7786	7
7787	9
7788	3
7789	5
7790	6
7791	10
7792	6
7793	6
7794	3
7795	4
7796	4
7797	2
7798	4
7799	10
7800	1
7801	2
7802	8
7803	3
7804	4
7805	11
7806	3
7807	7
7808	8
7809	1
7810	6
7811	3
7812	3
7813	9
7814	0
7815	4
7816	7
7817	12
7818	12
7819	4
7820	7
7821	10
7822	10
7823	7
7824	9
7825	4
7826	4
7827	1
7828	3
7829	12
7830	3
7831	3
7832	3
7833	8
7834	10
7835	2
7836	10
7837	7
7838	5
7839	5
7840	7
7841	2
7842	3
7843	9
7844	2
7845	6
7846	5
7847	7
7848	10
7849	5
7850	3
7851	5
7852	4
7853	7
7854	2
7855	2
7856	8
7857	6
7858	6
7859	4
7860	9
7861	5
7862	5
7863	3
7864	3
7865	9
7866	1
7867	5
7868	7
7869	10
7870	6
7871	9
7872	2
7873	7
7874	2
7875	4
7876	4
7877	6
7878	7
7879	9
7880	10
7881	3
7882	9
7883	4
7884	4
7885	8
7886	5
7887	3
7888	5
7889	6
7890	2
7891	9
7892	4
7893	5
7894	9
7895	5
7896	6
7897	4
7898	3
7899	4
7900	9
7901	5
7902	8
7903	7
7904	1
7905	1
7906	5
7907	6
7908	2
7909	4
7910	8
7911	4
7912	10
7913	7
7914	10
7915	6
7916	8
7917	5
7918	9
7919	8
7920	5
7921	1
7922	3
7923	10
7924	7
7925	4
7926	7
7927	5
7928	6
7929	5
7930	7
7931	9
7932	11
7933	6
7934	11
7935	13
7936	7
7937	6
7938	6
7939	10
7940	2
7941	7
7942	6
7943	6
7944	7
7945	6
7946	5
7947	8
7948	8
7949	7
7950	7
7951	5
7952	5
7953	8
7954	4
7955	5
7956	1
7957	3
7958	5
7959	7
7960	5
7961	10
7962	4
7963	5
7964	6
7965	6
7966	13
7967	4
7968	7
7969	6
7970	7
7971	9
7972	9
7973	4
7974	1
7975	5
7976	6
7977	8
7978	6
7979	8
7980	3
7981	9
7982	7
7983	10
7984	5
7985	4
7986	1
7987	7
7988	5
7989	5
7990	3
7991	8
7992	5
7993	6
7994	5
7995	1
7996	10
7997	4
7998	7
7999	11
8000	10
8001	9
8002	5
8003	9
8004	13
8005	10
8006	11
8007	9
8008	15
8009	7
8010	7
8011	6
8012	7
8013	9
8014	3
8015	4
8016	9
8017	7
8018	4
8019	7
8020	1
8021	3
8022	5
8023	5
8024	5
8025	8
8026	8
8027	7
8028	8
8029	4
8030	8
8031	6
8032	8
8033	6
8034	6
8035	7
8036	6
8037	4
8038	10
8039	3
8040	5
8041	6
8042	4
8043	6
8044	7
8045	4
8046	7
8047	9
8048	9
8049	7
8050	3
8051	4
8052	2
8053	6
8054	3
8055	3
8056	4
8057	4
8058	6
8059	6
8060	7
8061	6
8062	9
8063	7
8064	4
8065	3
8066	4
8067	7
8068	4
8069	3
8070	6
8071	3
8072	5
8073	2
8074	6
8075	6
8076	9
8077	7
8078	1
8079	6
8080	4
8081	6
8082	4
8083	7
8084	2
8085	7
8086	2
8087	6
8088	13
8089	5
8090	3
8091	7
8092	7
8093	4
8094	5
8095	5
8096	4
8097	0
8098	4
8099	2
8100	10
8101	4
8102	7
8103	5
8104	9
8105	5
8106	11
8107	5
8108	10
8109	5
8110	4
8111	2
8112	5
8113	7
8114	5
8115	7
8116	3
8117	12
8118	8
8119	3
8120	4
8121	4
8122	4
8123	3
8124	1
8125	7
8126	7
8127	6
8128	4
8129	3
8130	5
8131	5
8132	6
8133	5
8134	4
8135	4
8136	10
8137	7
8138	5
8139	2
8140	4
8141	9
8142	3
8143	9
8144	6
8145	6
8146	10
8147	6
8148	8
8149	4
8150	4
8151	7
8152	9
8153	7
8154	5
8155	3
8156	6
8157	10
8158	9
8159	9
8160	4
8161	0
8162	0
8163	0
8164	0
8165	0
8166	0
8167	0
8168	0
8169	0
8170	0
8171	0
8172	0
8173	0
8174	0
8175	0
8176	0
8177	0
8178	0
8179	0
8180	0
8181	0
8182	0
8183	0
8184	0
8185	0
8186	0
8187	0
8188	0
8189	0
8190	0
8191	0
