-90     687
-85     683
-80     674
-75     660
-65     613
-50     483
-30     267
-20     184
-15     154
-10     132
-5      120
0       118
5       126
10      142
15      171
20      205
30      297
50      510
65      628
75      669
80      680
85      687
90      686

-90     687
-85     683
-80     675
-75     660
-65     614
-50     486
-30     272
-20     187
-15     157
-10     133
-5      120
0       118
5       126
10      142
15      171
20      205
30      297
50      511
65      627
75      672
80      683
85      688
90      691
