-28.8686	0
-28.6497	0
-28.4308	0
-28.2118	0
-27.9929	0
-27.774	0
-27.5551	0
-27.3362	0
-27.1173	0
-26.8983	0
-26.6794	0
-26.4605	0
-26.2416	0
-26.0227	0
-25.8038	0
-25.5848	0
-25.3659	0
-25.147	0
-24.9281	0
-24.7092	0
-24.4903	0
-24.2713	0
-24.0524	0
-23.8335	0
-23.6146	0
-23.3957	0
-23.1768	0
-22.9578	0
-22.7389	0
-22.52	0
-22.3011	0
-22.0822	0
-21.8633	0
-21.6443	0
-21.4254	0
-21.2065	0
-20.9876	1
-20.7687	4
-20.5498	10
-20.3308	12
-20.1119	8
-19.893	10
-19.6741	10
-19.4552	13
-19.2363	8
-19.0173	12
-18.7984	13
-18.5795	19
-18.3606	6
-18.1417	4
-17.9228	14
-17.7038	14
-17.4849	13
-17.266	18
-17.0471	30
-16.8282	12
-16.6092	13
-16.3903	15
-16.1714	13
-15.9525	13
-15.7336	8
-15.5147	22
-15.2957	14
-15.0768	9
-14.8579	17
-14.639	14
-14.4201	15
-14.2012	11
-13.9822	19
-13.7633	13
-13.5444	15
-13.3255	19
-13.1066	13
-12.8877	13
-12.6687	12
-12.4498	16
-12.2309	11
-12.012	7
-11.7931	13
-11.5742	15
-11.3552	13
-11.1363	8
-10.9174	8
-10.6985	17
-10.4796	11
-10.2607	7
-10.0417	13
-9.82282	12
-9.6039	14
-9.38499	13
-9.16607	11
-8.94715	6
-8.72824	12
-8.50932	11
-8.2904	12
-8.07148	11
-7.85257	8
-7.63365	9
-7.41473	9
-7.19582	9
-6.9769	12
-6.75798	10
-6.53907	13
-6.32015	15
-6.10123	9
-5.88232	9
-5.6634	13
-5.44448	9
-5.22556	14
-5.00665	14
-4.78773	10
-4.56881	14
-4.3499	14
-4.13098	15
-3.91206	13
-3.69315	12
-3.47423	11
-3.25531	7
-3.03639	15
-2.81748	9
-2.59856	11
-2.37964	10
-2.16073	13
-1.94181	6
-1.72289	12
-1.50398	8
-1.28506	9
-1.06614	10
-0.847224	9
-0.628307	8
-0.40939	12
-0.190473	11
0.028444	5
0.247361	6
0.466278	4
0.685195	6
0.904112	6
1.12303	3
1.34195	4
1.56086	4
1.77978	2
1.9987	5
2.21761	1
2.43653	0
2.65545	2
2.87437	1
3.09328	2
3.3122	0
3.53112	2
3.75003	4
3.96895	2
4.18787	1
4.40678	0
4.6257	1
4.84462	8
5.06354	2
5.28245	3
5.50137	2
5.72029	4
5.9392	5
6.15812	5
6.37704	1
6.59595	3
6.81487	2
7.03379	8
7.2527	7
7.47162	6
7.69054	12
7.90946	16
8.12837	11
8.34729	11
8.56621	8
8.78512	16
9.00404	14
9.22296	20
9.44187	13
9.66079	18
9.87971	10
10.0986	14
10.3175	13
10.5365	21
10.7554	14
10.9743	23
11.1932	22
11.4121	14
11.631	21
11.85	17
12.0689	19
12.2878	19
12.5067	31
12.7256	31
12.9445	26
13.1635	34
13.3824	29
13.6013	25
13.8202	29
14.0391	40
14.258	42
14.477	38
14.6959	34
14.9148	39
15.1337	41
15.3526	32
15.5716	28
15.7905	40
16.0094	33
16.2283	31
16.4472	29
16.6661	39
16.8851	41
17.104	37
17.3229	31
17.5418	24
17.7607	20
17.9796	32
18.1986	32
18.4175	29
18.6364	15
18.8553	27
19.0742	23
19.2931	25
19.5121	14
19.731	14
19.9499	13
20.1688	11
20.3877	22
20.6066	14
20.8256	19
21.0445	12
21.2634	12
21.4823	11
21.7012	14
21.9201	17
22.1391	19
22.358	13
22.5769	12
22.7958	11
23.0147	15
23.2336	10
23.4526	6
23.6715	12
23.8904	9
24.1093	10
24.3282	13
24.5471	7
24.7661	18
24.985	13
25.2039	16
25.4228	16
25.6417	7
25.8607	12
26.0796	11
26.2985	15
26.5174	15
26.7363	10
26.9552	9
27.1742	12
27.3931	23
27.612	10
27.8309	7
28.0498	5
28.2687	10
28.4877	11
28.7066	17
28.9255	10
29.1444	12
29.3633	12
29.5822	15
29.8012	16
30.0201	15
30.239	10
30.4579	10
30.6768	11
30.8957	6
31.1147	15
31.3336	11
31.5525	10
31.7714	15
31.9903	12
32.2092	18
32.4282	12
32.6471	11
32.866	11
33.0849	9
33.3038	15
33.5227	12
33.7417	15
33.9606	13
34.1795	12
34.3984	14
34.6173	13
34.8362	16
35.0552	10
35.2741	10
35.493	12
35.7119	14
35.9308	16
36.1497	7
36.3687	13
36.5876	4
36.8065	14
37.0254	9
37.2443	19
37.4633	14
37.6822	8
37.9011	14
38.12	10
38.3389	13
38.5578	3
38.7768	8
38.9957	12
39.2146	16
39.4335	10
39.6524	11
39.8713	9
40.0903	5
40.3092	10
40.5281	13
40.747	5
40.9659	7
41.1848	17
41.4038	6
41.6227	9
41.8416	6
42.0605	11
42.2794	9
42.4983	16
42.7173	12
42.9362	5
43.1551	7
43.374	11
43.5929	10
43.8118	10
44.0308	10
44.2497	11
44.4686	12
44.6875	10
44.9064	11
45.1253	10
45.3443	12
45.5632	5
45.7821	14
46.001	14
46.2199	9
46.4388	9
46.6578	11
46.8767	14
47.0956	11
47.3145	8
47.5334	9
47.7523	15
47.9713	14
48.1902	5
48.4091	10
48.628	12
48.8469	8
49.0659	12
49.2848	12
49.5037	9
49.7226	13
49.9415	9
50.1604	11
50.3794	7
50.5983	15
50.8172	11
51.0361	8
51.255	11
51.4739	8
51.6929	4
51.9118	8
52.1307	9
52.3496	15
52.5685	12
52.7874	9
53.0064	11
53.2253	10
53.4442	8
53.6631	15
53.882	9
54.1009	9
54.3199	13
54.5388	12
54.7577	12
54.9766	15
55.1955	10
55.4144	10
55.6334	16
55.8523	10
56.0712	16
56.2901	12
56.509	9
56.7279	12
56.9469	15
57.1658	10
57.3847	16
57.6036	8
57.8225	11
58.0414	8
58.2604	11
58.4793	9
58.6982	10
58.9171	11
59.136	14
59.355	10
59.5739	16
59.7928	9
60.0117	13
60.2306	15
60.4495	7
60.6685	7
60.8874	13
61.1063	12
61.3252	9
61.5441	10
61.763	8
61.982	6
62.2009	10
62.4198	7
62.6387	14
62.8576	12
63.0765	15
63.2955	7
63.5144	8
63.7333	18
63.9522	7
64.1711	9
64.39	10
64.609	15
64.8279	18
65.0468	10
65.2657	9
65.4846	15
65.7035	11
65.9225	18
66.1414	11
66.3603	12
66.5792	16
66.7981	12
67.017	4
67.236	13
67.4549	9
67.6738	13
67.8927	8
68.1116	14
68.3305	16
68.5495	7
68.7684	12
68.9873	13
69.2062	14
69.4251	17
69.644	10
69.863	10
70.0819	8
70.3008	10
70.5197	14
70.7386	8
70.9576	15
71.1765	9
71.3954	12
71.6143	14
71.8332	7
72.0521	11
72.2711	9
72.49	16
72.7089	9
72.9278	11
73.1467	15
73.3656	12
73.5846	9
73.8035	12
74.0224	15
74.2413	18
74.4602	13
74.6791	7
74.8981	13
75.117	15
75.3359	9
75.5548	14
75.7737	8
75.9926	11
76.2116	16
76.4305	13
76.6494	14
76.8683	12
77.0872	20
77.3061	19
77.5251	12
77.744	13
77.9629	9
78.1818	14
78.4007	15
78.6196	10
78.8386	10
79.0575	13
79.2764	11
79.4953	16
79.7142	12
79.9331	13
80.1521	7
80.371	11
80.5899	13
80.8088	11
81.0277	13
81.2467	17
81.4656	13
81.6845	12
81.9034	18
82.1223	7
82.3412	9
82.5602	17
82.7791	14
82.998	8
83.2169	15
83.4358	10
83.6547	15
83.8737	9
84.0926	12
84.3115	17
84.5304	13
84.7493	14
84.9682	14
85.1872	9
85.4061	22
85.625	8
85.8439	13
86.0628	9
86.2817	12
86.5007	12
86.7196	13
86.9385	11
87.1574	17
87.3763	19
87.5952	17
87.8142	12
88.0331	12
88.252	15
88.4709	19
88.6898	8
88.9087	9
89.1277	22
89.3466	11
89.5655	18
89.7844	22
90.0033	14
90.2222	10
90.4412	14
90.6601	10
90.879	13
91.0979	12
91.3168	14
91.5357	10
91.7547	15
91.9736	12
92.1925	14
92.4114	16
92.6303	17
92.8493	11
93.0682	7
93.2871	8
93.506	15
93.7249	19
93.9438	11
94.1628	10
94.3817	21
94.6006	18
94.8195	14
95.0384	11
95.2573	10
95.4763	13
95.6952	9
95.9141	13
96.133	14
96.3519	12
96.5708	12
96.7898	16
97.0087	23
97.2276	18
97.4465	17
97.6654	14
97.8843	17
98.1033	13
98.3222	13
98.5411	19
98.76	13
98.9789	9
99.1978	7
99.4168	21
99.6357	19
99.8546	20
100.074	9
100.292	6
100.511	17
100.73	25
100.949	12
101.168	18
101.387	18
101.606	19
101.825	19
102.044	16
102.263	15
102.482	14
102.701	16
102.919	12
103.138	13
103.357	12
103.576	15
103.795	19
104.014	15
104.233	14
104.452	16
104.671	16
104.89	14
105.109	11
105.328	10
105.546	23
105.765	19
105.984	18
106.203	18
106.422	13
106.641	22
106.86	20
107.079	30
107.298	19
107.517	24
107.736	18
107.955	12
108.173	19
108.392	20
108.611	21
108.83	19
109.049	19
109.268	20
109.487	16
109.706	23
109.925	20
110.144	20
110.363	17
110.582	14
110.8	19
111.019	20
111.238	26
111.457	19
111.676	18
111.895	8
112.114	18
112.333	22
112.552	24
112.771	25
112.99	24
113.209	21
113.427	23
113.646	17
113.865	30
114.084	25
114.303	20
114.522	24
114.741	22
114.96	22
115.179	26
115.398	28
115.617	19
115.836	27
116.054	23
116.273	30
116.492	25
116.711	27
116.93	28
117.149	24
117.368	28
117.587	28
117.806	17
118.025	26
118.244	24
118.463	23
118.681	36
118.9	28
119.119	20
119.338	39
119.557	30
119.776	26
119.995	22
120.214	25
120.433	24
120.652	28
120.871	34
121.09	31
121.308	34
121.527	30
121.746	21
121.965	33
122.184	25
122.403	29
122.622	33
122.841	27
123.06	31
123.279	31
123.498	32
123.717	28
123.935	26
124.154	37
124.373	29
124.592	28
124.811	25
125.03	36
125.249	19
125.468	31
125.687	32
125.906	29
126.125	35
126.344	34
126.562	36
126.781	36
127	27
127.219	25
127.438	37
127.657	29
127.876	29
128.095	27
128.314	33
128.533	39
128.752	30
128.971	35
129.189	36
129.408	34
129.627	26
129.846	26
130.065	39
130.284	28
130.503	24
130.722	36
130.941	36
131.16	35
131.379	28
131.598	37
131.816	36
132.035	28
132.254	22
132.473	41
132.692	25
132.911	45
133.13	32
133.349	38
133.568	33
133.787	25
134.006	30
134.225	19
134.443	43
134.662	35
134.881	42
135.1	27
135.319	33
135.538	34
135.757	36
135.976	30
136.195	35
136.414	35
136.633	35
136.852	27
137.07	30
137.289	46
137.508	31
137.727	38
137.946	29
138.165	26
138.384	28
138.603	27
138.822	39
139.041	32
139.26	23
139.479	34
139.697	23
139.916	34
140.135	32
140.354	31
140.573	30
140.792	28
141.011	26
141.23	29
141.449	31
141.668	45
141.887	22
142.106	40
142.324	34
142.543	31
142.762	35
142.981	34
143.2	22
143.419	34
143.638	29
143.857	38
144.076	44
144.295	30
144.514	42
144.733	31
144.951	24
145.17	27
145.389	41
145.608	33
145.827	33
146.046	29
146.265	32
146.484	29
146.703	24
146.922	25
147.141	44
147.36	34
147.579	39
147.797	26
148.016	31
148.235	27
148.454	32
148.673	29
148.892	33
149.111	37
149.33	31
149.549	42
149.768	36
149.987	39
150.206	31
150.424	44
150.643	40
150.862	34
151.081	33
151.3	30
151.519	26
151.738	35
151.957	29
152.176	34
152.395	37
152.614	40
152.833	22
153.051	33
153.27	34
153.489	28
153.708	24
153.927	30
154.146	40
154.365	31
154.584	41
154.803	30
155.022	37
155.241	33
155.46	37
155.678	38
155.897	39
156.116	36
156.335	40
156.554	41
156.773	35
156.992	36
157.211	42
157.43	38
157.649	45
157.868	30
158.087	32
158.305	31
158.524	42
158.743	44
158.962	32
159.181	31
159.4	31
159.619	28
159.838	32
160.057	43
160.276	33
160.495	31
160.714	38
160.932	33
161.151	35
161.37	31
161.589	37
161.808	42
162.027	27
162.246	41
162.465	35
162.684	40
162.903	41
163.122	26
163.341	33
163.559	36
163.778	37
163.997	41
164.216	41
164.435	46
164.654	53
164.873	28
165.092	37
165.311	34
165.53	46
165.749	36
165.968	33
166.186	32
166.405	30
166.624	33
166.843	35
167.062	26
167.281	42
167.5	31
167.719	34
167.938	32
168.157	37
168.376	31
168.595	38
168.813	48
169.032	40
169.251	38
169.47	37
169.689	40
169.908	42
170.127	36
170.346	43
170.565	39
170.784	43
171.003	38
171.222	46
171.44	47
171.659	34
171.878	35
172.097	44
172.316	49
172.535	33
172.754	38
172.973	32
173.192	36
173.411	36
173.63	44
173.849	36
174.067	40
174.286	28
174.505	36
174.724	34
174.943	39
175.162	25
175.381	36
175.6	41
175.819	38
176.038	31
176.257	35
176.476	37
176.694	22
176.913	36
177.132	40
177.351	29
177.57	43
177.789	29
178.008	35
178.227	39
178.446	41
178.665	39
178.884	38
179.103	29
179.321	43
179.54	45
179.759	35
179.978	34
180.197	38
180.416	37
180.635	39
180.854	37
181.073	35
181.292	38
181.511	38
181.73	44
181.948	33
182.167	33
182.386	45
182.605	49
182.824	36
183.043	32
183.262	44
183.481	35
183.7	42
183.919	33
184.138	35
184.357	42
184.575	40
184.794	44
185.013	34
185.232	31
185.451	43
185.67	43
185.889	42
186.108	32
186.327	37
186.546	40
186.765	28
186.984	41
187.202	39
187.421	34
187.64	36
187.859	35
188.078	27
188.297	30
188.516	41
188.735	36
188.954	35
189.173	47
189.392	28
189.611	41
189.829	30
190.048	40
190.267	44
190.486	33
190.705	35
190.924	36
191.143	31
191.362	36
191.581	47
191.8	33
192.019	46
192.238	34
192.456	34
192.675	54
192.894	43
193.113	32
193.332	51
193.551	36
193.77	44
193.989	43
194.208	44
194.427	38
194.646	30
194.865	34
195.083	38
195.302	47
195.521	50
195.74	45
195.959	35
196.178	49
196.397	32
196.616	50
196.835	43
197.054	27
197.273	42
197.492	38
197.71	37
197.929	42
198.148	31
198.367	47
198.586	36
198.805	32
199.024	46
199.243	33
199.462	42
199.681	28
199.9	33
200.119	43
200.337	33
200.556	41
200.775	43
200.994	37
201.213	30
201.432	45
201.651	51
201.87	41
202.089	35
202.308	51
202.527	45
202.746	38
202.965	41
203.183	39
203.402	35
203.621	53
203.84	45
204.059	36
204.278	34
204.497	31
204.716	33
204.935	42
205.154	30
205.373	53
205.592	44
205.81	40
206.029	36
206.248	37
206.467	49
206.686	39
206.905	42
207.124	43
207.343	45
207.562	43
207.781	33
208	39
208.219	38
208.437	44
208.656	39
208.875	44
209.094	33
209.313	34
209.532	43
209.751	36
209.97	25
210.189	36
210.408	37
210.627	29
210.846	45
211.064	52
211.283	53
211.502	42
211.721	39
211.94	34
212.159	54
212.378	38
212.597	42
212.816	44
213.035	43
213.254	46
213.473	53
213.691	29
213.91	42
214.129	52
214.348	32
214.567	43
214.786	47
215.005	36
215.224	32
215.443	30
215.662	45
215.881	44
216.1	41
216.318	36
216.537	51
216.756	38
216.975	46
217.194	37
217.413	47
217.632	41
217.851	50
218.07	47
218.289	46
218.508	38
218.727	34
218.945	34
219.164	52
219.383	40
219.602	45
219.821	34
220.04	49
220.259	31
220.478	44
220.697	41
220.916	48
221.135	40
221.354	43
221.572	37
221.791	41
222.01	41
222.229	38
222.448	47
222.667	42
222.886	39
223.105	42
223.324	39
223.543	42
223.762	38
223.981	44
224.199	36
224.418	40
224.637	37
224.856	30
225.075	51
225.294	50
225.513	42
225.732	31
225.951	35
226.17	54
226.389	46
226.608	41
226.826	49
227.045	29
227.264	40
227.483	45
227.702	44
227.921	37
228.14	49
228.359	38
228.578	53
228.797	32
229.016	42
229.235	41
229.453	37
229.672	52
229.891	37
230.11	39
230.329	47
230.548	48
230.767	38
230.986	32
231.205	35
231.424	33
231.643	47
231.862	43
232.08	30
232.299	46
232.518	38
232.737	51
232.956	40
233.175	31
233.394	45
233.613	48
233.832	56
234.051	34
234.27	52
234.489	46
234.707	39
234.926	44
235.145	51
235.364	41
235.583	41
235.802	37
236.021	32
236.24	35
236.459	33
236.678	44
236.897	47
237.116	44
237.334	40
237.553	35
237.772	54
237.991	50
238.21	45
238.429	43
238.648	40
238.867	58
239.086	49
239.305	44
239.524	45
239.743	40
239.961	46
240.18	37
240.399	56
240.618	38
240.837	29
241.056	43
241.275	41
241.494	42
241.713	37
241.932	45
242.151	43
242.37	48
242.588	52
242.807	38
243.026	44
243.245	36
243.464	36
243.683	39
243.902	34
244.121	30
244.34	29
244.559	41
244.778	38
244.997	41
245.215	41
245.434	43
245.653	46
245.872	32
246.091	46
246.31	45
246.529	40
246.748	45
246.967	40
247.186	42
247.405	38
247.624	46
247.842	33
248.061	51
248.28	48
248.499	39
248.718	40
248.937	43
249.156	45
249.375	34
249.594	37
249.813	39
250.032	46
250.251	47
250.469	40
250.688	31
250.907	31
251.126	33
251.345	34
251.564	41
251.783	37
252.002	38
252.221	38
252.44	35
252.659	37
252.878	37
253.096	43
253.315	31
253.534	36
253.753	44
253.972	38
254.191	37
254.41	32
254.629	41
254.848	30
255.067	35
255.286	35
255.505	28
255.724	36
255.942	33
256.161	39
256.38	19
256.599	31
256.818	30
257.037	34
257.256	23
257.475	42
257.694	31
257.913	44
258.132	34
258.351	26
258.569	31
258.788	27
259.007	28
259.226	37
259.445	23
259.664	34
259.883	40
260.102	25
260.321	28
260.54	40
260.759	31
260.978	30
261.196	28
261.415	17
261.634	27
261.853	21
262.072	35
262.291	31
262.51	33
262.729	24
262.948	22
263.167	29
263.386	26
263.605	28
263.823	25
264.042	29
264.261	28
264.48	32
264.699	43
264.918	19
265.137	38
265.356	32
265.575	25
265.794	25
266.013	24
266.232	28
266.45	29
266.669	20
266.888	32
267.107	23
267.326	29
267.545	21
267.764	28
267.983	32
268.202	27
268.421	27
268.64	23
268.859	27
269.077	19
269.296	31
269.515	20
269.734	26
269.953	24
270.172	22
270.391	21
270.61	27
270.829	37
271.048	15
271.267	21
271.486	34
271.704	26
271.923	31
272.142	12
272.361	35
272.58	21
272.799	28
273.018	20
273.237	26
273.456	27
273.675	19
273.894	28
274.113	30
274.331	26
274.55	24
274.769	22
274.988	17
275.207	13
275.426	26
275.645	25
275.864	25
276.083	26
276.302	20
276.521	33
276.74	21
276.958	20
277.177	24
277.396	28
277.615	22
277.834	28
278.053	22
278.272	20
278.491	23
278.71	16
278.929	28
279.148	19
279.367	28
279.585	14
279.804	20
280.023	20
280.242	18
280.461	32
280.68	18
280.899	16
281.118	24
281.337	18
281.556	21
281.775	12
281.994	32
282.212	24
282.431	27
282.65	25
282.869	14
283.088	15
283.307	16
283.526	21
283.745	19
283.964	21
284.183	25
284.402	19
284.621	11
284.839	29
285.058	25
285.277	20
285.496	23
285.715	23
285.934	19
286.153	26
286.372	16
286.591	25
286.81	23
287.029	33
287.248	24
287.466	20
287.685	15
287.904	24
288.123	24
288.342	18
288.561	11
288.78	27
288.999	23
289.218	16
289.437	12
289.656	19
289.875	21
290.093	21
290.312	15
290.531	24
290.75	19
290.969	19
291.188	14
291.407	19
291.626	20
291.845	22
292.064	23
292.283	15
292.502	21
292.72	20
292.939	24
293.158	18
293.377	17
293.596	14
293.815	28
294.034	13
294.253	19
294.472	16
294.691	15
294.91	25
295.129	22
295.347	13
295.566	21
295.785	16
296.004	22
296.223	16
296.442	19
296.661	17
296.88	22
297.099	16
297.318	22
297.537	28
297.756	14
297.974	14
298.193	18
298.412	15
298.631	17
298.85	15
299.069	15
299.288	18
299.507	15
299.726	11
299.945	11
300.164	22
300.383	17
300.601	19
300.82	20
301.039	24
301.258	17
301.477	20
301.696	16
301.915	15
302.134	25
302.353	15
302.572	18
302.791	20
303.01	23
303.228	20
303.447	14
303.666	20
303.885	20
304.104	13
304.323	20
304.542	17
304.761	25
304.98	16
305.199	16
305.418	16
305.637	17
305.855	26
306.074	21
306.293	16
306.512	14
306.731	16
306.95	16
307.169	24
307.388	25
307.607	32
307.826	11
308.045	18
308.264	36
308.482	14
308.701	17
308.92	16
309.139	21
309.358	18
309.577	23
309.796	12
310.015	26
310.234	22
310.453	23
310.672	15
310.891	15
311.11	21
311.328	17
311.547	10
311.766	9
311.985	20
312.204	14
312.423	19
312.642	14
312.861	16
313.08	13
313.299	22
313.518	18
313.737	18
313.955	23
314.174	20
314.393	26
314.612	23
314.831	9
315.05	19
315.269	19
315.488	14
315.707	16
315.926	26
316.145	17
316.364	20
316.582	22
316.801	23
317.02	15
317.239	14
317.458	20
317.677	15
317.896	17
318.115	21
318.334	13
318.553	17
318.772	14
318.991	15
319.209	20
319.428	17
319.647	14
319.866	16
320.085	11
320.304	17
320.523	14
320.742	19
320.961	12
321.18	20
321.399	18
321.618	22
321.836	20
322.055	11
322.274	8
322.493	17
322.712	18
322.931	11
323.15	23
323.369	12
323.588	17
323.807	19
324.026	18
324.245	20
324.463	16
324.682	10
324.901	15
325.12	8
325.339	18
325.558	19
325.777	24
325.996	16
326.215	13
326.434	17
326.653	15
326.872	17
327.09	25
327.309	25
327.528	15
327.747	19
327.966	20
328.185	22
328.404	19
328.623	12
328.842	13
329.061	16
329.28	21
329.499	6
329.717	13
329.936	20
330.155	23
330.374	13
330.593	24
330.812	22
331.031	24
331.25	16
331.469	23
331.688	15
331.907	20
332.126	21
332.344	12
332.563	18
332.782	17
333.001	19
333.22	19
333.439	18
333.658	16
333.877	21
334.096	15
334.315	20
334.534	24
334.753	17
334.971	20
335.19	17
335.409	12
335.628	20
335.847	9
336.066	12
336.285	16
336.504	18
336.723	11
336.942	18
337.161	18
337.38	24
337.598	18
337.817	17
338.036	21
338.255	20
338.474	13
338.693	14
338.912	9
339.131	14
339.35	16
339.569	18
339.788	12
340.007	19
340.225	21
340.444	19
340.663	15
340.882	20
341.101	14
341.32	18
341.539	19
341.758	20
341.977	17
342.196	18
342.415	14
342.634	16
342.852	14
343.071	11
343.29	7
343.509	18
343.728	13
343.947	20
344.166	16
344.385	20
344.604	25
344.823	15
345.042	23
345.261	14
345.479	17
345.698	22
345.917	18
346.136	20
346.355	19
346.574	17
346.793	13
347.012	26
347.231	26
347.45	19
347.669	14
347.888	15
348.106	19
348.325	10
348.544	18
348.763	8
348.982	19
349.201	14
349.42	20
349.639	19
349.858	21
350.077	16
350.296	18
350.515	19
350.733	26
350.952	26
351.171	16
351.39	26
351.609	17
351.828	24
352.047	25
352.266	22
352.485	19
352.704	22
352.923	22
353.142	27
353.36	23
353.579	16
353.798	16
354.017	19
354.236	23
354.455	25
354.674	22
354.893	16
355.112	27
355.331	20
355.55	22
355.769	32
355.987	26
356.206	20
356.425	19
356.644	22
356.863	22
357.082	23
357.301	19
357.52	21
357.739	20
357.958	29
358.177	32
358.396	20
358.614	26
358.833	20
359.052	16
359.271	23
359.49	24
359.709	34
359.928	26
360.147	37
360.366	22
360.585	31
360.804	32
361.023	31
361.241	33
361.46	18
361.679	30
361.898	28
362.117	35
362.336	35
362.555	36
362.774	23
362.993	27
363.212	23
363.431	28
363.65	39
363.868	30
364.087	23
364.306	40
364.525	31
364.744	37
364.963	43
365.182	32
365.401	31
365.62	26
365.839	43
366.058	42
366.277	49
366.496	31
366.714	43
366.933	35
367.152	39
367.371	41
367.59	46
367.809	46
368.028	52
368.247	41
368.466	47
368.685	49
368.904	50
369.123	32
369.341	58
369.56	44
369.779	44
369.998	43
370.217	41
370.436	32
370.655	63
370.874	56
371.093	57
371.312	72
371.531	68
371.75	58
371.968	61
372.187	62
372.406	69
372.625	62
372.844	64
373.063	57
373.282	64
373.501	60
373.72	77
373.939	68
374.158	61
374.377	62
374.595	68
374.814	75
375.033	68
375.252	78
375.471	80
375.69	73
375.909	71
376.128	74
376.347	73
376.566	86
376.785	72
377.004	94
377.222	87
377.441	82
377.66	93
377.879	90
378.098	84
378.317	81
378.536	92
378.755	104
378.974	104
379.193	96
379.412	115
379.631	98
379.849	115
380.068	106
380.287	104
380.506	116
380.725	119
380.944	115
381.163	134
381.382	97
381.601	134
381.82	133
382.039	112
382.258	123
382.476	102
382.695	119
382.914	123
383.133	144
383.352	125
383.571	135
383.79	136
384.009	117
384.228	123
384.447	135
384.666	138
384.885	145
385.103	136
385.322	153
385.541	157
385.76	157
385.979	157
386.198	139
386.417	160
386.636	182
386.855	129
387.074	182
387.293	181
387.512	163
387.73	174
387.949	157
388.168	138
388.387	172
388.606	170
388.825	163
389.044	160
389.263	190
389.482	170
389.701	188
389.92	191
390.139	172
390.357	187
390.576	197
390.795	173
391.014	179
391.233	185
391.452	192
391.671	200
391.89	199
392.109	204
392.328	217
392.547	193
392.766	219
392.984	211
393.203	225
393.422	199
393.641	205
393.86	201
394.079	187
394.298	213
394.517	202
394.736	231
394.955	199
395.174	209
395.393	208
395.611	200
395.83	193
396.049	237
396.268	237
396.487	257
396.706	222
396.925	205
397.144	231
397.363	195
397.582	257
397.801	222
398.02	213
398.238	227
398.457	234
398.676	204
398.895	244
399.114	219
399.333	228
399.552	242
399.771	230
399.99	214
400.209	243
400.428	239
400.647	234
400.865	238
401.084	203
401.303	260
401.522	256
401.741	234
401.96	249
402.179	227
402.398	234
402.617	245
402.836	227
403.055	237
403.274	254
403.492	240
403.711	256
403.93	224
404.149	209
404.368	259
404.587	240
404.806	226
405.025	221
405.244	247
405.463	191
405.682	237
405.901	227
406.119	211
406.338	229
406.557	251
406.776	205
406.995	215
407.214	220
407.433	198
407.652	230
407.871	240
408.09	195
408.309	209
408.528	210
408.746	217
408.965	223
409.184	202
409.403	238
409.622	209
409.841	238
410.06	192
410.279	193
410.498	192
410.717	215
410.936	179
411.155	180
411.373	203
411.592	196
411.811	187
412.03	193
412.249	200
412.468	209
412.687	199
412.906	181
413.125	184
413.344	186
413.563	188
413.782	168
414	162
414.219	158
414.438	189
414.657	166
414.876	177
415.095	167
415.314	186
415.533	149
415.752	167
415.971	173
416.19	165
416.409	156
416.627	156
416.846	146
417.065	158
417.284	175
417.503	140
417.722	145
417.941	178
418.16	158
418.379	154
418.598	141
418.817	133
419.036	126
419.254	123
419.473	133
419.692	141
419.911	124
420.13	120
420.349	120
420.568	110
420.787	115
421.006	114
421.225	148
421.444	98
421.663	114
421.882	116
422.1	116
422.319	101
422.538	106
422.757	118
422.976	122
423.195	103
423.414	119
423.633	85
423.852	95
424.071	86
424.29	92
424.509	118
424.727	98
424.946	91
425.165	103
425.384	84
425.603	91
425.822	97
426.041	78
426.26	101
426.479	101
426.698	95
426.917	89
427.136	91
427.354	74
427.573	73
427.792	74
428.011	73
428.23	76
428.449	62
428.668	59
428.887	71
429.106	59
429.325	65
429.544	74
429.763	58
429.981	73
430.2	66
430.419	63
430.638	46
430.857	51
431.076	53
431.295	51
431.514	60
431.733	48
431.952	53
432.171	38
432.39	50
432.608	47
432.827	41
433.046	43
433.265	36
433.484	37
433.703	35
433.922	53
434.141	40
434.36	53
434.579	34
434.798	42
435.017	30
435.235	40
435.454	38
435.673	31
435.892	33
436.111	33
436.33	38
436.549	31
436.768	36
436.987	31
437.206	25
437.425	30
437.644	26
437.862	22
438.081	28
438.3	35
438.519	26
438.738	33
438.957	20
439.176	22
439.395	24
439.614	27
439.833	28
440.052	21
440.271	20
440.489	27
440.708	21
440.927	13
441.146	14
441.365	25
441.584	17
441.803	23
442.022	21
442.241	14
442.46	20
442.679	15
442.898	19
443.116	14
443.335	22
443.554	12
443.773	17
443.992	22
444.211	16
444.43	20
444.649	17
444.868	11
445.087	14
445.306	18
445.525	15
445.743	18
445.962	16
446.181	12
446.4	16
446.619	13
446.838	11
447.057	13
447.276	15
447.495	17
447.714	14
447.933	8
448.152	11
448.37	19
448.589	7
448.808	15
449.027	15
449.246	18
449.465	14
449.684	20
449.903	13
450.122	13
450.341	10
450.56	9
450.779	11
450.997	10
451.216	11
451.435	11
451.654	13
451.873	8
452.092	8
452.311	17
452.53	11
452.749	20
452.968	8
453.187	12
453.406	16
453.624	15
453.843	14
454.062	11
454.281	11
454.5	6
454.719	12
454.938	10
455.157	10
455.376	9
455.595	11
455.814	9
456.033	6
456.251	11
456.47	12
456.689	9
456.908	3
457.127	11
457.346	10
457.565	11
457.784	8
458.003	12
458.222	9
458.441	10
458.66	9
458.878	6
459.097	10
459.316	9
459.535	6
459.754	10
459.973	7
460.192	10
460.411	10
460.63	9
460.849	10
461.068	7
461.287	10
461.505	7
461.724	6
461.943	8
462.162	13
462.381	8
462.6	4
462.819	9
463.038	11
463.257	11
463.476	8
463.695	5
463.914	9
464.132	6
464.351	4
464.57	8
464.789	4
465.008	1
465.227	7
465.446	11
465.665	5
465.884	13
466.103	5
466.322	12
466.541	8
466.759	13
466.978	9
467.197	12
467.416	8
467.635	8
467.854	5
468.073	7
468.292	11
468.511	10
468.73	8
468.949	5
469.168	6
469.386	7
469.605	8
469.824	5
470.043	14
470.262	3
470.481	9
470.7	8
470.919	15
471.138	4
471.357	7
471.576	8
471.795	9
472.013	9
472.232	10
472.451	10
472.67	6
472.889	9
473.108	10
473.327	10
473.546	8
473.765	10
473.984	8
474.203	7
474.422	8
474.64	9
474.859	7
475.078	9
475.297	11
475.516	7
475.735	6
475.954	5
476.173	6
476.392	11
476.611	4
476.83	10
477.049	6
477.268	7
477.486	8
477.705	2
477.924	11
478.143	6
478.362	8
478.581	5
478.8	7
479.019	10
479.238	9
479.457	15
479.676	7
479.895	11
480.113	6
480.332	9
480.551	12
480.77	11
480.989	8
481.208	8
481.427	13
481.646	8
481.865	12
482.084	6
482.303	11
482.522	12
482.74	5
482.959	10
483.178	12
483.397	7
483.616	5
483.835	6
484.054	8
484.273	13
484.492	9
484.711	7
484.93	10
485.149	9
485.367	7
485.586	10
485.805	9
486.024	10
486.243	5
486.462	14
486.681	10
486.9	11
487.119	4
487.338	7
487.557	5
487.776	8
487.994	11
488.213	10
488.432	13
488.651	10
488.87	12
489.089	6
489.308	12
489.527	2
489.746	12
489.965	12
490.184	9
490.403	7
490.621	6
490.84	5
491.059	11
491.278	4
491.497	13
491.716	11
491.935	9
492.154	7
492.373	4
492.592	9
492.811	7
493.03	7
493.248	14
493.467	11
493.686	9
493.905	8
494.124	13
494.343	7
494.562	8
494.781	5
495	7
495.219	4
495.438	10
495.657	8
495.875	8
496.094	5
496.313	10
496.532	5
496.751	10
496.97	11
497.189	5
497.408	6
497.627	7
497.846	13
498.065	5
498.284	13
498.502	4
498.721	9
498.94	10
499.159	7
499.378	7
499.597	12
499.816	8
500.035	4
500.254	11
500.473	9
500.692	6
500.911	8
501.129	7
501.348	9
501.567	8
501.786	10
502.005	13
502.224	6
502.443	8
502.662	7
502.881	8
503.1	8
503.319	4
503.538	11
503.756	5
503.975	6
504.194	7
504.413	7
504.632	8
504.851	6
505.07	8
505.289	13
505.508	9
505.727	7
505.946	12
506.165	5
506.383	11
506.602	8
506.821	8
507.04	7
507.259	12
507.478	12
507.697	9
507.916	7
508.135	7
508.354	6
508.573	13
508.792	8
509.01	12
509.229	11
509.448	8
509.667	9
509.886	7
510.105	2
510.324	7
510.543	12
510.762	13
510.981	12
511.2	8
511.419	8
511.637	8
511.856	10
512.075	13
512.294	3
512.513	11
512.732	6
512.951	10
513.17	14
513.389	3
513.608	6
513.827	13
514.046	9
514.264	10
514.483	8
514.702	9
514.921	14
515.14	10
515.359	6
515.578	7
515.797	11
516.016	7
516.235	5
516.454	4
516.673	12
516.891	15
517.11	12
517.329	7
517.548	19
517.767	13
517.986	4
518.205	4
518.424	7
518.643	12
518.862	5
519.081	12
519.3	13
519.518	12
519.737	9
519.956	8
520.175	14
520.394	11
520.613	6
520.832	8
521.051	8
521.27	4
521.489	15
521.708	9
521.927	10
522.145	10
522.364	12
522.583	6
522.802	9
523.021	5
523.24	9
523.459	5
523.678	4
523.897	8
524.116	11
524.335	11
524.554	11
524.772	9
524.991	8
525.21	5
525.429	12
525.648	13
525.867	13
526.086	2
526.305	14
526.524	6
526.743	12
526.962	7
527.181	15
527.399	11
527.618	9
527.837	8
528.056	5
528.275	12
528.494	8
528.713	7
528.932	7
529.151	17
529.37	8
529.589	13
529.808	9
530.027	9
530.245	8
530.464	6
530.683	13
530.902	6
531.121	16
531.34	8
531.559	9
531.778	8
531.997	9
532.216	11
532.435	6
532.654	6
532.872	7
533.091	8
533.31	12
533.529	12
533.748	8
533.967	11
534.186	7
534.405	12
534.624	7
534.843	11
535.062	3
535.281	7
535.499	16
535.718	12
535.937	5
536.156	15
536.375	8
536.594	9
536.813	11
537.032	9
537.251	7
537.47	13
537.689	11
537.908	6
538.126	10
538.345	7
538.564	8
538.783	10
539.002	6
539.221	9
539.44	10
539.659	9
539.878	8
540.097	6
540.316	20
540.535	9
540.753	7
540.972	13
541.191	14
541.41	3
541.629	14
541.848	10
542.067	11
542.286	11
542.505	17
542.724	15
542.943	7
543.162	12
543.38	8
543.599	8
543.818	7
544.037	10
544.256	13
544.475	13
544.694	11
544.913	12
545.132	10
545.351	17
545.57	10
545.789	7
546.007	9
546.226	9
546.445	11
546.664	10
546.883	9
547.102	7
547.321	9
547.54	10
547.759	7
547.978	8
548.197	11
548.416	6
548.634	5
548.853	10
549.072	12
549.291	12
549.51	9
549.729	11
549.948	13
550.167	9
550.386	7
550.605	7
550.824	8
551.043	16
551.261	12
551.48	9
551.699	10
551.918	15
552.137	9
552.356	8
552.575	12
552.794	11
553.013	8
553.232	12
553.451	12
553.67	9
553.888	8
554.107	13
554.326	10
554.545	9
554.764	6
554.983	9
555.202	12
555.421	10
555.64	9
555.859	9
556.078	8
556.297	10
556.515	3
556.734	7
556.953	11
557.172	6
557.391	15
557.61	14
557.829	11
558.048	9
558.267	8
558.486	6
558.705	14
558.924	15
559.142	6
559.361	11
559.58	11
559.799	4
560.018	6
560.237	12
560.456	10
560.675	13
560.894	13
561.113	16
561.332	17
561.551	8
561.769	13
561.988	12
562.207	18
562.426	13
562.645	15
562.864	5
563.083	9
563.302	4
563.521	7
563.74	8
563.959	16
564.178	9
564.396	6
564.615	9
564.834	7
565.053	12
565.272	12
565.491	8
565.71	21
565.929	6
566.148	11
566.367	6
566.586	9
566.805	6
567.023	20
567.242	12
567.461	11
567.68	7
567.899	8
568.118	11
568.337	9
568.556	8
568.775	6
568.994	10
569.213	9
569.432	7
569.65	5
569.869	11
570.088	16
570.307	5
570.526	8
570.745	13
570.964	17
571.183	10
571.402	12
571.621	5
571.84	13
572.059	10
572.277	9
572.496	7
572.715	12
572.934	4
573.153	13
573.372	15
573.591	9
573.81	11
574.029	7
574.248	10
574.467	13
574.686	16
574.904	15
575.123	9
575.342	11
575.561	9
575.78	18
575.999	13
576.218	7
576.437	12
576.656	10
576.875	15
577.094	12
577.313	10
577.531	13
577.75	9
577.969	16
578.188	11
578.407	13
578.626	8
578.845	11
579.064	10
579.283	9
579.502	13
579.721	6
579.94	3
580.158	9
580.377	11
580.596	6
580.815	15
581.034	13
581.253	10
581.472	12
581.691	6
581.91	11
582.129	7
582.348	14
582.567	8
582.785	10
583.004	10
583.223	11
583.442	8
583.661	11
583.88	8
584.099	9
584.318	13
584.537	9
584.756	3
584.975	12
585.194	6
585.413	7
585.631	8
585.85	8
586.069	13
586.288	11
586.507	4
586.726	6
586.945	10
587.164	16
587.383	15
587.602	11
587.821	10
588.04	12
588.258	6
588.477	9
588.696	8
588.915	12
589.134	16
589.353	17
589.572	11
589.791	4
590.01	14
590.229	10
590.448	8
590.667	5
590.885	9
591.104	9
591.323	8
591.542	8
591.761	11
591.98	8
592.199	7
592.418	8
592.637	11
592.856	8
593.075	16
593.294	8
593.512	13
593.731	10
593.95	12
594.169	10
594.388	9
594.607	11
594.826	10
595.045	8
595.264	10
595.483	11
595.702	8
595.921	5
596.139	16
596.358	11
596.577	12
596.796	9
597.015	13
597.234	7
597.453	5
597.672	10
597.891	7
598.11	10
598.329	13
598.548	13
598.766	10
598.985	9
599.204	15
599.423	11
599.642	9
599.861	6
600.08	8
600.299	4
600.518	7
600.737	8
600.956	10
601.175	6
601.393	12
601.612	10
601.831	8
602.05	7
602.269	8
602.488	8
602.707	8
602.926	7
603.145	7
603.364	7
603.583	15
603.802	6
604.02	10
604.239	4
604.458	9
604.677	5
604.896	5
605.115	8
605.334	10
605.553	9
605.772	14
605.991	12
606.21	6
606.429	7
606.647	7
606.866	5
607.085	7
607.304	6
607.523	6
607.742	10
607.961	12
608.18	11
608.399	11
608.618	18
608.837	12
609.056	16
609.274	8
609.493	11
609.712	6
609.931	6
610.15	9
610.369	7
610.588	12
610.807	9
611.026	5
611.245	15
611.464	6
611.683	11
611.901	11
612.12	10
612.339	13
612.558	6
612.777	12
612.996	10
613.215	10
613.434	7
613.653	8
613.872	9
614.091	5
614.31	7
614.528	8
614.747	11
614.966	3
615.185	5
615.404	10
615.623	16
615.842	3
616.061	12
616.28	8
616.499	7
616.718	8
616.937	8
617.155	9
617.374	6
617.593	5
617.812	10
618.031	10
618.25	10
618.469	10
618.688	7
618.907	8
619.126	8
619.345	13
619.564	12
619.782	7
620.001	2
620.22	11
620.439	9
620.658	4
620.877	8
621.096	11
621.315	7
621.534	5
621.753	11
621.972	6
622.191	14
622.409	4
622.628	8
622.847	11
623.066	13
623.285	12
623.504	10
623.723	7
623.942	7
624.161	9
624.38	6
624.599	10
624.818	8
625.036	10
625.255	4
625.474	8
625.693	14
625.912	10
626.131	10
626.35	10
626.569	6
626.788	4
627.007	5
627.226	8
627.445	4
627.663	9
627.882	10
628.101	7
628.32	10
628.539	8
628.758	9
628.977	14
629.196	8
629.415	10
629.634	11
629.853	6
630.072	11
630.29	13
630.509	6
630.728	4
630.947	2
631.166	10
631.385	12
631.604	7
631.823	12
632.042	10
632.261	7
632.48	6
632.699	4
632.917	9
633.136	11
633.355	9
633.574	8
633.793	10
634.012	6
634.231	6
634.45	13
634.669	13
634.888	11
635.107	12
635.326	9
635.544	2
635.763	9
635.982	7
636.201	2
636.42	8
636.639	5
636.858	4
637.077	8
637.296	6
637.515	9
637.734	11
637.953	2
638.171	6
638.39	15
638.609	11
638.828	9
639.047	4
639.266	8
639.485	6
639.704	8
639.923	6
640.142	11
640.361	5
640.58	17
640.799	10
641.017	6
641.236	7
641.455	9
641.674	12
641.893	9
642.112	8
642.331	4
642.55	6
642.769	12
642.988	12
643.207	6
643.426	5
643.644	4
643.863	8
644.082	8
644.301	6
644.52	11
644.739	9
644.958	7
645.177	7
645.396	14
645.615	10
645.834	7
646.053	13
646.271	7
646.49	11
646.709	12
646.928	8
647.147	13
647.366	6
647.585	7
647.804	7
648.023	8
648.242	5
648.461	4
648.68	12
648.898	12
649.117	9
649.336	14
649.555	10
649.774	8
649.993	10
650.212	12
650.431	7
650.65	5
650.869	5
651.088	8
651.307	8
651.525	8
651.744	4
651.963	6
652.182	7
652.401	6
652.62	7
652.839	6
653.058	8
653.277	9
653.496	9
653.715	6
653.934	6
654.152	11
654.371	11
654.59	5
654.809	6
655.028	5
655.247	8
655.466	10
655.685	17
655.904	11
656.123	7
656.342	8
656.561	14
656.779	9
656.998	12
657.217	8
657.436	9
657.655	5
657.874	8
658.093	12
658.312	8
658.531	8
658.75	10
658.969	8
659.188	5
659.406	8
659.625	13
659.844	9
660.063	10
660.282	13
660.501	8
660.72	17
660.939	9
661.158	8
661.377	12
661.596	8
661.815	11
662.033	12
662.252	8
662.471	12
662.69	7
662.909	12
663.128	9
663.347	8
663.566	15
663.785	6
664.004	6
664.223	7
664.442	12
664.66	8
664.879	10
665.098	9
665.317	2
665.536	5
665.755	7
665.974	9
666.193	9
666.412	5
666.631	7
666.85	8
667.069	6
667.287	8
667.506	11
667.725	10
667.944	10
668.163	7
668.382	7
668.601	14
668.82	6
669.039	8
669.258	9
669.477	11
669.696	14
669.914	5
670.133	8
670.352	9
670.571	11
670.79	12
671.009	9
671.228	7
671.447	8
671.666	8
671.885	8
672.104	8
672.323	12
672.541	5
672.76	17
672.979	4
673.198	8
673.417	5
673.636	10
673.855	14
674.074	13
674.293	6
674.512	6
674.731	2
674.95	6
675.168	10
675.387	10
675.606	7
675.825	6
676.044	11
676.263	8
676.482	8
676.701	7
676.92	10
677.139	9
677.358	5
677.577	11
677.795	6
678.014	7
678.233	12
678.452	7
678.671	10
678.89	6
679.109	7
679.328	6
679.547	5
679.766	12
679.985	4
680.204	8
680.422	7
680.641	8
680.86	12
681.079	11
681.298	9
681.517	13
681.736	16
681.955	10
682.174	14
682.393	11
682.612	9
682.831	6
683.049	11
683.268	9
683.487	13
683.706	7
683.925	7
684.144	6
684.363	7
684.582	9
684.801	15
685.02	9
685.239	16
685.458	8
685.676	3
685.895	16
686.114	11
686.333	14
686.552	6
686.771	9
686.99	13
687.209	5
687.428	4
687.647	12
687.866	7
688.085	11
688.303	9
688.522	8
688.741	4
688.96	2
689.179	13
689.398	4
689.617	10
689.836	8
690.055	8
690.274	6
690.493	8
690.712	8
690.93	8
691.149	7
691.368	8
691.587	12
691.806	4
692.025	9
692.244	9
692.463	9
692.682	9
692.901	10
693.12	10
693.339	10
693.558	8
693.776	12
693.995	8
694.214	8
694.433	15
694.652	10
694.871	5
695.09	7
695.309	14
695.528	11
695.747	8
695.966	6
696.185	5
696.403	8
696.622	8
696.841	9
697.06	11
697.279	6
697.498	14
697.717	9
697.936	9
698.155	5
698.374	10
698.593	6
698.812	7
699.03	7
699.249	7
699.468	12
699.687	5
699.906	8
700.125	13
700.344	11
700.563	4
700.782	10
701.001	7
701.22	7
701.439	11
701.657	7
701.876	6
702.095	6
702.314	11
702.533	7
702.752	11
702.971	18
703.19	9
703.409	11
703.628	10
703.847	7
704.066	11
704.284	8
704.503	12
704.722	8
704.941	6
705.16	7
705.379	5
705.598	15
705.817	9
706.036	8
706.255	8
706.474	8
706.693	9
706.911	7
707.13	9
707.349	5
707.568	9
707.787	16
708.006	17
708.225	8
708.444	10
708.663	8
708.882	11
709.101	14
709.32	8
709.538	6
709.757	10
709.976	2
710.195	13
710.414	5
710.633	8
710.852	10
711.071	11
711.29	8
711.509	11
711.728	8
711.947	10
712.165	5
712.384	8
712.603	5
712.822	7
713.041	10
713.26	8
713.479	6
713.698	2
713.917	12
714.136	9
714.355	12
714.574	11
714.792	6
715.011	10
715.23	15
715.449	12
715.668	10
715.887	14
716.106	10
716.325	9
716.544	7
716.763	2
716.982	9
717.201	9
717.419	8
717.638	8
717.857	9
718.076	7
718.295	6
718.514	7
718.733	7
718.952	10
719.171	9
719.39	10
719.609	8
719.828	7
720.046	12
720.265	5
720.484	7
720.703	13
720.922	9
721.141	9
721.36	6
721.579	9
721.798	8
722.017	7
722.236	14
722.455	7
722.673	11
722.892	6
723.111	15
723.33	9
723.549	8
723.768	15
723.987	14
724.206	10
724.425	9
724.644	5
724.863	10
725.082	14
725.3	6
725.519	8
725.738	11
725.957	8
726.176	7
726.395	7
726.614	10
726.833	14
727.052	9
727.271	7
727.49	10
727.709	10
727.927	13
728.146	4
728.365	9
728.584	7
728.803	5
729.022	6
729.241	8
729.46	13
729.679	15
729.898	10
730.117	13
730.336	2
730.554	14
730.773	15
730.992	9
731.211	10
731.43	8
731.649	9
731.868	8
732.087	15
732.306	6
732.525	12
732.744	9
732.963	8
733.181	11
733.4	7
733.619	13
733.838	9
734.057	5
734.276	11
734.495	6
734.714	8
734.933	10
735.152	10
735.371	12
735.59	11
735.808	14
736.027	9
736.246	10
736.465	6
736.684	14
736.903	10
737.122	13
737.341	8
737.56	8
737.779	9
737.998	6
738.217	7
738.435	13
738.654	8
738.873	15
739.092	8
739.311	9
739.53	10
739.749	7
739.968	10
740.187	8
740.406	8
740.625	3
740.844	8
741.062	16
741.281	17
741.5	8
741.719	9
741.938	12
742.157	11
742.376	11
742.595	6
742.814	5
743.033	13
743.252	12
743.471	12
743.689	7
743.908	13
744.127	10
744.346	7
744.565	9
744.784	8
745.003	11
745.222	10
745.441	11
745.66	7
745.879	11
746.098	7
746.316	11
746.535	14
746.754	8
746.973	11
747.192	4
747.411	7
747.63	12
747.849	10
748.068	5
748.287	8
748.506	6
748.725	7
748.944	6
749.162	9
749.381	9
749.6	5
749.819	5
750.038	1
750.257	11
750.476	8
750.695	7
750.914	3
751.133	7
751.352	9
751.571	5
751.789	6
752.008	5
752.227	3
752.446	10
752.665	1
752.884	11
753.103	10
753.322	7
753.541	8
753.76	13
753.979	8
754.198	6
754.416	6
754.635	13
754.854	11
755.073	8
755.292	11
755.511	15
755.73	13
755.949	9
756.168	6
756.387	6
756.606	11
756.825	10
757.043	10
757.262	11
757.481	8
757.7	8
757.919	9
758.138	14
758.357	12
758.576	9
758.795	7
759.014	15
759.233	6
759.452	16
759.67	9
759.889	8
760.108	4
760.327	9
760.546	10
760.765	10
760.984	15
761.203	13
761.422	10
761.641	9
761.86	7
762.079	13
762.297	11
762.516	12
762.735	14
762.954	8
763.173	9
763.392	7
763.611	10
763.83	8
764.049	16
764.268	5
764.487	10
764.706	18
764.924	9
765.143	15
765.362	8
765.581	11
765.8	15
766.019	10
766.238	10
766.457	3
766.676	5
766.895	12
767.114	17
767.333	10
767.551	10
767.77	11
767.989	10
768.208	13
768.427	11
768.646	16
768.865	15
769.084	8
769.303	15
769.522	8
769.741	10
769.96	7
770.178	12
770.397	11
770.616	14
770.835	5
771.054	13
771.273	8
771.492	14
771.711	12
771.93	9
772.149	11
772.368	9
772.587	3
772.805	12
773.024	9
773.243	8
773.462	13
773.681	10
773.9	11
774.119	10
774.338	8
774.557	12
774.776	7
774.995	9
775.214	7
775.432	9
775.651	11
775.87	13
776.089	8
776.308	10
776.527	5
776.746	4
776.965	14
777.184	6
777.403	7
777.622	7
777.841	7
778.059	5
778.278	16
778.497	11
778.716	7
778.935	13
779.154	9
779.373	14
779.592	14
779.811	11
780.03	9
780.249	12
780.468	7
780.686	11
780.905	9
781.124	9
781.343	10
781.562	9
781.781	10
782	14
782.219	17
782.438	12
782.657	11
782.876	6
783.095	12
783.313	10
783.532	8
783.751	15
783.97	12
784.189	11
784.408	9
784.627	7
784.846	9
785.065	10
785.284	9
785.503	11
785.722	16
785.94	7
786.159	8
786.378	9
786.597	10
786.816	7
787.035	10
787.254	10
787.473	16
787.692	10
787.911	10
788.13	9
788.349	8
788.567	11
788.786	13
789.005	13
789.224	10
789.443	10
789.662	9
789.881	12
790.1	12
790.319	10
790.538	13
790.757	8
790.976	6
791.194	8
791.413	11
791.632	9
791.851	9
792.07	6
792.289	10
792.508	8
792.727	13
792.946	12
793.165	13
793.384	11
793.603	8
793.821	16
794.04	14
794.259	6
794.478	10
794.697	13
794.916	10
795.135	13
795.354	8
795.573	9
795.792	11
796.011	15
796.23	9
796.448	10
796.667	7
796.886	10
797.105	9
797.324	9
797.543	4
797.762	9
797.981	9
798.2	6
798.419	7
798.638	11
798.857	9
799.075	9
799.294	11
799.513	10
799.732	3
799.951	8
800.17	12
800.389	9
800.608	8
800.827	6
801.046	8
801.265	8
801.484	14
801.702	9
801.921	3
802.14	10
802.359	10
802.578	9
802.797	10
803.016	7
803.235	6
803.454	10
803.673	10
803.892	14
804.111	7
804.33	8
804.548	5
804.767	7
804.986	9
805.205	9
805.424	13
805.643	4
805.862	6
806.081	10
806.3	12
806.519	10
806.738	16
806.957	8
807.175	13
807.394	6
807.613	16
807.832	6
808.051	8
808.27	9
808.489	5
808.708	10
808.927	5
809.146	9
809.365	12
809.584	11
809.802	9
810.021	1
810.24	10
810.459	10
810.678	9
810.897	5
811.116	7
811.335	13
811.554	11
811.773	12
811.992	11
812.211	5
812.429	15
812.648	11
812.867	7
813.086	11
813.305	8
813.524	8
813.743	7
813.962	6
814.181	13
814.4	10
814.619	11
814.838	1
815.056	3
815.275	8
815.494	12
815.713	16
815.932	10
816.151	13
816.37	8
816.589	8
816.808	10
817.027	10
817.246	11
817.465	11
817.683	8
817.902	7
818.121	13
818.34	11
818.559	11
818.778	12
818.997	14
819.216	3
819.435	6
819.654	16
819.873	5
820.092	14
820.31	9
820.529	7
820.748	9
820.967	7
821.186	9
821.405	7
821.624	14
821.843	5
822.062	9
822.281	7
822.5	15
822.719	8
822.937	7
823.156	7
823.375	9
823.594	9
823.813	11
824.032	9
824.251	10
824.47	10
824.689	10
824.908	12
825.127	9
825.346	10
825.564	13
825.783	16
826.002	14
826.221	8
826.44	10
826.659	6
826.878	9
827.097	12
827.316	8
827.535	8
827.754	5
827.973	8
828.191	10
828.41	6
828.629	8
828.848	14
829.067	4
829.286	10
829.505	10
829.724	7
829.943	9
830.162	7
830.381	6
830.6	5
830.818	6
831.037	5
831.256	4
831.475	10
831.694	9
831.913	10
832.132	11
832.351	7
832.57	9
832.789	11
833.008	6
833.227	8
833.445	7
833.664	5
833.883	5
834.102	10
834.321	9
834.54	4
834.759	8
834.978	8
835.197	7
835.416	10
835.635	8
835.854	6
836.072	8
836.291	9
836.51	8
836.729	11
836.948	7
837.167	14
837.386	5
837.605	6
837.824	3
838.043	11
838.262	7
838.481	10
838.699	5
838.918	9
839.137	10
839.356	3
839.575	9
839.794	6
840.013	8
840.232	7
840.451	3
840.67	6
840.889	11
841.108	9
841.326	8
841.545	14
841.764	7
841.983	7
842.202	10
842.421	7
842.64	8
842.859	9
843.078	7
843.297	4
843.516	10
843.735	6
843.953	17
844.172	12
844.391	8
844.61	9
844.829	5
845.048	7
845.267	15
845.486	6
845.705	4
845.924	11
846.143	7
846.362	3
846.58	4
846.799	13
847.018	7
847.237	2
847.456	5
847.675	6
847.894	10
848.113	4
848.332	8
848.551	12
848.77	5
848.989	8
849.207	7
849.426	6
849.645	4
849.864	7
850.083	5
850.302	8
850.521	6
850.74	9
850.959	5
851.178	5
851.397	4
851.616	3
851.834	7
852.053	9
852.272	5
852.491	6
852.71	5
852.929	10
853.148	3
853.367	5
853.586	9
853.805	6
854.024	6
854.243	6
854.461	10
854.68	11
854.899	8
855.118	9
855.337	11
855.556	5
855.775	7
855.994	9
856.213	3
856.432	4
856.651	6
856.87	7
857.088	5
857.307	4
857.526	5
857.745	2
857.964	12
858.183	8
858.402	6
858.621	4
858.84	3
859.059	9
859.278	11
859.497	8
859.716	5
859.934	6
860.153	9
860.372	5
860.591	5
860.81	3
861.029	4
861.248	6
861.467	8
861.686	4
861.905	2
862.124	6
862.343	7
862.561	8
862.78	2
862.999	9
863.218	9
863.437	5
863.656	8
863.875	10
864.094	4
864.313	5
864.532	5
864.751	2
864.97	5
865.188	5
865.407	4
865.626	6
865.845	6
866.064	3
866.283	6
866.502	4
866.721	8
866.94	5
867.159	4
867.378	6
867.597	8
867.815	5
868.034	8
868.253	7
868.472	6
868.691	5
868.91	9
869.129	7
869.348	9
869.567	4
869.786	8
870.005	6
870.224	7
870.442	8
870.661	2
870.88	1
871.099	6
871.318	2
871.537	4
871.756	9
871.975	3
872.194	2
872.413	2
872.632	6
872.851	2
873.069	6
873.288	6
873.507	3
873.726	4
873.945	6
874.164	3
874.383	5
874.602	7
874.821	8
875.04	3
875.259	5
875.478	5
875.696	4
875.915	3
876.134	5
876.353	3
876.572	6
876.791	1
877.01	4
877.229	4
877.448	6
877.667	10
877.886	3
878.105	6
878.323	2
878.542	4
878.761	3
878.98	5
879.199	6
879.418	5
879.637	5
879.856	2
880.075	4
880.294	4
880.513	3
880.732	4
880.95	4
881.169	1
881.388	6
881.607	2
881.826	4
882.045	3
882.264	1
882.483	2
882.702	4
882.921	8
883.14	2
883.359	4
883.577	2
883.796	3
884.015	4
884.234	5
884.453	0
884.672	7
884.891	3
885.11	2
885.329	2
885.548	3
885.767	4
885.986	3
886.204	6
886.423	3
886.642	3
886.861	1
887.08	3
887.299	4
887.518	3
887.737	2
887.956	2
888.175	3
888.394	6
888.613	4
888.831	7
889.05	3
889.269	6
889.488	4
889.707	3
889.926	0
890.145	2
890.364	1
890.583	2
890.802	1
891.021	1
891.24	3
891.458	3
891.677	2
891.896	3
892.115	3
892.334	4
892.553	0
892.772	3
892.991	2
893.21	4
893.429	6
893.648	3
893.867	2
894.085	6
894.304	2
894.523	1
894.742	4
894.961	5
895.18	7
895.399	3
895.618	9
895.837	3
896.056	2
896.275	0
896.494	4
896.712	2
896.931	1
897.15	4
897.369	3
897.588	5
897.807	5
898.026	2
898.245	4
898.464	1
898.683	8
898.902	4
899.121	1
899.339	2
899.558	4
899.777	1
899.996	1
900.215	0
900.434	3
900.653	1
900.872	4
901.091	2
901.31	3
901.529	3
901.748	3
901.966	3
902.185	2
902.404	2
902.623	3
902.842	2
903.061	3
903.28	5
903.499	3
903.718	2
903.937	3
904.156	1
904.375	7
904.593	4
904.812	2
905.031	1
905.25	6
905.469	4
905.688	3
905.907	1
906.126	2
906.345	9
906.564	4
906.783	3
907.002	3
907.22	4
907.439	5
907.658	4
907.877	5
908.096	3
908.315	4
908.534	5
908.753	5
908.972	2
909.191	2
909.41	5
909.629	1
909.847	4
910.066	4
910.285	2
910.504	5
910.723	2
910.942	3
911.161	3
911.38	1
911.599	2
911.818	3
912.037	1
912.256	1
912.475	2
912.693	0
912.912	3
913.131	2
913.35	1
913.569	3
913.788	6
914.007	2
914.226	1
914.445	5
914.664	0
914.883	4
915.102	3
915.32	1
915.539	3
915.758	1
915.977	1
916.196	7
916.415	1
916.634	1
916.853	2
917.072	2
917.291	1
917.51	3
917.729	2
917.947	6
918.166	2
918.385	2
918.604	1
918.823	7
919.042	6
919.261	5
919.48	3
919.699	3
919.918	2
920.137	4
920.356	1
920.574	2
920.793	1
921.012	0
921.231	1
921.45	2
921.669	2
921.888	2
922.107	6
922.326	3
922.545	1
922.764	1
922.983	1
923.201	6
923.42	2
923.639	4
923.858	2
924.077	2
924.296	2
924.515	1
924.734	1
924.953	1
925.172	7
925.391	2
925.61	1
925.828	7
926.047	4
926.266	0
926.485	4
926.704	5
926.923	6
927.142	4
927.361	0
927.58	5
927.799	1
928.018	2
928.237	5
928.455	0
928.674	3
928.893	3
929.112	2
929.331	1
929.55	2
929.769	0
929.988	2
930.207	5
930.426	3
930.645	1
930.864	2
931.082	2
931.301	3
931.52	0
931.739	5
931.958	1
932.177	2
932.396	3
932.615	2
932.834	1
933.053	5
933.272	3
933.491	2
933.709	2
933.928	3
934.147	2
934.366	0
934.585	4
934.804	2
935.023	4
935.242	3
935.461	1
935.68	3
935.899	2
936.118	3
936.336	3
936.555	3
936.774	2
936.993	2
937.212	4
937.431	2
937.65	0
937.869	3
938.088	0
938.307	7
938.526	0
938.745	1
938.963	3
939.182	4
939.401	1
939.62	6
939.839	1
940.058	2
940.277	2
940.496	3
940.715	1
940.934	2
941.153	1
941.372	8
941.59	2
941.809	1
942.028	4
942.247	2
942.466	1
942.685	3
942.904	2
943.123	3
943.342	2
943.561	1
943.78	5
943.999	3
944.217	1
944.436	4
944.655	1
944.874	4
945.093	4
945.312	4
945.531	3
945.75	4
945.969	4
946.188	3
946.407	0
946.626	5
946.844	0
947.063	3
947.282	2
947.501	0
947.72	3
947.939	3
948.158	4
948.377	4
948.596	5
948.815	6
949.034	2
949.253	5
949.471	4
949.69	3
949.909	5
950.128	2
950.347	6
950.566	3
950.785	3
951.004	2
951.223	2
951.442	4
951.661	3
951.88	3
952.098	2
952.317	2
952.536	4
952.755	4
952.974	2
953.193	3
953.412	3
953.631	2
953.85	4
954.069	4
954.288	3
954.507	1
954.725	3
954.944	4
955.163	3
955.382	3
955.601	2
955.82	3
956.039	3
956.258	2
956.477	2
956.696	3
956.915	2
957.134	2
957.352	9
957.571	4
957.79	5
958.009	6
958.228	4
958.447	7
958.666	3
958.885	3
959.104	5
959.323	6
959.542	3
959.761	4
959.979	5
960.198	4
960.417	5
960.636	4
960.855	5
961.074	2
961.293	5
961.512	3
961.731	7
961.95	6
962.169	4
962.388	8
962.606	2
962.825	5
963.044	3
963.263	4
963.482	6
963.701	1
963.92	8
964.139	9
964.358	5
964.577	3
964.796	5
965.015	7
965.233	6
965.452	1
965.671	6
965.89	4
966.109	10
966.328	3
966.547	5
966.766	8
966.985	4
967.204	3
967.423	6
967.642	7
967.861	1
968.079	7
968.298	6
968.517	4
968.736	8
968.955	3
969.174	7
969.393	8
969.612	7
969.831	2
970.05	3
970.269	4
970.488	6
970.706	5
970.925	3
971.144	5
971.363	5
971.582	11
971.801	6
972.02	4
972.239	4
972.458	6
972.677	4
972.896	5
973.115	5
973.333	6
973.552	4
973.771	4
973.99	5
974.209	6
974.428	3
974.647	9
974.866	8
975.085	5
975.304	9
975.523	10
975.742	10
975.96	9
976.179	6
976.398	4
976.617	7
976.836	10
977.055	9
977.274	2
977.493	12
977.712	9
977.931	9
978.15	6
978.369	12
978.587	12
978.806	12
979.025	5
979.244	8
979.463	7
979.682	11
979.901	6
980.12	6
980.339	3
980.558	10
980.777	9
980.996	9
981.214	8
981.433	14
981.652	6
981.871	14
982.09	9
982.309	5
982.528	11
982.747	11
982.966	3
983.185	9
983.404	18
983.623	14
983.841	16
984.06	11
984.279	8
984.498	8
984.717	9
984.936	15
985.155	9
985.374	15
985.593	6
985.812	9
986.031	10
986.25	8
986.468	6
986.687	13
986.906	11
987.125	10
987.344	15
987.563	11
987.782	11
988.001	6
988.22	5
988.439	13
988.658	12
988.877	15
989.095	5
989.314	15
989.533	8
989.752	12
989.971	13
990.19	8
990.409	13
990.628	10
990.847	17
991.066	17
991.285	7
991.504	8
991.722	18
991.941	7
992.16	14
992.379	9
992.598	16
992.817	10
993.036	10
993.255	16
993.474	11
993.693	16
993.912	19
994.131	18
994.349	16
994.568	17
994.787	16
995.006	15
995.225	16
995.444	21
995.663	16
995.882	16
996.101	14
996.32	23
996.539	19
996.758	20
996.976	22
997.195	24
997.414	16
997.633	15
997.852	14
998.071	16
998.29	12
998.509	13
998.728	19
998.947	13
999.166	9
999.385	11
999.603	17
999.822	9
1000.04	22
1000.26	23
1000.48	17
1000.7	10
1000.92	12
1001.14	14
1001.35	19
1001.57	13
1001.79	16
1002.01	16
1002.23	24
1002.45	21
1002.67	24
1002.89	16
1003.11	13
1003.33	22
1003.54	17
1003.76	21
1003.98	22
1004.2	22
1004.42	25
1004.64	23
1004.86	14
1005.08	13
1005.3	20
1005.51	19
1005.73	25
1005.95	18
1006.17	18
1006.39	29
1006.61	20
1006.83	22
1007.05	20
1007.27	15
1007.48	21
1007.7	19
1007.92	23
1008.14	17
1008.36	24
1008.58	29
1008.8	26
1009.02	29
1009.24	16
1009.45	31
1009.67	11
1009.89	24
1010.11	24
1010.33	17
1010.55	22
1010.77	21
1010.99	32
1011.21	19
1011.42	18
1011.64	29
1011.86	21
1012.08	26
1012.3	22
1012.52	19
1012.74	21
1012.96	25
1013.18	15
1013.4	19
1013.61	24
1013.83	25
1014.05	21
1014.27	23
1014.49	21
1014.71	33
1014.93	14
1015.15	16
1015.37	19
1015.58	16
1015.8	31
1016.02	19
1016.24	19
1016.46	20
1016.68	23
1016.9	20
1017.12	29
1017.34	23
1017.55	17
1017.77	23
1017.99	22
1018.21	20
1018.43	23
1018.65	29
1018.87	27
1019.09	22
1019.31	23
1019.52	21
1019.74	17
1019.96	19
1020.18	24
1020.4	18
1020.62	19
1020.84	24
1021.06	24
1021.28	31
1021.5	31
1021.71	27
1021.93	20
1022.15	16
1022.37	23
1022.59	21
1022.81	12
1023.03	31
1023.25	25
1023.47	28
1023.68	14
1023.9	18
1024.12	20
1024.34	20
1024.56	27
1024.78	24
1025	20
1025.22	29
1025.44	28
1025.65	24
1025.87	22
1026.09	16
1026.31	26
1026.53	23
1026.75	23
1026.97	16
1027.19	26
1027.41	17
1027.62	18
1027.84	20
1028.06	33
1028.28	19
1028.5	27
1028.72	24
1028.94	25
1029.16	27
1029.38	29
1029.6	19
1029.81	32
1030.03	25
1030.25	25
1030.47	21
1030.69	21
1030.91	30
1031.13	20
1031.35	19
1031.57	22
1031.78	26
1032	22
1032.22	20
1032.44	18
1032.66	19
1032.88	18
1033.1	23
1033.32	17
1033.54	26
1033.75	17
1033.97	17
1034.19	21
1034.41	16
1034.63	23
1034.85	18
1035.07	19
1035.29	13
1035.51	17
1035.72	22
1035.94	20
1036.16	25
1036.38	18
1036.6	28
1036.82	28
1037.04	19
1037.26	13
1037.48	13
1037.7	13
1037.91	20
1038.13	24
1038.35	18
1038.57	27
1038.79	12
1039.01	25
1039.23	16
1039.45	17
1039.67	26
1039.88	20
1040.1	19
1040.32	24
1040.54	19
1040.76	22
1040.98	22
1041.2	18
1041.42	19
1041.64	15
1041.85	15
1042.07	13
1042.29	19
1042.51	17
1042.73	12
1042.95	16
1043.17	19
1043.39	11
1043.61	19
1043.82	14
1044.04	18
1044.26	20
1044.48	16
1044.7	15
1044.92	20
1045.14	20
1045.36	17
1045.58	18
1045.79	18
1046.01	31
1046.23	19
1046.45	18
1046.67	13
1046.89	16
1047.11	19
1047.33	19
1047.55	11
1047.77	17
1047.98	12
1048.2	22
1048.42	18
1048.64	13
1048.86	21
1049.08	15
1049.3	11
1049.52	13
1049.74	10
1049.95	13
1050.17	16
1050.39	7
1050.61	15
1050.83	15
1051.05	18
1051.27	14
1051.49	13
1051.71	16
1051.92	10
1052.14	7
1052.36	12
1052.58	10
1052.8	14
1053.02	16
1053.24	15
1053.46	13
1053.68	9
1053.89	19
1054.11	11
1054.33	12
1054.55	6
1054.77	11
1054.99	9
1055.21	9
1055.43	8
1055.65	10
1055.87	15
1056.08	10
1056.3	13
1056.52	14
1056.74	10
1056.96	12
1057.18	8
1057.4	8
1057.62	12
1057.84	17
1058.05	7
1058.27	10
1058.49	14
1058.71	9
1058.93	17
1059.15	8
1059.37	12
1059.59	9
1059.81	8
1060.02	9
1060.24	10
1060.46	13
1060.68	12
1060.9	13
1061.12	5
1061.34	10
1061.56	14
1061.78	8
1061.99	11
1062.21	7
1062.43	9
1062.65	14
1062.87	10
1063.09	5
1063.31	12
1063.53	9
1063.75	6
1063.97	7
1064.18	14
1064.4	11
1064.62	4
1064.84	11
1065.06	8
1065.28	5
1065.5	9
1065.72	7
1065.94	8
1066.15	10
1066.37	2
1066.59	6
1066.81	9
1067.03	9
1067.25	12
1067.47	12
1067.69	8
1067.91	4
1068.12	7
1068.34	11
1068.56	10
1068.78	5
1069	1
1069.22	9
1069.44	4
1069.66	5
1069.88	8
1070.09	10
1070.31	6
1070.53	7
1070.75	4
1070.97	4
1071.19	6
1071.41	3
1071.63	6
1071.85	12
1072.06	5
1072.28	4
1072.5	3
1072.72	5
1072.94	5
1073.16	10
1073.38	1
1073.6	7
1073.82	5
1074.04	1
1074.25	5
1074.47	6
1074.69	3
1074.91	7
1075.13	4
1075.35	10
1075.57	4
1075.79	5
1076.01	5
1076.22	4
1076.44	4
1076.66	4
1076.88	8
1077.1	6
1077.32	4
1077.54	5
1077.76	3
1077.98	5
1078.19	6
1078.41	10
1078.63	6
1078.85	4
1079.07	4
1079.29	4
1079.51	5
1079.73	3
1079.95	5
1080.16	5
1080.38	2
1080.6	5
1080.82	3
1081.04	8
1081.26	0
1081.48	2
1081.7	5
1081.92	2
1082.14	2
1082.35	4
1082.57	6
1082.79	5
1083.01	7
1083.23	4
1083.45	1
1083.67	2
1083.89	2
1084.11	3
1084.32	4
1084.54	2
1084.76	7
1084.98	2
1085.2	3
1085.42	4
1085.64	5
1085.86	2
1086.08	6
1086.29	1
1086.51	5
1086.73	4
1086.95	2
1087.17	3
1087.39	5
1087.61	4
1087.83	9
1088.05	2
1088.26	5
1088.48	4
1088.7	2
1088.92	2
1089.14	2
1089.36	2
1089.58	2
1089.8	1
1090.02	3
1090.24	5
1090.45	0
1090.67	2
1090.89	2
1091.11	4
1091.33	1
1091.55	1
1091.77	5
1091.99	6
1092.21	2
1092.42	2
1092.64	3
1092.86	3
1093.08	4
1093.3	2
1093.52	3
1093.74	1
1093.96	2
1094.18	3
1094.39	2
1094.61	3
1094.83	2
1095.05	1
1095.27	1
1095.49	3
1095.71	1
1095.93	2
1096.15	3
1096.36	3
1096.58	2
1096.8	2
1097.02	3
1097.24	4
1097.46	2
1097.68	4
1097.9	1
1098.12	1
1098.34	1
1098.55	2
1098.77	0
1098.99	4
1099.21	1
1099.43	1
1099.65	0
1099.87	2
1100.09	0
1100.31	1
1100.52	2
1100.74	1
1100.96	2
1101.18	2
1101.4	4
1101.62	1
1101.84	3
1102.06	5
1102.28	3
1102.49	1
1102.71	4
1102.93	2
1103.15	0
1103.37	0
1103.59	3
1103.81	2
1104.03	1
1104.25	4
1104.46	2
1104.68	1
1104.9	1
1105.12	2
1105.34	1
1105.56	2
1105.78	2
1106	0
1106.22	2
1106.43	1
1106.65	2
1106.87	1
1107.09	1
1107.31	2
1107.53	2
1107.75	1
1107.97	5
1108.19	1
1108.41	1
1108.62	4
1108.84	3
1109.06	7
1109.28	2
1109.5	2
1109.72	1
1109.94	1
1110.16	2
1110.38	1
1110.59	2
1110.81	3
1111.03	0
1111.25	3
1111.47	0
1111.69	0
1111.91	1
1112.13	3
1112.35	1
1112.56	0
1112.78	1
1113	0
1113.22	1
1113.44	3
1113.66	1
1113.88	0
1114.1	1
1114.32	0
1114.53	0
1114.75	2
1114.97	0
1115.19	0
1115.41	3
1115.63	3
1115.85	3
1116.07	1
1116.29	2
1116.51	1
1116.72	1
1116.94	2
1117.16	1
1117.38	2
1117.6	1
1117.82	1
1118.04	1
1118.26	2
1118.48	1
1118.69	0
1118.91	1
1119.13	1
1119.35	2
1119.57	1
1119.79	2
1120.01	0
1120.23	2
1120.45	4
1120.66	3
1120.88	0
1121.1	2
1121.32	1
1121.54	0
1121.76	2
1121.98	4
1122.2	0
1122.42	0
1122.63	0
1122.85	2
1123.07	0
1123.29	1
1123.51	0
1123.73	3
1123.95	2
1124.17	0
1124.39	2
1124.61	2
1124.82	2
1125.04	2
1125.26	1
1125.48	2
1125.7	4
1125.92	3
1126.14	1
1126.36	1
1126.58	3
1126.79	1
1127.01	1
1127.23	0
1127.45	3
1127.67	2
1127.89	3
1128.11	2
1128.33	0
1128.55	1
1128.76	4
1128.98	1
1129.2	1
1129.42	2
1129.64	4
1129.86	1
1130.08	2
1130.3	1
1130.52	2
1130.73	1
1130.95	0
1131.17	1
1131.39	1
1131.61	0
1131.83	2
1132.05	2
1132.27	2
1132.49	0
1132.71	5
1132.92	1
1133.14	2
1133.36	1
1133.58	1
1133.8	2
1134.02	3
1134.24	1
1134.46	2
1134.68	0
1134.89	3
1135.11	2
1135.33	1
1135.55	3
1135.77	1
1135.99	1
1136.21	2
1136.43	0
1136.65	0
1136.86	5
1137.08	0
1137.3	2
1137.52	1
1137.74	2
1137.96	1
1138.18	1
1138.4	1
1138.62	3
1138.83	0
1139.05	3
1139.27	1
1139.49	1
1139.71	0
1139.93	0
1140.15	0
1140.37	0
1140.59	1
1140.8	2
1141.02	3
1141.24	3
1141.46	2
1141.68	3
1141.9	3
1142.12	1
1142.34	2
1142.56	3
1142.78	3
1142.99	3
1143.21	1
1143.43	3
1143.65	3
1143.87	5
1144.09	1
1144.31	3
1144.53	1
1144.75	2
1144.96	2
1145.18	3
1145.4	1
1145.62	1
1145.84	0
1146.06	4
1146.28	3
1146.5	1
1146.72	1
1146.93	2
1147.15	1
1147.37	1
1147.59	1
1147.81	1
1148.03	0
1148.25	0
1148.47	1
1148.69	2
1148.9	5
1149.12	0
1149.34	3
1149.56	2
1149.78	2
1150	0
1150.22	3
1150.44	1
1150.66	1
1150.88	0
1151.09	0
1151.31	1
1151.53	0
1151.75	0
1151.97	2
1152.19	1
1152.41	2
1152.63	4
1152.85	5
1153.06	1
1153.28	2
1153.5	2
1153.72	2
1153.94	1
1154.16	2
1154.38	2
1154.6	4
1154.82	1
1155.03	2
1155.25	2
1155.47	1
1155.69	2
1155.91	1
1156.13	2
1156.35	1
1156.57	3
1156.79	0
1157	1
1157.22	3
1157.44	0
1157.66	2
1157.88	2
1158.1	2
1158.32	3
1158.54	0
1158.76	2
1158.98	0
1159.19	2
1159.41	1
1159.63	2
1159.85	2
1160.07	1
1160.29	0
1160.51	1
1160.73	2
1160.95	5
1161.16	2
1161.38	1
1161.6	1
1161.82	2
1162.04	2
1162.26	1
1162.48	1
1162.7	1
1162.92	2
1163.13	1
1163.35	0
1163.57	3
1163.79	1
1164.01	3
1164.23	2
1164.45	2
1164.67	2
1164.89	3
1165.1	1
1165.32	1
1165.54	1
1165.76	2
1165.98	1
1166.2	2
1166.42	1
1166.64	2
1166.86	3
1167.07	1
1167.29	0
1167.51	1
1167.73	0
1167.95	2
1168.17	1
1168.39	1
1168.61	2
1168.83	0
1169.05	2
1169.26	1
1169.48	5
1169.7	3
1169.92	0
1170.14	1
1170.36	2
1170.58	1
1170.8	1
1171.02	2
1171.23	2
1171.45	3
1171.67	0
1171.89	5
1172.11	2
1172.33	4
1172.55	3
1172.77	1
1172.99	3
1173.2	1
1173.42	1
1173.64	1
1173.86	1
1174.08	2
1174.3	1
1174.52	2
1174.74	3
1174.96	3
1175.17	1
1175.39	2
1175.61	0
1175.83	3
1176.05	3
1176.27	2
1176.49	1
1176.71	2
1176.93	1
1177.15	3
1177.36	5
1177.58	1
1177.8	1
1178.02	1
1178.24	2
1178.46	3
1178.68	3
1178.9	3
1179.12	1
1179.33	2
1179.55	1
1179.77	0
1179.99	2
1180.21	0
1180.43	1
1180.65	2
1180.87	0
1181.09	2
1181.3	0
1181.52	0
1181.74	2
1181.96	2
1182.18	0
1182.4	1
1182.62	4
1182.84	2
1183.06	0
1183.27	0
1183.49	3
1183.71	2
1183.93	1
1184.15	1
1184.37	1
1184.59	2
1184.81	1
1185.03	2
1185.25	2
1185.46	3
1185.68	0
1185.9	2
1186.12	3
1186.34	3
1186.56	2
1186.78	4
1187	2
1187.22	2
1187.43	1
1187.65	4
1187.87	2
1188.09	0
1188.31	0
1188.53	2
1188.75	3
1188.97	3
1189.19	3
1189.4	1
1189.62	1
1189.84	1
1190.06	2
1190.28	2
1190.5	1
1190.72	0
1190.94	6
1191.16	3
1191.37	1
1191.59	1
1191.81	2
1192.03	1
1192.25	2
1192.47	3
1192.69	0
1192.91	4
1193.13	1
1193.35	0
1193.56	1
1193.78	2
1194	2
1194.22	4
1194.44	0
1194.66	0
1194.88	2
1195.1	3
1195.32	2
1195.53	1
1195.75	0
1195.97	1
1196.19	2
1196.41	2
1196.63	1
1196.85	0
1197.07	2
1197.29	1
1197.5	2
1197.72	2
1197.94	1
1198.16	1
1198.38	3
1198.6	5
1198.82	2
1199.04	1
1199.26	3
1199.47	0
1199.69	3
1199.91	0
1200.13	3
1200.35	4
1200.57	2
1200.79	2
1201.01	4
1201.23	3
1201.44	1
1201.66	1
1201.88	2
1202.1	2
1202.32	5
1202.54	3
1202.76	0
1202.98	5
1203.2	0
1203.42	0
1203.63	1
1203.85	0
1204.07	1
1204.29	2
1204.51	1
1204.73	1
1204.95	0
1205.17	3
1205.39	0
1205.6	1
1205.82	3
1206.04	1
1206.26	4
1206.48	2
1206.7	1
1206.92	2
1207.14	2
1207.36	1
1207.57	2
1207.79	1
1208.01	0
1208.23	0
1208.45	4
1208.67	2
1208.89	2
1209.11	0
1209.33	2
1209.54	2
1209.76	2
1209.98	1
1210.2	1
1210.42	1
1210.64	2
1210.86	2
1211.08	0
1211.3	1
1211.52	3
1211.73	0
1211.95	2
1212.17	1
1212.39	0
1212.61	0
1212.83	0
1213.05	2
1213.27	0
1213.49	1
1213.7	0
1213.92	2
1214.14	3
1214.36	0
1214.58	2
1214.8	3
1215.02	1
1215.24	0
1215.46	1
1215.67	0
1215.89	5
1216.11	1
1216.33	1
1216.55	0
1216.77	1
1216.99	2
1217.21	1
1217.43	1
1217.64	4
1217.86	0
1218.08	1
1218.3	1
1218.52	0
1218.74	0
1218.96	0
1219.18	4
1219.4	2
1219.62	0
1219.83	1
1220.05	1
1220.27	3
1220.49	2
1220.71	0
1220.93	0
1221.15	1
1221.37	1
1221.59	3
1221.8	1
1222.02	4
1222.24	2
1222.46	3
1222.68	1
1222.9	3
1223.12	1
1223.34	2
1223.56	3
1223.77	3
1223.99	1
1224.21	3
1224.43	0
1224.65	1
1224.87	2
1225.09	5
1225.31	3
1225.53	2
1225.74	0
1225.96	3
1226.18	0
1226.4	2
1226.62	0
1226.84	0
1227.06	1
1227.28	1
1227.5	1
1227.71	1
1227.93	0
1228.15	2
1228.37	3
1228.59	0
1228.81	4
1229.03	2
1229.25	5
1229.47	0
1229.69	3
1229.9	2
1230.12	2
1230.34	3
1230.56	1
1230.78	5
1231	1
1231.22	2
1231.44	2
1231.66	0
1231.87	0
1232.09	0
1232.31	2
1232.53	1
1232.75	1
1232.97	1
1233.19	3
1233.41	3
1233.63	0
1233.84	0
1234.06	1
1234.28	0
1234.5	1
1234.72	1
1234.94	2
1235.16	0
1235.38	0
1235.6	1
1235.81	3
1236.03	2
1236.25	3
1236.47	0
1236.69	1
1236.91	1
1237.13	6
1237.35	0
1237.57	1
1237.79	0
1238	0
1238.22	1
1238.44	1
1238.66	2
1238.88	2
1239.1	2
1239.32	2
1239.54	1
1239.76	1
1239.97	3
1240.19	1
1240.41	3
1240.63	0
1240.85	3
1241.07	1
1241.29	1
1241.51	0
1241.73	1
1241.94	3
1242.16	2
1242.38	1
1242.6	1
1242.82	1
1243.04	4
1243.26	0
1243.48	1
1243.7	0
1243.91	4
1244.13	3
1244.35	0
1244.57	3
1244.79	2
1245.01	1
1245.23	3
1245.45	0
1245.67	3
1245.89	1
1246.1	1
1246.32	3
1246.54	2
1246.76	4
1246.98	2
1247.2	2
1247.42	2
1247.64	2
1247.86	1
1248.07	0
1248.29	1
1248.51	1
1248.73	0
1248.95	1
1249.17	1
1249.39	0
1249.61	0
1249.83	1
1250.04	1
1250.26	1
1250.48	1
1250.7	2
1250.92	0
1251.14	3
1251.36	2
1251.58	2
1251.8	2
1252.01	1
1252.23	3
1252.45	1
1252.67	1
1252.89	1
1253.11	2
1253.33	1
1253.55	2
1253.77	3
1253.99	1
1254.2	1
1254.42	0
1254.64	2
1254.86	1
1255.08	2
1255.3	0
1255.52	2
1255.74	4
1255.96	2
1256.17	0
1256.39	2
1256.61	2
1256.83	1
1257.05	2
1257.27	0
1257.49	0
1257.71	1
1257.93	1
1258.14	2
1258.36	0
1258.58	2
1258.8	1
1259.02	0
1259.24	3
1259.46	0
1259.68	1
1259.9	1
1260.11	0
1260.33	1
1260.55	2
1260.77	1
1260.99	1
1261.21	2
1261.43	2
1261.65	2
1261.87	0
1262.08	3
1262.3	2
1262.52	0
1262.74	1
1262.96	0
1263.18	2
1263.4	1
1263.62	2
1263.84	0
1264.06	4
1264.27	1
1264.49	3
1264.71	0
1264.93	2
1265.15	0
1265.37	0
1265.59	0
1265.81	1
1266.03	0
1266.24	0
1266.46	1
1266.68	1
1266.9	1
1267.12	2
1267.34	0
1267.56	0
1267.78	4
1268	1
1268.21	4
1268.43	0
1268.65	1
1268.87	1
1269.09	4
1269.31	1
1269.53	0
1269.75	1
1269.97	1
1270.18	0
1270.4	1
1270.62	1
1270.84	2
1271.06	2
1271.28	1
1271.5	0
1271.72	2
1271.94	3
1272.16	3
1272.37	1
1272.59	3
1272.81	3
1273.03	1
1273.25	2
1273.47	0
1273.69	0
1273.91	0
1274.13	3
1274.34	1
1274.56	2
1274.78	0
1275	0
1275.22	1
1275.44	2
1275.66	0
1275.88	2
1276.1	2
1276.31	0
1276.53	1
1276.75	0
1276.97	2
1277.19	0
1277.41	1
1277.63	2
1277.85	1
1278.07	1
1278.28	0
1278.5	0
1278.72	0
1278.94	0
1279.16	0
1279.38	0
1279.6	1
1279.82	1
1280.04	1
1280.26	2
1280.47	1
1280.69	2
1280.91	0
1281.13	2
1281.35	1
1281.57	0
1281.79	0
1282.01	1
1282.23	1
1282.44	2
1282.66	3
1282.88	0
1283.1	1
1283.32	1
1283.54	0
1283.76	1
1283.98	1
1284.2	0
1284.41	0
1284.63	2
1284.85	1
1285.07	1
1285.29	1
1285.51	1
1285.73	0
1285.95	3
1286.17	0
1286.38	0
1286.6	0
1286.82	0
1287.04	1
1287.26	1
1287.48	0
1287.7	0
1287.92	2
1288.14	3
1288.35	1
1288.57	0
1288.79	0
1289.01	0
1289.23	1
1289.45	0
1289.67	2
1289.89	1
1290.11	0
1290.33	0
1290.54	1
1290.76	1
1290.98	2
1291.2	4
1291.42	2
1291.64	0
1291.86	1
1292.08	1
1292.3	1
1292.51	0
1292.73	0
1292.95	3
1293.17	1
1293.39	0
1293.61	1
1293.83	1
1294.05	4
1294.27	0
1294.48	0
1294.7	2
1294.92	1
1295.14	0
1295.36	1
1295.58	0
1295.8	0
1296.02	1
1296.24	0
1296.45	2
1296.67	3
1296.89	1
1297.11	1
1297.33	1
1297.55	1
1297.77	1
1297.99	1
1298.21	1
1298.43	1
1298.64	3
1298.86	0
1299.08	1
1299.3	0
1299.52	3
1299.74	0
1299.96	2
1300.18	0
1300.4	1
1300.61	0
1300.83	0
1301.05	1
1301.27	1
1301.49	0
1301.71	4
1301.93	2
1302.15	0
1302.37	0
1302.58	0
1302.8	2
1303.02	0
1303.24	1
1303.46	0
1303.68	0
1303.9	1
1304.12	3
1304.34	0
1304.55	4
1304.77	2
1304.99	1
1305.21	1
1305.43	0
1305.65	2
1305.87	0
1306.09	0
1306.31	1
1306.53	0
1306.74	0
1306.96	1
1307.18	0
1307.4	0
1307.62	0
1307.84	0
1308.06	0
1308.28	0
1308.5	0
1308.71	1
1308.93	2
1309.15	1
1309.37	1
1309.59	2
1309.81	0
1310.03	0
1310.25	0
1310.47	0
1310.68	0
1310.9	0
1311.12	0
1311.34	1
1311.56	4
1311.78	2
1312	2
1312.22	1
1312.44	0
1312.65	1
1312.87	0
1313.09	0
1313.31	0
1313.53	0
1313.75	1
1313.97	0
1314.19	0
1314.41	0
1314.63	0
1314.84	2
1315.06	0
1315.28	0
1315.5	2
1315.72	0
1315.94	1
1316.16	0
1316.38	2
1316.6	0
1316.81	1
1317.03	0
1317.25	1
1317.47	0
1317.69	0
1317.91	0
1318.13	0
1318.35	2
1318.57	1
1318.78	0
1319	0
1319.22	0
1319.44	1
1319.66	0
1319.88	0
1320.1	0
1320.32	0
1320.54	0
1320.75	1
1320.97	0
1321.19	0
1321.41	0
1321.63	1
1321.85	0
1322.07	0
1322.29	0
1322.51	0
1322.72	1
1322.94	1
1323.16	0
1323.38	0
1323.6	0
1323.82	2
1324.04	0
1324.26	0
1324.48	1
1324.7	2
1324.91	1
1325.13	0
1325.35	1
1325.57	1
1325.79	0
1326.01	1
1326.23	2
1326.45	1
1326.67	0
1326.88	0
1327.1	0
1327.32	0
1327.54	0
1327.76	1
1327.98	0
1328.2	0
1328.42	0
1328.64	0
1328.85	0
1329.07	2
1329.29	1
1329.51	0
1329.73	0
1329.95	0
1330.17	0
1330.39	1
1330.61	0
1330.82	0
1331.04	0
1331.26	0
1331.48	0
1331.7	2
1331.92	0
1332.14	0
1332.36	1
1332.58	1
1332.8	2
1333.01	1
1333.23	0
1333.45	1
1333.67	0
1333.89	0
1334.11	2
1334.33	0
1334.55	0
1334.77	0
1334.98	1
1335.2	0
1335.42	0
1335.64	0
1335.86	0
1336.08	0
1336.3	0
1336.52	0
1336.74	1
1336.95	1
1337.17	0
1337.39	0
1337.61	0
1337.83	0
1338.05	0
1338.27	0
1338.49	0
1338.71	1
1338.92	1
1339.14	1
1339.36	0
1339.58	0
1339.8	1
1340.02	1
1340.24	0
1340.46	0
1340.68	0
1340.9	0
1341.11	1
1341.33	0
1341.55	1
1341.77	1
1341.99	0
1342.21	1
1342.43	1
1342.65	2
1342.87	0
1343.08	0
1343.3	0
1343.52	1
1343.74	1
1343.96	0
1344.18	0
1344.4	0
1344.62	0
1344.84	0
1345.05	0
1345.27	0
1345.49	0
1345.71	0
1345.93	0
1346.15	1
1346.37	1
1346.59	0
1346.81	0
1347.02	2
1347.24	0
1347.46	0
1347.68	2
1347.9	0
1348.12	1
1348.34	0
1348.56	0
1348.78	0
1348.99	0
1349.21	1
1349.43	0
1349.65	1
1349.87	1
1350.09	0
1350.31	0
1350.53	0
1350.75	0
1350.97	0
1351.18	0
1351.4	0
1351.62	2
1351.84	0
1352.06	1
1352.28	0
1352.5	0
1352.72	0
1352.94	0
1353.15	0
1353.37	2
1353.59	0
1353.81	0
1354.03	0
1354.25	0
1354.47	1
1354.69	0
1354.91	1
1355.12	0
1355.34	0
1355.56	1
1355.78	1
1356	1
1356.22	0
1356.44	0
1356.66	0
1356.88	0
1357.09	0
1357.31	0
1357.53	0
1357.75	0
1357.97	0
1358.19	0
1358.41	0
1358.63	2
1358.85	0
1359.07	0
1359.28	0
1359.5	0
1359.72	0
1359.94	0
1360.16	1
1360.38	0
1360.6	0
1360.82	0
1361.04	0
1361.25	1
1361.47	0
1361.69	2
1361.91	0
1362.13	0
1362.35	0
1362.57	0
1362.79	0
1363.01	2
1363.22	0
1363.44	1
1363.66	0
1363.88	0
1364.1	1
1364.32	0
1364.54	0
1364.76	0
1364.98	0
1365.19	0
1365.41	1
1365.63	1
1365.85	0
1366.07	0
1366.29	0
1366.51	0
1366.73	0
1366.95	0
1367.17	0
1367.38	1
1367.6	0
1367.82	1
1368.04	1
1368.26	0
1368.48	0
1368.7	0
1368.92	0
1369.14	1
1369.35	0
1369.57	0
1369.79	0
1370.01	0
1370.23	1
1370.45	0
1370.67	0
1370.89	0
1371.11	0
1371.32	0
1371.54	0
1371.76	1
1371.98	0
1372.2	0
1372.42	0
1372.64	0
1372.86	0
1373.08	0
1373.29	2
1373.51	0
1373.73	0
1373.95	1
1374.17	0
1374.39	0
1374.61	0
1374.83	0
1375.05	0
1375.27	0
1375.48	1
1375.7	0
1375.92	0
1376.14	1
1376.36	0
1376.58	0
1376.8	0
1377.02	0
1377.24	0
1377.45	0
1377.67	0
1377.89	1
1378.11	0
1378.33	0
1378.55	0
1378.77	0
1378.99	1
1379.21	0
1379.42	0
1379.64	0
1379.86	0
1380.08	0
1380.3	0
1380.52	2
1380.74	0
1380.96	0
1381.18	0
1381.39	0
1381.61	0
1381.83	0
1382.05	0
1382.27	1
1382.49	1
1382.71	0
1382.93	1
1383.15	0
1383.36	0
1383.58	0
1383.8	0
1384.02	0
1384.24	1
1384.46	0
1384.68	0
1384.9	1
1385.12	0
1385.34	0
1385.55	0
1385.77	0
1385.99	0
1386.21	0
1386.43	0
1386.65	1
1386.87	1
1387.09	1
1387.31	0
1387.52	0
1387.74	0
1387.96	0
1388.18	1
1388.4	1
1388.62	1
1388.84	0
1389.06	1
1389.28	0
1389.49	1
1389.71	0
1389.93	1
1390.15	0
1390.37	0
1390.59	0
1390.81	0
1391.03	0
1391.25	0
1391.46	0
1391.68	0
1391.9	0
1392.12	1
1392.34	0
1392.56	0
1392.78	1
1393	0
1393.22	0
1393.44	1
1393.65	0
1393.87	0
1394.09	0
1394.31	0
1394.53	1
1394.75	1
1394.97	0
1395.19	0
1395.41	0
1395.62	0
1395.84	0
1396.06	0
1396.28	2
1396.5	2
1396.72	2
1396.94	0
1397.16	0
1397.38	0
1397.59	0
1397.81	0
1398.03	0
1398.25	0
1398.47	0
1398.69	1
1398.91	0
1399.13	0
1399.35	0
1399.56	0
1399.78	0
1400	0
1400.22	0
1400.44	0
1400.66	0
1400.88	1
1401.1	1
1401.32	0
1401.54	1
1401.75	0
1401.97	0
1402.19	1
1402.41	0
1402.63	0
1402.85	1
1403.07	0
1403.29	0
1403.51	0
1403.72	0
1403.94	1
1404.16	1
1404.38	0
1404.6	0
1404.82	1
1405.04	0
1405.26	1
1405.48	0
1405.69	0
1405.91	1
1406.13	2
1406.35	0
1406.57	1
1406.79	0
1407.01	1
1407.23	0
1407.45	0
1407.66	0
1407.88	0
1408.1	0
1408.32	1
1408.54	0
1408.76	0
1408.98	0
1409.2	0
1409.42	1
1409.64	0
1409.85	3
1410.07	1
1410.29	0
1410.51	0
1410.73	0
1410.95	0
1411.17	1
1411.39	0
1411.61	0
1411.82	0
1412.04	0
1412.26	0
1412.48	3
1412.7	0
1412.92	2
1413.14	3
1413.36	0
1413.58	0
1413.79	0
1414.01	0
1414.23	0
1414.45	0
1414.67	1
1414.89	0
1415.11	0
1415.33	0
1415.55	0
1415.76	1
1415.98	0
1416.2	1
1416.42	0
1416.64	1
1416.86	1
1417.08	2
1417.3	0
1417.52	1
1417.73	0
1417.95	1
1418.17	0
1418.39	0
1418.61	1
1418.83	2
1419.05	1
1419.27	1
1419.49	1
1419.71	1
1419.92	0
1420.14	0
1420.36	1
1420.58	0
1420.8	1
1421.02	2
1421.24	0
1421.46	0
1421.68	0
1421.89	2
1422.11	1
1422.33	1
1422.55	0
1422.77	0
1422.99	2
1423.21	0
1423.43	0
1423.65	2
1423.86	1
1424.08	0
1424.3	1
1424.52	0
1424.74	0
1424.96	2
1425.18	5
1425.4	0
1425.62	1
1425.83	2
1426.05	0
1426.27	1
1426.49	1
1426.71	0
1426.93	2
1427.15	2
1427.37	1
1427.59	3
1427.81	0
1428.02	1
1428.24	2
1428.46	1
1428.68	2
1428.9	0
1429.12	0
1429.34	0
1429.56	1
1429.78	0
1429.99	3
1430.21	1
1430.43	0
1430.65	2
1430.87	1
1431.09	0
1431.31	0
1431.53	0
1431.75	1
1431.96	1
1432.18	2
1432.4	2
1432.62	1
1432.84	3
1433.06	3
1433.28	2
1433.5	2
1433.72	0
1433.93	0
1434.15	1
1434.37	0
1434.59	0
1434.81	0
1435.03	1
1435.25	1
1435.47	1
1435.69	0
1435.91	2
1436.12	1
1436.34	0
1436.56	1
1436.78	2
1437	0
1437.22	2
1437.44	1
1437.66	2
1437.88	1
1438.09	3
1438.31	2
1438.53	2
1438.75	0
1438.97	3
1439.19	1
1439.41	0
1439.63	1
1439.85	2
1440.06	2
1440.28	1
1440.5	2
1440.72	2
1440.94	1
1441.16	3
1441.38	0
1441.6	1
1441.82	0
1442.03	1
1442.25	0
1442.47	3
1442.69	3
1442.91	0
1443.13	1
1443.35	1
1443.57	1
1443.79	0
1444	3
1444.22	1
1444.44	1
1444.66	0
1444.88	3
1445.1	1
1445.32	3
1445.54	0
1445.76	0
1445.98	1
1446.19	1
1446.41	1
1446.63	1
1446.85	1
1447.07	0
1447.29	1
1447.51	0
1447.73	2
1447.95	3
1448.16	1
1448.38	3
1448.6	1
1448.82	0
1449.04	0
1449.26	1
1449.48	2
1449.7	1
1449.92	0
1450.13	1
1450.35	3
1450.57	5
1450.79	1
1451.01	0
1451.23	2
1451.45	2
1451.67	2
1451.89	0
1452.1	1
1452.32	0
1452.54	0
1452.76	0
1452.98	1
1453.2	1
1453.42	1
1453.64	3
1453.86	1
1454.08	1
1454.29	2
1454.51	3
1454.73	0
1454.95	0
1455.17	2
1455.39	0
1455.61	2
1455.83	1
1456.05	2
1456.26	1
1456.48	0
1456.7	1
1456.92	2
1457.14	1
1457.36	0
1457.58	0
1457.8	1
1458.02	1
1458.23	1
1458.45	1
1458.67	1
1458.89	2
1459.11	2
1459.33	2
1459.55	1
1459.77	4
1459.99	0
1460.2	1
1460.42	0
1460.64	1
1460.86	0
1461.08	0
1461.3	0
1461.52	1
1461.74	0
1461.96	3
1462.18	2
1462.39	0
1462.61	1
1462.83	1
1463.05	2
1463.27	2
1463.49	4
1463.71	0
1463.93	2
1464.15	1
1464.36	0
1464.58	2
1464.8	1
1465.02	0
1465.24	1
1465.46	5
1465.68	2
1465.9	1
1466.12	2
1466.33	4
1466.55	0
1466.77	1
1466.99	3
1467.21	3
1467.43	0
1467.65	1
1467.87	2
1468.09	2
1468.3	3
1468.52	1
1468.74	0
1468.96	2
1469.18	1
1469.4	3
1469.62	0
1469.84	0
1470.06	2
1470.28	2
1470.49	1
1470.71	3
1470.93	1
1471.15	1
1471.37	2
1471.59	1
1471.81	3
1472.03	3
1472.25	0
1472.46	2
1472.68	1
1472.9	1
1473.12	2
1473.34	0
1473.56	1
1473.78	0
1474	2
1474.22	1
1474.43	0
1474.65	2
1474.87	0
1475.09	3
1475.31	2
1475.53	1
1475.75	2
1475.97	1
1476.19	1
1476.4	0
1476.62	0
1476.84	0
1477.06	2
1477.28	1
1477.5	2
1477.72	0
1477.94	2
1478.16	1
1478.37	1
1478.59	3
1478.81	1
1479.03	0
1479.25	2
1479.47	1
1479.69	1
1479.91	0
1480.13	1
1480.35	0
1480.56	1
1480.78	3
1481	3
1481.22	2
1481.44	2
1481.66	2
1481.88	2
1482.1	1
1482.32	0
1482.53	1
1482.75	3
1482.97	0
1483.19	1
1483.41	1
1483.63	0
1483.85	0
1484.07	2
1484.29	1
1484.5	1
1484.72	0
1484.94	1
1485.16	0
1485.38	1
1485.6	0
1485.82	0
1486.04	2
1486.26	1
1486.47	2
1486.69	2
1486.91	1
1487.13	1
1487.35	0
1487.57	1
1487.79	0
1488.01	2
1488.23	2
1488.45	0
1488.66	2
1488.88	1
1489.1	0
1489.32	1
1489.54	0
1489.76	1
1489.98	1
1490.2	1
1490.42	0
1490.63	1
1490.85	1
1491.07	3
1491.29	0
1491.51	1
1491.73	2
1491.95	1
1492.17	0
1492.39	0
1492.6	2
1492.82	1
1493.04	0
1493.26	0
1493.48	2
1493.7	1
1493.92	0
1494.14	0
1494.36	1
1494.57	0
1494.79	0
1495.01	1
1495.23	1
1495.45	4
1495.67	0
1495.89	0
1496.11	0
1496.33	1
1496.55	0
1496.76	0
1496.98	0
1497.2	1
1497.42	0
1497.64	1
1497.86	1
1498.08	1
1498.3	2
1498.52	1
1498.73	0
1498.95	0
1499.17	1
1499.39	3
1499.61	2
1499.83	0
1500.05	0
1500.27	1
1500.49	1
1500.7	0
1500.92	0
1501.14	2
1501.36	0
1501.58	0
1501.8	0
1502.02	2
1502.24	0
1502.46	0
1502.67	0
1502.89	2
1503.11	0
1503.33	0
1503.55	1
1503.77	0
1503.99	1
1504.21	3
1504.43	1
1504.64	2
1504.86	1
1505.08	0
1505.3	1
1505.52	0
1505.74	0
1505.96	0
1506.18	1
1506.4	2
1506.62	0
1506.83	1
1507.05	0
1507.27	0
1507.49	0
1507.71	1
1507.93	1
1508.15	0
1508.37	0
1508.59	0
1508.8	0
1509.02	1
1509.24	1
1509.46	0
1509.68	0
1509.9	1
1510.12	1
1510.34	2
1510.56	1
1510.77	0
1510.99	2
1511.21	0
1511.43	0
1511.65	0
1511.87	0
1512.09	1
1512.31	0
1512.53	0
1512.74	0
1512.96	0
1513.18	1
1513.4	1
1513.62	2
1513.84	0
1514.06	0
1514.28	1
1514.5	1
1514.72	0
1514.93	0
1515.15	1
1515.37	1
1515.59	1
1515.81	0
1516.03	0
1516.25	0
1516.47	0
1516.69	1
1516.9	1
1517.12	0
1517.34	1
1517.56	0
1517.78	0
1518	0
1518.22	0
1518.44	0
1518.66	2
1518.87	0
1519.09	0
1519.31	2
1519.53	0
1519.75	0
1519.97	0
1520.19	0
1520.41	0
1520.63	0
1520.84	1
1521.06	1
1521.28	0
1521.5	0
1521.72	0
1521.94	1
1522.16	0
1522.38	1
1522.6	0
1522.82	0
1523.03	1
1523.25	0
1523.47	0
1523.69	0
1523.91	0
1524.13	2
1524.35	0
1524.57	0
1524.79	0
1525	0
1525.22	1
1525.44	0
1525.66	0
1525.88	0
1526.1	0
1526.32	0
1526.54	0
1526.76	0
1526.97	0
1527.19	0
1527.41	0
1527.63	0
1527.85	0
1528.07	0
1528.29	2
1528.51	0
1528.73	0
1528.94	0
1529.16	2
1529.38	0
1529.6	0
1529.82	1
1530.04	0
1530.26	0
1530.48	0
1530.7	0
1530.92	0
1531.13	0
1531.35	0
1531.57	0
1531.79	0
1532.01	0
1532.23	0
1532.45	0
1532.67	0
1532.89	0
1533.1	0
1533.32	0
1533.54	0
1533.76	0
1533.98	0
1534.2	0
1534.42	0
1534.64	0
1534.86	0
1535.07	0
1535.29	1
1535.51	0
1535.73	0
1535.95	0
1536.17	1
1536.39	0
1536.61	0
1536.83	0
1537.04	0
1537.26	0
1537.48	1
1537.7	0
1537.92	0
1538.14	0
1538.36	0
1538.58	0
1538.8	0
1539.01	0
1539.23	0
1539.45	0
1539.67	0
1539.89	0
1540.11	0
1540.33	0
1540.55	0
1540.77	0
1540.99	0
1541.2	0
1541.42	0
1541.64	0
1541.86	0
1542.08	0
1542.3	0
1542.52	0
1542.74	0
1542.96	0
1543.17	0
1543.39	0
1543.61	1
1543.83	0
1544.05	0
1544.27	1
1544.49	0
1544.71	0
1544.93	0
1545.14	1
1545.36	0
1545.58	1
1545.8	1
1546.02	0
1546.24	0
1546.46	0
1546.68	0
1546.9	0
1547.11	0
1547.33	0
1547.55	0
1547.77	1
1547.99	0
1548.21	0
1548.43	0
1548.65	0
1548.87	0
1549.09	0
1549.3	0
1549.52	0
1549.74	0
1549.96	0
1550.18	0
1550.4	0
1550.62	0
1550.84	0
1551.06	0
1551.27	0
1551.49	0
1551.71	0
1551.93	0
1552.15	0
1552.37	0
1552.59	0
1552.81	0
1553.03	0
1553.24	0
1553.46	1
1553.68	0
1553.9	0
1554.12	0
1554.34	0
1554.56	0
1554.78	0
1555	0
1555.21	1
1555.43	0
1555.65	1
1555.87	0
1556.09	0
1556.31	0
1556.53	0
1556.75	0
1556.97	0
1557.19	0
1557.4	0
1557.62	0
1557.84	0
1558.06	0
1558.28	0
1558.5	0
1558.72	0
1558.94	0
1559.16	0
1559.37	0
1559.59	0
1559.81	0
1560.03	0
1560.25	0
1560.47	0
1560.69	0
1560.91	0
1561.13	1
1561.34	0
1561.56	0
1561.78	0
1562	0
1562.22	0
1562.44	0
1562.66	0
1562.88	0
1563.1	0
1563.31	0
1563.53	0
1563.75	0
1563.97	0
1564.19	0
1564.41	0
1564.63	0
1564.85	0
1565.07	0
1565.28	0
1565.5	0
1565.72	0
1565.94	0
1566.16	0
1566.38	0
1566.6	0
1566.82	0
1567.04	0
1567.26	0
1567.47	0
1567.69	0
1567.91	0
1568.13	0
1568.35	0
1568.57	0
1568.79	0
1569.01	0
1569.23	0
1569.44	0
1569.66	0
1569.88	0
1570.1	1
1570.32	0
1570.54	0
1570.76	0
1570.98	0
1571.2	0
1571.41	0
1571.63	0
1571.85	0
1572.07	0
1572.29	0
1572.51	0
1572.73	0
1572.95	0
1573.17	0
1573.38	0
1573.6	0
1573.82	0
1574.04	0
1574.26	0
1574.48	0
1574.7	0
1574.92	0
1575.14	0
1575.36	0
1575.57	0
1575.79	0
1576.01	0
1576.23	0
1576.45	0
1576.67	0
1576.89	0
1577.11	0
1577.33	0
1577.54	0
1577.76	0
1577.98	0
1578.2	0
1578.42	0
1578.64	0
1578.86	0
1579.08	0
1579.3	0
1579.51	0
1579.73	0
1579.95	0
1580.17	0
1580.39	0
1580.61	0
1580.83	0
1581.05	0
1581.27	1
1581.48	0
1581.7	0
1581.92	0
1582.14	0
1582.36	0
1582.58	0
1582.8	0
1583.02	0
1583.24	0
1583.46	0
1583.67	0
1583.89	0
1584.11	0
1584.33	0
1584.55	0
1584.77	0
1584.99	0
1585.21	0
1585.43	0
1585.64	0
1585.86	0
1586.08	0
1586.3	0
1586.52	0
1586.74	0
1586.96	0
1587.18	0
1587.4	0
1587.61	0
1587.83	0
1588.05	0
1588.27	0
1588.49	0
1588.71	0
1588.93	0
1589.15	0
1589.37	0
1589.58	0
1589.8	0
1590.02	0
1590.24	0
1590.46	0
1590.68	1
1590.9	0
1591.12	0
1591.34	0
1591.56	0
1591.77	0
1591.99	0
1592.21	0
1592.43	0
1592.65	0
1592.87	0
1593.09	0
1593.31	0
1593.53	0
1593.74	0
1593.96	0
1594.18	0
1594.4	0
1594.62	0
1594.84	0
1595.06	0
1595.28	0
1595.5	0
1595.71	0
1595.93	0
1596.15	0
1596.37	0
1596.59	0
1596.81	0
1597.03	0
1597.25	0
1597.47	0
1597.68	0
1597.9	0
1598.12	0
1598.34	0
1598.56	0
1598.78	0
1599	0
1599.22	0
1599.44	0
1599.65	0
1599.87	0
1600.09	0
1600.31	0
1600.53	0
1600.75	0
1600.97	0
1601.19	0
1601.41	0
1601.63	0
1601.84	0
1602.06	0
1602.28	0
1602.5	0
1602.72	0
1602.94	0
1603.16	0
1603.38	0
1603.6	0
1603.81	0
1604.03	0
1604.25	0
1604.47	0
1604.69	0
1604.91	0
1605.13	0
1605.35	0
1605.57	0
1605.78	0
1606	0
1606.22	0
1606.44	0
1606.66	0
1606.88	0
1607.1	0
1607.32	0
1607.54	0
1607.75	0
1607.97	0
1608.19	0
1608.41	0
1608.63	0
1608.85	0
1609.07	0
1609.29	0
1609.51	0
1609.73	0
1609.94	1
1610.16	0
1610.38	0
1610.6	0
1610.82	0
1611.04	0
1611.26	0
1611.48	0
1611.7	0
1611.91	0
1612.13	0
1612.35	0
1612.57	0
1612.79	0
1613.01	0
1613.23	0
1613.45	0
1613.67	0
1613.88	0
1614.1	0
1614.32	0
1614.54	0
1614.76	0
1614.98	0
1615.2	0
1615.42	0
1615.64	0
1615.85	0
1616.07	0
1616.29	0
1616.51	0
1616.73	0
1616.95	0
1617.17	0
1617.39	0
1617.61	0
1617.83	0
1618.04	0
1618.26	0
1618.48	0
1618.7	0
1618.92	0
1619.14	0
1619.36	0
1619.58	0
1619.8	0
1620.01	0
1620.23	0
1620.45	1
1620.67	0
1620.89	0
1621.11	0
1621.33	0
1621.55	1
1621.77	1
1621.98	0
1622.2	0
1622.42	0
1622.64	0
1622.86	0
1623.08	0
1623.3	0
1623.52	0
1623.74	0
1623.95	0
1624.17	0
1624.39	0
1624.61	0
1624.83	0
1625.05	0
1625.27	0
1625.49	0
1625.71	0
1625.93	0
1626.14	0
1626.36	0
1626.58	0
1626.8	0
1627.02	0
1627.24	0
1627.46	0
1627.68	0
1627.9	0
1628.11	0
1628.33	0
1628.55	0
1628.77	0
1628.99	0
1629.21	0
1629.43	0
1629.65	0
1629.87	0
1630.08	0
1630.3	0
1630.52	0
1630.74	0
1630.96	0
1631.18	0
1631.4	0
1631.62	0
1631.84	0
1632.05	0
1632.27	0
1632.49	0
1632.71	0
1632.93	0
1633.15	0
1633.37	0
1633.59	0
1633.81	0
1634.02	0
1634.24	0
1634.46	0
1634.68	0
1634.9	0
1635.12	0
1635.34	0
1635.56	0
1635.78	0
1636	0
1636.21	0
1636.43	0
1636.65	0
1636.87	0
1637.09	0
1637.31	0
1637.53	0
1637.75	0
1637.97	0
1638.18	0
1638.4	0
1638.62	0
1638.84	0
1639.06	0
1639.28	0
1639.5	0
1639.72	0
1639.94	0
1640.15	0
1640.37	0
1640.59	0
1640.81	0
1641.03	0
1641.25	0
1641.47	0
1641.69	0
1641.91	0
1642.12	0
1642.34	0
1642.56	0
1642.78	0
1643	0
1643.22	0
1643.44	0
1643.66	0
1643.88	0
1644.1	0
1644.31	0
1644.53	0
1644.75	0
1644.97	0
1645.19	0
1645.41	0
1645.63	0
1645.85	0
1646.07	0
1646.28	0
1646.5	0
1646.72	0
1646.94	0
1647.16	0
1647.38	0
1647.6	0
1647.82	0
1648.04	0
1648.25	0
1648.47	0
1648.69	0
1648.91	0
1649.13	1
1649.35	0
1649.57	1
1649.79	0
1650.01	0
1650.22	0
1650.44	0
1650.66	0
1650.88	0
1651.1	0
1651.32	0
1651.54	0
1651.76	0
1651.98	0
1652.2	0
1652.41	0
1652.63	0
1652.85	0
1653.07	0
1653.29	0
1653.51	0
1653.73	0
1653.95	0
1654.17	0
1654.38	0
1654.6	0
1654.82	0
1655.04	0
1655.26	0
1655.48	0
1655.7	1
1655.92	0
1656.14	0
1656.35	0
1656.57	0
1656.79	0
1657.01	0
1657.23	0
1657.45	0
1657.67	0
1657.89	0
1658.11	0
1658.32	0
1658.54	0
1658.76	0
1658.98	0
1659.2	0
1659.42	0
1659.64	0
1659.86	0
1660.08	0
1660.29	0
1660.51	0
1660.73	0
1660.95	0
1661.17	0
1661.39	0
1661.61	0
1661.83	0
1662.05	0
1662.27	0
1662.48	0
1662.7	0
1662.92	0
1663.14	0
1663.36	0
1663.58	0
1663.8	0
1664.02	0
1664.24	0
1664.45	0
1664.67	0
1664.89	0
1665.11	0
1665.33	0
1665.55	0
1665.77	0
1665.99	0
1666.21	0
1666.42	0
1666.64	0
1666.86	0
1667.08	0
1667.3	1
1667.52	0
1667.74	0
1667.96	0
1668.18	0
1668.39	0
1668.61	0
1668.83	0
1669.05	0
1669.27	0
1669.49	0
1669.71	0
1669.93	0
1670.15	0
1670.37	0
1670.58	0
1670.8	0
1671.02	0
1671.24	0
1671.46	0
1671.68	0
1671.9	0
1672.12	0
1672.34	0
1672.55	1
1672.77	0
1672.99	0
1673.21	0
1673.43	0
1673.65	0
1673.87	2
1674.09	0
1674.31	0
1674.52	0
1674.74	0
1674.96	0
1675.18	0
1675.4	0
1675.62	0
1675.84	0
1676.06	0
1676.28	0
1676.49	0
1676.71	0
1676.93	0
1677.15	0
1677.37	0
1677.59	0
1677.81	0
1678.03	1
1678.25	0
1678.47	0
1678.68	0
1678.9	0
1679.12	0
1679.34	0
1679.56	0
1679.78	1
1680	0
1680.22	0
1680.44	0
1680.65	0
1680.87	0
1681.09	0
1681.31	0
1681.53	0
1681.75	0
1681.97	0
1682.19	0
1682.41	0
1682.62	0
1682.84	0
1683.06	0
1683.28	0
1683.5	0
1683.72	0
1683.94	0
1684.16	0
1684.38	0
1684.59	0
1684.81	0
1685.03	0
1685.25	0
1685.47	0
1685.69	0
1685.91	0
1686.13	0
1686.35	0
1686.57	0
1686.78	0
1687	0
1687.22	0
1687.44	0
1687.66	0
1687.88	0
1688.1	0
1688.32	0
1688.54	0
1688.75	0
1688.97	0
1689.19	0
1689.41	0
1689.63	0
1689.85	0
1690.07	0
1690.29	0
1690.51	0
1690.72	0
1690.94	0
1691.16	0
1691.38	0
1691.6	1
1691.82	0
1692.04	0
1692.26	0
1692.48	0
1692.69	0
1692.91	0
1693.13	0
1693.35	0
1693.57	0
1693.79	0
1694.01	0
1694.23	0
1694.45	0
1694.66	0
1694.88	0
1695.1	0
1695.32	0
1695.54	0
1695.76	0
1695.98	0
1696.2	0
1696.42	0
1696.64	0
1696.85	0
1697.07	0
1697.29	0
1697.51	0
1697.73	0
1697.95	0
1698.17	0
1698.39	0
1698.61	0
1698.82	0
1699.04	0
1699.26	0
1699.48	0
1699.7	0
1699.92	0
1700.14	0
1700.36	0
1700.58	0
1700.79	0
1701.01	0
1701.23	0
1701.45	0
1701.67	0
1701.89	0
1702.11	0
1702.33	0
1702.55	0
1702.76	0
1702.98	0
1703.2	0
1703.42	0
1703.64	1
1703.86	0
1704.08	0
1704.3	0
1704.52	0
1704.74	0
1704.95	0
1705.17	0
1705.39	0
1705.61	0
1705.83	0
1706.05	0
1706.27	1
1706.49	0
1706.71	0
1706.92	0
1707.14	0
1707.36	0
1707.58	0
1707.8	0
1708.02	0
1708.24	0
1708.46	0
1708.68	0
1708.89	0
1709.11	0
1709.33	0
1709.55	0
1709.77	0
1709.99	0
1710.21	0
1710.43	0
1710.65	0
1710.86	0
1711.08	0
1711.3	1
1711.52	0
1711.74	0
1711.96	0
1712.18	0
1712.4	0
1712.62	0
1712.84	0
1713.05	0
1713.27	1
1713.49	0
1713.71	0
1713.93	0
1714.15	0
1714.37	0
1714.59	0
1714.81	0
1715.02	0
1715.24	0
1715.46	0
1715.68	0
1715.9	0
1716.12	0
1716.34	0
1716.56	0
1716.78	0
1716.99	0
1717.21	0
1717.43	0
1717.65	0
1717.87	0
1718.09	0
1718.31	0
1718.53	0
1718.75	0
1718.96	0
1719.18	0
1719.4	0
1719.62	0
1719.84	0
1720.06	0
1720.28	0
1720.5	0
1720.72	0
1720.93	0
1721.15	0
1721.37	0
1721.59	0
1721.81	0
1722.03	0
1722.25	0
1722.47	0
1722.69	0
1722.91	0
1723.12	0
1723.34	0
1723.56	0
1723.78	0
1724	0
1724.22	0
1724.44	0
1724.66	0
1724.88	0
1725.09	0
1725.31	0
1725.53	0
1725.75	0
1725.97	0
1726.19	0
1726.41	0
1726.63	0
1726.85	0
1727.06	0
1727.28	0
1727.5	0
1727.72	0
1727.94	0
1728.16	0
1728.38	0
1728.6	0
1728.82	0
1729.03	0
1729.25	0
1729.47	0
1729.69	0
1729.91	0
1730.13	0
1730.35	0
1730.57	0
1730.79	0
1731.01	0
1731.22	0
1731.44	0
1731.66	0
1731.88	0
1732.1	0
1732.32	0
1732.54	0
1732.76	0
1732.98	0
1733.19	0
1733.41	0
1733.63	0
1733.85	0
1734.07	0
1734.29	0
1734.51	0
1734.73	0
1734.95	0
1735.16	0
1735.38	0
1735.6	0
1735.82	0
1736.04	0
1736.26	0
1736.48	0
1736.7	0
1736.92	0
1737.13	0
1737.35	0
1737.57	0
1737.79	0
1738.01	0
1738.23	0
1738.45	0
1738.67	0
1738.89	0
1739.11	0
1739.32	0
1739.54	0
1739.76	0
1739.98	0
1740.2	0
1740.42	0
1740.64	0
1740.86	0
1741.08	0
1741.29	0
1741.51	0
1741.73	0
1741.95	0
1742.17	0
1742.39	0
1742.61	0
1742.83	0
1743.05	0
1743.26	0
1743.48	0
1743.7	0
1743.92	0
1744.14	0
1744.36	0
1744.58	0
1744.8	0
1745.02	0
1745.23	0
1745.45	0
1745.67	0
1745.89	0
1746.11	0
1746.33	0
1746.55	0
1746.77	0
1746.99	0
1747.21	0
1747.42	0
1747.64	0
1747.86	0
1748.08	0
1748.3	0
1748.52	0
1748.74	0
1748.96	0
1749.18	0
1749.39	0
1749.61	0
1749.83	0
1750.05	0
1750.27	0
1750.49	0
1750.71	0
1750.93	0
1751.15	0
1751.36	0
1751.58	0
1751.8	0
1752.02	0
1752.24	0
1752.46	0
1752.68	0
1752.9	0
1753.12	0
1753.33	0
1753.55	0
1753.77	0
1753.99	0
1754.21	0
1754.43	0
1754.65	0
1754.87	0
1755.09	0
1755.3	0
1755.52	0
1755.74	0
1755.96	0
1756.18	0
1756.4	0
1756.62	0
1756.84	0
1757.06	0
1757.28	0
1757.49	0
1757.71	0
1757.93	0
1758.15	0
1758.37	0
1758.59	0
1758.81	0
1759.03	0
1759.25	0
1759.46	0
1759.68	0
1759.9	0
1760.12	0
1760.34	0
1760.56	0
1760.78	0
1761	0
1761.22	0
1761.43	0
1761.65	0
1761.87	0
1762.09	0
1762.31	0
1762.53	0
1762.75	0
1762.97	0
1763.19	0
1763.4	0
1763.62	0
1763.84	0
1764.06	0
1764.28	0
