# Variable Power Attenuator
# Winkel der lambda/2-Platte/° P_abgeschwächt/̣µW
# Untergrund: 2e-3 << P(45°)
0   114
5   110
10  99
20  64.7
30  28.3
40  3.4
45  0.71
50  4.69
60  30.2
70  70.4
80  101
85  111
90  113
95  110
100 99
110 65.1
120 28.4
130 3.6
135 0.25
140 4.36
150 30.0
160 67.1
170 101
175 111
180 114
185 109
190 99
200 64.8
210 27.0
220 3.6
225 0.70
230 4.57
240 31.2
250 70.3
260 101
265 111
270 113
275 110
280 98
290 62.6
300 26.8
310 2.7
315 0.23
320 4.15
330 30.0
340 68.6
350 102
355 111
360 114
