#I1     U1      P1      cp1     I2      U2      P2      cp2
0       46.8    0       0.25    -0.07   45.2    0       0.00
0.5     46.8    17.3    0.74    0.21    44.6    9.4     0.99
0.57    46.7    21.3    0.79    0.30    44.2    13.4    1
0.66    46.7    25.3    0.83    0.40    44.0    17.3    1
0.75    46.7    29.8    0.85    0.50    43.8    21.8    1
0.94    46.7    38.2    0.88    0.70    43.1    29.9    1
1.13    46.7    46.7    0.88    0.90    42.4    38.1    1
1.33    46.6    54.8    0.88    1.10    41.6    45.8    1
1.53    46.6    62.3    0.88    1.30    40.7    52.9    1
1.72    46.6    69.5    0.87    1.50    39.7    59.5    1
1.92    46.6    76.4    0.85    1.70    38.7    65.6    1
2.32    46.4    87.9    0.82    2.12    36.0    76.2    1
2.53    46.4    93.0    0.79    2.31    34.5    79.6    1
2.71    46.4    96.9    0.77    2.50    33.0    82.4    1
2.93    46.4    99.8    0.73    2.71    31.1    84.2    1
3.11    46.4   101.5    0.70    2.89    29.3    84.8    1
3.30    46.3   102.1    0.67    3.09    27.2    83.8    1
3.51    46.3   101.6    0.63    3.30    24.8    81.8    1
3.90    46.3    95.6    0.53    3.69    19.7    72.5    1
4.01    46.4    92.2    0.50    3.81    17.9    68.0    1
4.10    46.7    88.3    0.47    3.90    16.3    63.4    1
4.19    46.4    84.5    0.43    3.99    14.7    56.7    1
