#"Strom" I_A1 / A "Magn. Flussdichte" B_B1 / mT
0 -13
0 -13
0 -13
0 -13
-0,0015 -13
0 -13
0 -13
0 -13
0 -12,5
0 -13
-0,0015 -13
0 -13
0 -13
0 -13
0,0015 -13
0 -13
0 -13
0,0015 -13
0 -13
0 -13
0 -12,5
0,0045 -12,5
0,015 -10
0,03 -5
0,0495 0,5
0,069 7,5
0,093 16,5
0,1215 28
0,1515 39,5
0,177 52
0,2025 63,5
0,2295 75,5
0,2595 89,5
0,297 105
0,3315 121,5
0,366 137,5
0,4005 153,5
0,435 169,5
0,4695 185
0,504 200,5
0,54 215,5
0,5775 231
0,615 246,5
0,654 261,5
0,6915 277
0,729 291
0,765 305
0,798 318
0,831 331
0,8655 343,5
0,897 355,5
0,9255 366,5
0,9525 377
0,978 387
1,005 397
1,0335 407
1,062 417
1,089 426,5
1,1175 436,5
1,1445 445,5
1,173 455,5
1,1985 465
1,2255 474
1,2555 483,5
1,2585 491
1,2585 494,5
1,26 496,5
1,2585 498,5
1,26 499,5
1,26 500,5
1,2585 501
1,26 502
1,2585 502
1,26 502,5
1,26 503
1,26 503
1,2615 503
1,26 503,5
1,26 503
1,2585 503,5
1,2615 503,5
1,26 503,5
1,26 503,5
1,2585 503
1,26 503,5
1,2585 503,5
1,26 503,5
1,2585 503,5
1,26 503,5
1,2585 503,5
1,26 504
1,2585 503,5
1,2585 503,5
1,26 503,5
1,26 503,5
1,26 503,5
1,26 503,5
1,26 503,5
1,26 503,5
1,26 503,5
1,26 503,5
1,26 503,5
1,26 503,5
1,26 503,5
1,26 503,5
1,26 503,5
1,2585 503,5
1,26 503,5
1,26 504
1,2615 503,5
1,26 503,5
1,26 503,5
1,2585 503,5
1,26 503,5
1,26 503,5
1,2615 503,5
1,2585 503,5
1,26 503,5
1,26 503,5
1,26 503,5
1,26 503,5
1,2585 503,5
1,26 503,5
1,2585 503,5
1,26 503,5
1,26 504
1,26 503,5
1,26 503,5
1,26 503,5
1,26 504
1,26 503,5
1,26 503,5
1,26 503,5
1,2585 503,5
1,26 504
1,26 503,5
1,2585 503,5
1,26 503,5
1,2585 503,5
1,26 503,5
1,26 503,5
1,26 504
1,26 503,5
1,26 503,5
1,26 503,5
1,26 503,5
1,2585 503,5
1,2585 503,5
1,2615 503,5
1,26 503,5
1,26 503,5
1,26 503,5
1,26 503,5
1,26 503,5
1,2585 503,5
1,26 503,5
1,26 503,5
1,2585 503,5
1,26 503,5
1,2585 503,5
1,26 503,5
1,26 503,5
1,26 503,5
1,2585 504
1,26 503,5
1,26 503,5
1,26 503,5
1,26 503,5
1,26 503,5
1,2585 503,5
1,26 503,5
1,2585 503,5
1,26 503,5
1,26 503,5
1,2585 504
1,26 503,5
1,26 503,5
1,2585 504
1,2555 503,5
1,2345 501,5
1,206 498,5
1,176 493,5
1,1385 487,5
1,098 480
1,059 472
1,02 463,5
0,981 454,5
0,9465 445,5
0,9135 436
0,8805 427
0,8475 418
0,8115 408,5
0,7725 397
0,729 384,5
0,6855 370,5
0,642 356
0,5985 341,5
0,5595 326,5
0,519 311
0,4785 296
0,4395 280,5
0,4035 264
0,366 248,5
0,33 232
0,294 215,5
0,258 198,5
0,222 182
0,186 165
0,153 149
0,1275 135
0,1065 123
0,09 113,5
0,0765 105
0,0645 97,5
0,0555 91,5
0,0465 86,5
0,0405 82
0,0345 78
0,0285 75
0,0255 72
0,021 69,5
0,0195 67,5
0,015 66
0,0135 64
0,012 62,5
0,0105 61
0,009 60
0,0075 59
0,0075 58,5
0,006 57,5
0,0045 57,5
0,0045 56,5
0,0045 56,5
0,003 56
0,003 55
0,0015 55
0,003 54,5
0,0015 54
0 54
0,0015 54
0,0015 53,5
0,0015 53,5
0 53,5
0 53,5
0,0015 53
0 53
0,0015 53
0 53
0 53
0 53
0 52,5
0,0015 52,5
-0,0015 52,5
0 52,5
0 53
0 52,5
0 53
0 52,5
-0,0015 52,5
0 52,5
0 52,5
0,0015 52,5
0 52,5
0 52,5
0 52,5
0,0015 52,5
0 52,5
-0,0015 53
0 52,5
0,0015 52,5
0 52,5
0 52,5
0 52
0 52,5
0,0015 52,5
0 52,5
-0,0015 52,5
-0,003 52,5
-0,012 51
-0,024 47,5
-0,039 42
-0,057 35
-0,0765 26,5
-0,0975 17
-0,12 7
-0,1455 -3,5
-0,1695 -14,5
-0,192 -25,5
-0,2145 -37
-0,2415 -48,5
-0,27 -61
-0,2985 -74
-0,3285 -87
-0,3585 -101
-0,39 -115
-0,4215 -129,5
-0,453 -144,5
-0,486 -159
-0,5175 -173,5
-0,5505 -188,5
-0,5835 -203,5
-0,618 -218,5
-0,651 -234
-0,684 -248,5
-0,7185 -264,5
-0,753 -280
-0,7875 -294,5
-0,822 -309
-0,858 -325,5
-0,8955 -341
-0,93 -356
-0,966 -371
-1,0005 -385,5
-1,035 -400
-1,0635 -413,5
-1,0905 -425,5
-1,116 -436,5
-1,14 -447,5
-1,164 -458
-1,1865 -467,5
-1,212 -477
-1,239 -487
-1,2645 -497
-1,26 -502,5
-1,2585 -505,5
-1,2585 -507,5
-1,26 -509,5
-1,26 -510,5
-1,26 -511
-1,2585 -512
-1,26 -513
-1,26 -513
-1,26 -513
-1,26 -513,5
-1,2585 -513,5
-1,26 -513,5
-1,26 -514
-1,26 -514
-1,26 -514
-1,2585 -513,5
-1,26 -514
-1,257 -514
-1,2585 -514
-1,26 -514
-1,2585 -514
-1,2585 -514
-1,26 -513,5
-1,2585 -514
-1,2585 -514
-1,26 -514
-1,26 -514
-1,2585 -514
-1,2585 -514,5
-1,2585 -514
-1,2585 -514,5
-1,2585 -514
-1,2615 -514
-1,26 -514
-1,2585 -514
-1,2585 -514
-1,26 -514
-1,2585 -514
-1,26 -514
-1,2585 -514,5
-1,26 -514
-1,2585 -514
-1,26 -514
-1,26 -514
-1,2585 -514
-1,2585 -514
-1,26 -514
-1,26 -514
-1,26 -514
-1,26 -514,5
-1,26 -514
-1,26 -514
-1,2615 -514,5
-1,26 -514
-1,2585 -514,5
-1,26 -514
-1,2585 -514,5
-1,2585 -514
-1,2585 -514,5
-1,2585 -514
-1,2465 -513,5
-1,227 -510,5
-1,2015 -507,5
-1,1775 -503,5
-1,149 -498,5
-1,1205 -493
-1,092 -487
-1,062 -481
-1,0305 -474
-0,9975 -466
-0,963 -457,5
-0,9285 -449
-0,8955 -439,5
-0,861 -430
-0,8295 -420,5
-0,7965 -411
-0,7635 -400,5
-0,7335 -389,5
-0,7005 -379,5
-0,666 -368,5
-0,63 -355,5
-0,591 -341,5
-0,552 -328
-0,51 -312,5
-0,4725 -295,5
-0,4335 -280,5
-0,399 -265
-0,3645 -249
-0,33 -233,5
-0,2955 -218
-0,261 -202
-0,2295 -186
-0,195 -170
-0,162 -154
-0,132 -139
-0,111 -127
-0,0945 -116
-0,078 -108
-0,0675 -100,5
-0,057 -94
-0,048 -89
-0,042 -84
-0,0345 -80
-0,03 -76,5
-0,027 -73,5
-0,0225 -71
-0,018 -69
-0,0165 -67
-0,0135 -65,5
-0,012 -64
-0,0105 -62,5
-0,009 -61,5
-0,0075 -60,5
-0,0075 -60
-0,006 -59
-0,0045 -58
-0,003 -58
-0,0045 -57
-0,003 -57
-0,0015 -56,5
-0,0015 -56
-0,003 -56
-0,0015 -55,5
0 -55,5
0 -55
-0,0015 -55
0,0015 -55
-0,0015 -54,5
0 -54,5
0 -54,5
0 -54,5
0,0015 -54
0 -54
-0,0015 -54
0 -54
-0,0015 -54
0 -54
0,0015 -54
-0,0015 -54
0 -54
0 -54
0 -54
0 -54
-0,0015 -53,5
0 -54
0 -54
0 -54
0 -54
0 -54
0,0015 -54
0 -54
0 -54
0 -54
0 -54
0 -54
0,006 -53,5
0,0135 -51,5
0,021 -48,5
0,033 -44,5
0,045 -39
0,0615 -32,5
0,0795 -25
0,1005 -15,5
0,12 -6
0,1425 4
0,165 14,5
0,189 25
0,213 36
0,2385 48
0,2655 60,5
0,2925 73
0,3225 86
0,351 99
0,3795 112,5
0,408 125
0,4365 138
0,4635 151,5
0,4935 164
0,522 177,5
0,5535 190
0,5865 204,5
0,6135 218
0,6435 231
0,675 244
0,705 257
0,735 270
0,765 283
0,7965 296
0,8265 309
0,858 322
0,891 335,5
0,924 348,5
0,9555 361,5
0,9855 375
1,0185 388
1,0485 401
1,08 412,5
1,1115 424,5
1,1415 436,5
1,1685 448
1,197 459
1,224 469,5
1,254 480
1,26 489
1,2585 493,5
1,2585 496,5
1,2585 499
1,2585 500,5
1,26 501,5
1,2585 502,5
1,26 503
1,26 504
1,26 504
1,26 504,5
1,2615 505
1,2585 505
1,26 505
1,2585 505
1,26 505,5
1,26 505,5
1,26 505,5
1,26 505,5
1,26 505,5
1,26 505,5
1,2585 505,5
1,26 505,5
1,26 506
1,26 505,5
1,2585 505,5
1,26 505,5
1,26 505,5
1,26 505,5
1,2615 505,5
1,26 505,5
1,26 505,5
1,2585 506
1,2585 506
1,2585 505,5
1,2585 506
1,2585 505,5
1,26 506
1,26 506
1,26 505,5
1,26 505,5
1,26 505,5
1,26 505,5
1,26 505,5
1,26 505,5
1,2585 505,5
1,2585 505,5
1,2585 505,5
1,2585 505,5
1,26 505,5
1,26 506
1,2585 505,5
1,2585 506
1,2585 506
1,2585 505,5
1,26 505,5
1,26 505,5
1,26 505,5
1,2585 506
1,26 506
1,248 504,5
1,23 502,5
1,209 500
1,1865 496,5
1,1625 492,5
1,1355 487,5
1,11 482,5
1,0815 477
1,0545 470,5
1,026 464,5
0,996 457,5
0,9675 450
0,9375 442,5
0,9045 434,5
0,8715 425
0,8355 415,5
0,7995 405
0,765 394,5
0,7305 383,5
0,696 372,5
0,6615 360,5
0,6285 348,5
0,5955 336,5
0,561 324
0,528 311,5
0,4935 298,5
0,459 285
0,423 271
0,39 256,5
0,357 242
0,321 226
0,288 210,5
0,252 194,5
0,2175 178
0,1815 161
0,1485 145
0,123 131
0,1035 120
0,0885 110,5
0,0735 102,5
0,0645 95,5
0,0525 89,5
0,045 84,5
0,039 80
0,033 76,5
0,0285 73,5
0,024 70
0,021 68
0,018 65,5
0,0165 64
0,0135 62,5
0,0105 61
0,0105 60
0,0105 59
0,0075 58
0,0075 57
0,0045 56,5
0,0045 56
0,0045 55
0,003 55
0,0045 54,5
0,0045 54
0,0015 54
0,0015 53,5
0,0015 53
0,0015 53
0,0015 52,5
0 52
0,0015 52,5
0 52
0 52
0 52
0,0015 52
0 51,5
0 51,5
0 52
0 51,5
0,0015 51,5
0 51,5
0 51,5
0 51,5
0 51,5
0 51,5
0,0015 51,5
0,0015 51,5
0 51,5
0 51
0,0015 51,5
0 51,5
0 51,5
-0,0015 51,5
0 51,5
0,0015 51,5
0 51,5
-0,0015 51,5
0,0015 51,5
0 51,5
0 51,5
-0,0015 51
0,0015 51,5
-0,009 50,5
-0,021 47
-0,0345 42
-0,0525 35,5
-0,072 27
-0,096 17
-0,123 5
-0,153 -8
-0,186 -21,5
-0,219 -37,5
-0,2535 -53,5
-0,2925 -70
-0,3285 -86,5
-0,366 -104
-0,4095 -122,5
-0,4515 -141
-0,4875 -159
-0,525 -176
-0,561 -193
-0,5955 -209
-0,6315 -225
-0,669 -241
-0,705 -257
-0,741 -274
-0,7725 -288,5
-0,8055 -303,5
-0,8385 -317,5
-0,873 -333
-0,909 -347
-0,942 -361,5
-0,9795 -377,5
-1,0155 -392
-1,0515 -406,5
-1,0845 -421
-1,1205 -434,5
-1,1535 -448
-1,188 -461
-1,221 -474,5
-1,2555 -487,5
-1,26 -497
-1,26 -502
-1,26 -505
-1,2585 -507,5
-1,2585 -509
-1,2585 -510
-1,2585 -511
-1,26 -512
-1,26 -513
-1,2585 -513
-1,26 -513,5
-1,2585 -514
-1,2585 -513,5
-1,26 -513,5
-1,2585 -514
-1,2585 -514
-1,2585 -513,5
-1,2585 -514
-1,26 -514
-1,2585 -514
-1,26 -514
-1,2585 -514
-1,26 -514,5
-1,2585 -514
-1,26 -514
-1,26 -514
-1,2585 -514,5
-1,2585 -514
-1,2585 -514
-1,2585 -514
-1,26 -514
-1,2585 -514
-1,2585 -514
-1,26 -514
-1,26 -514
-1,2585 -514,5
-1,2585 -514
-1,26 -514,5
-1,26 -514,5
-1,26 -514
-1,2585 -514,5
-1,2585 -514,5
-1,26 -514,5
-1,2585 -514,5
-1,2585 -514
-1,2585 -514
-1,2585 -514,5
-1,26 -514,5
-1,2585 -514
-1,2585 -514,5
-1,2585 -514
-1,2585 -514,5
-1,26 -514
-1,2585 -514,5
-1,2585 -514
-1,26 -514
-1,26 -514,5
-1,2585 -514
-1,26 -514,5
-1,26 -514,5
-1,2585 -514
-1,257 -514
-1,2405 -512,5
-1,221 -510
-1,1985 -506,5
-1,17 -502,5
-1,137 -497
-1,1055 -490,5
-1,068 -483
-1,029 -474,5
-0,9885 -465
-0,9495 -455
-0,909 -444,5
-0,867 -433
-0,825 -421
-0,7785 -407,5
-0,732 -393
-0,684 -378
-0,636 -361
-0,588 -344
-0,5355 -325
-0,4905 -306,5
-0,444 -287
-0,399 -267,5
-0,3555 -247,5
-0,3105 -228
-0,27 -208
-0,228 -188,5
-0,1875 -170
-0,156 -152,5
-0,1305 -138
-0,108 -126,5
-0,093 -116
-0,0795 -107,5
-0,0675 -100
-0,057 -93,5
-0,048 -88,5
-0,042 -84
-0,036 -79,5
-0,0315 -76,5
-0,0255 -73,5
-0,0225 -71
-0,0195 -68,5
-0,0165 -66,5
-0,0135 -65
-0,012 -64
-0,0105 -62,5
-0,0105 -61,5
-0,0075 -60,5
-0,006 -60
-0,006 -59
-0,0045 -58
-0,003 -58
-0,003 -57
-0,003 -56,5
-0,003 -56,5
-0,003 -56
-0,0015 -56
-0,0015 -55,5
-0,003 -55,5
0 -54,5
0 -54,5
0 -54,5
0 -54,5
0 -54,5
0 -54,5
0,0015 -54
0 -54
0 -53,5
0,0015 -54
0 -54
0 -54
0,0015 -54
0 -54
0 -53,5
0 -54
0 -54
0 -53,5
0 -53,5
0,009 -52,5
0,0255 -48
0,045 -41,5
0,069 -32
0,0975 -20
0,129 -6
0,162 8,5
0,1935 23
0,2265 38,5
0,258 53,5
0,291 68
0,3225 83
0,3525 97,5
0,3795 111
0,408 124,5
0,4335 136,5
0,462 149
0,4875 161,5
0,5175 174
0,543 186,5
0,57 198,5
0,5955 211
0,6225 222,5
0,6465 234
0,6705 245
0,7005 257
0,7305 269
0,7605 282
0,789 294,5
0,819 307
0,8505 319,5
0,8805 332,5
0,9135 345
0,945 358,5
0,978 371,5
1,0125 384,5
1,041 397
1,0695 409,5
1,098 420,5
1,1235 431,5
1,1505 442
1,1745 452,5
1,1985 462
1,224 472
1,251 481,5
1,2585 489,5
1,2585 493,5
1,2585 496,5
1,26 498,5
1,2585 500,5
1,2585 501,5
1,2615 502,5
1,26 503
1,2585 503
1,26 504
1,2585 504
1,26 504,5
1,2585 504,5
1,26 504,5
1,26 505
1,26 505
1,2585 505
1,26 505
1,26 505
1,2585 505
1,2585 505
1,26 505
1,26 505
1,26 505
1,26 505,5
1,2585 505
1,26 505,5
1,2585 505,5
1,26 505,5
1,26 505
1,2585 505
1,2585 505,5
1,26 505
1,26 505
1,26 505
1,2585 505
1,26 505
1,26 505
1,2585 505
1,26 505
1,26 505
1,2585 505
1,2585 505
1,26 505,5
1,26 505
1,26 505
1,2585 505,5
1,2585 505
1,2585 505
1,26 505
1,2585 505
1,2585 505
1,2585 505,5
1,26 505
1,2585 505
1,2585 505
1,26 505
1,245 504
1,227 502
1,209 499,5
1,185 495,5
1,155 491
1,1265 485,5
1,098 480
1,0695 474
1,0425 467,5
1,0155 461
0,9885 454,5
0,96 447,5
0,9285 440
0,8985 432
0,867 423,5
0,834 414
0,798 404
0,7605 392,5
0,7215 381
0,6825 368,5
0,645 355,5
0,609 342,5
0,576 329,5
0,543 317,5
0,5055 304
0,468 289,5
0,4275 273,5
0,3885 257
0,3495 240
0,3105 222,5
0,27 204
0,2295 186
0,1905 167
0,1575 150
0,1305 135,5
0,1095 123,5
0,093 113,5
0,078 105,5
0,0675 97,5
0,057 91
0,048 86
0,042 81,5
0,0345 77,5
0,0315 74
0,027 71
0,0225 68,5
0,0195 66,5
0,0165 65
0,015 62,5
0,012 61,5
0,0105 60
0,009 59
0,009 58
0,0075 57
0,006 56,5
0,006 55,5
0,003 55
0,003 55
0,0045 54
0,003 54
0,0015 53,5
0,0015 53,5
0,003 53
0,0015 52,5
0 52,5
0,0015 52
0,0015 52
0,0015 52
0 51,5
-0,0015 51,5
0 51,5
0 51,5
0 51,5
-0,0015 51,5
0 51,5
0 51,5
0 51,5
0 51
0 51,5
0 51,5
0 51
0 51,5
0 51
0 51
0 51
0 51
0 51
-0,0015 51,5
0 51
0,0015 51
0 51
0 51
0 51
0 51
0 51
0 51
0 51
0 51,5
0 51
0 51
0 51
0 51
0 51
0 51
0 51
0 51
0 51
0,0015 51
-0,0015 51,5
0 51
0 51
0,0015 51
0 51
0 51
0 51
0 51
0 51
0 51
-0,0015 51
0 51
0 51
0 51
0,0015 51
0 51
0 51
0,0015 51
0 51
0 51
-0,0015 51
0 51,5
0,0015 51
0 51
0 51
0 51
0 51
0,0015 51
0 51
0 51
-0,0015 51
0 51
0 51
0 51
0,0015 51
0,0015 51
0 51
-0,0015 51
0 51
0,0015 51
-0,0015 51
0 51
0,0015 51
0,0015 51
0 51
0 51
0 51
0 51
0 51
0,0015 51
0 51,5
0 51
0 51
0 51
0 51
0 51
0 51
-0,0015 51
0 51,5
0 51,5
0,0015 51
0 51
0,0015 51
0 51
0,0015 51
0 51
0,0015 51
0 51
0 51
0 51
0,0015 51,5
0 51
-0,0015 51
-0,0015 51
0 51
0 51
0 51
0 51
-0,0015 51
0 51
0 51
0 51
0 51
0 51
0 51
0 51
0 51
0 51
-0,0015 51
0,0015 51
0 51,5
0 51
0 51
0,0015 51
0 51
0 51
0 51
0 51
0,0015 51
-0,0015 51
0 51
0 51
0,0015 51
-0,0015 51
0 51
0 51
0 51
0 51
0,0015 51
0 51
0,0015 51
0 51
0 51
0,0015 51
0 51
0 51
-0,0015 51
0,0015 51
0,0015 51
-0,0015 51
0 51
0 51
0 51
0 51
0 51
0 51
0 51
0 51
-0,0015 51
0 51
0 51
0,0015 51
-0,0015 51
0,0015 51
0 51
0 51
0 51
0 51
0 51
0 51
0 51
0 51
-0,0015 51,5
0,0015 51
0 51
0 51
0 51
0 51
0 51
0,0015 51
0 51
0 51
0 51
0 51
0 51,5
0,0015 51
0 51
0,0015 51
0 51
0 51
0 51
0 51
0 51
0 51
0,0015 51,5
0,0015 51
0 51,5
0,0015 51
0 51
0 51,5
0,0015 51
0 51
0 51
0,0015 51
0 51
0,0015 51
0,0015 51
0 51
0 51
0 51
0 51
0 51
0 51
0 51
0 51
0 51,5
0,0015 51
0 51
0,0015 51
0 51
0 51
0 51
0 51
0 51
0 51
0 51
0 51
0 51
0 51
-0,0015 51
0 51
-0,0015 51
0,0015 51
0 51
0 51
0 51
-0,0015 51
0 51
0 51
0 51
0,0015 51
0 51
0 51
0 51
0 51
-0,0015 51
0 51
0 51
0 51
0,0015 51
0 51
0 51
0 51
0 51
0 51
0 51
0 51
-0,0015 51
0,0015 51
0 50,5
-0,0015 51
0 51
0,0015 50,5
0 51
-0,0015 51
0 51
-0,0015 51
0 51
-0,0015 51
0 51
-0,0015 51
0,0015 51
-0,0015 51
-0,0015 51
0,0015 51
0 51
0 51
0,0015 51
0 51
0 51
0 51
0,0015 51
0 51
0 50,5
0 51
0 51
0 51
0 51
0 51
0 51
0 51
0 51
0,0015 51
0 51
0 51
0 51
0 51
0 51
0 51
0 51
0 51
0,0015 51
0,0015 51
0 51
-0,0015 51
0 51
0 51
0 51
0 51
0,0015 51
0 51
0 51
0 51
0,0015 51
0 51
0 51
0,0015 51
0 51
-0,0015 51
0 51
-0,0015 51
0,0015 51
0,0015 51
-0,0015 51
0 51
0 51
0,0015 51
0 51
0 51
0 51
0 51
0,0015 51
0 51
0 51
0 51
-0,0015 51,5
0 51
0 51
0 51
0 51
0 51
0 51
0,0015 51
0 51
0 51
-0,0015 51
0 51
0 51
0 51
0,0015 51
0 51
0 51
0 51
0 51
0 51
0 51
0 51
0 51
0 51
0 51
0 51
0,0015 51
0 51
0 51
0 51
0 51
0 51
0 51
0 51
0 51
0 51
0 51
0 51
-0,0015 51
0 51
0 51
0 51
0 51
-0,0015 51
0 50,5
0,0015 51
0,0015 51
0 51
0 51
0 51
-0,0015 51
0,0015 51
0,0015 51
0,0015 51
0 51
-0,0015 51
0 51
0,0015 51
0 51
0 51
0 51
0 51
0 51
0 51
0 51
0 51
0 51
0 51
0,0015 51
-0,0015 51
0 51
0 51
-0,0015 50,5
0 51
0,0015 51
0 51
0 51
-0,0015 51
0 51
0,0015 51
0 51
0 51
0 51
0,0015 51
0 51
0 51
0 51
0 51
0 51
0,0015 51
-0,0015 51
-0,0015 51
0 51
0,0015 51
0 51
0,0015 51
0,0015 51
0,0015 51
0 51
-0,0015 51
0 51
0 51
0 51
0 51
0 51
0 51
0,0015 51
0 51
0 51
0 51
0 51
0 51
0 51,5
-0,0015 51
0 51
0 51
0 51
0,0015 51
0 51
0 51
0 51
0 51,5
0 51
0 51
0,0015 51
0 51
0 51
0,0015 51
0,0015 51
0 51
-0,0015 51
0 51
0 51
0 51
0 51
-0,0015 51
0 51
0 51
-0,0015 51
-0,0015 51
-0,0015 51,5
0 51
0 51
0 51
0,0015 51
0 51
0 51
0,0015 51
0 51
0 51
0,0015 51
0 51
0,0015 51
0 51
0 51
0 51
0 51
0 51
0 51
0 51
0 51
-0,0015 51
0 51
0 51
0 51
0 51
0 51
0 51
0 51,5
0,0015 51
0 51
-0,0015 51
0 51
-0,0015 50,5
0 51
0,0015 51
0,0015 51
0 51
0,0015 51
0,0015 51
0 51
0 51
0,0015 51
0 51
0 51
0 51
0 51
0 51
0,0015 51
0 51
0 51
0 51
0 51
-0,0015 51
0 51
0 51
0,0015 51
0 51
0,0015 51
0 51
0 51
0 51
0,0015 51
0 51
0 51
0 51
0 51
0 51
0 51
0 51
0 51
0 51
0,0015 51
0 51
0 51
0,0015 51
0,0015 51
0 51
0 51
0,0015 51
0 51
-0,0015 51
0 51
0 51,5
0 51
-0,0015 51
0 51
0 51
0 51
0 51
0,0015 51
0 50,5
0 51
0 51
0 51
0 51
0,0015 51
0,0015 51
0 51
0,0015 51
0 51
0 50,5
0 51
0 51
0 51
0 51
0 51,5
0 51
0 51
0 51
0 51
0 51
0 51
0,0015 51
0,0015 51
0 51
0 51
-0,0015 51
0 51
0,0015 51
0 51
0 51,5
0 51
0 51
0,0015 51
0,0015 51
0,0015 51
0 51
0 51
0 51
0,0015 51
0 51
0 51
0 51
0 51
0 51
0 51
0 51
0,0015 51
-0,0015 51
0 51
-0,0015 51,5
0 51
0 51
0 51
0,0015 51
0 51
0,0015 51
0 51
0 51
0 51
0,0015 51
0 51
0 51
0 51
0 51
0,0015 51
0 51
0 51
0 51
0 51
0 51
0,0015 51
0 51
0 51
0 51
0 51
0 51
0 51
0 51
0 51
0 51
-0,0015 51
0,0015 51
0 51
0 51
0 51
0 51
0,0015 51
0,0015 51
0,0015 51,5
0 51
0 51
0 51
0 51
0 51
0 51
-0,0015 51
0,0015 51
0 51
0 51
0 51
0,0015 51,5
0 51
0 51
0 51
0 51
0,0015 51,5
0 51
0 51
-0,0015 51
0 51
0,0015 51
0 51
0 51
0 51
0 51
0 51
0,0015 51
0 51
-0,0015 51
0 51
0 51
0 51
0,0015 51,5
0 51
0 51
0 51
0,0015 51
0 51
0 51
0 51
0 51
0 51
0 51
0 51,5
0 51
0,0015 51
0 51
0,0015 51
0 51
0 51
0 51
0,0015 51
0 51
0 51
-0,0015 51
0 51
0,0015 51
0 51
0 51
0 51
0 51
0 51
0,0015 51
0 51,5
0 51
0 51
0,0015 51
0 51
0 51
0 51
0 51
-0,0015 51
0 51
0 51
0 51
0 51
0 51
0 51
0 51
0 51
0 51
-0,0015 51
0 51
0 51
0,0015 51
0 51
0 51
0 51
0,0015 51
0 51
0 51
0 51
0,0015 51
0,0015 51
0 51
0 51
0 51
0 51
0,0015 51
0 51
0,0015 51
0 51
0 51
0 51
0 51
0 51
0 51
0 51
0 51
0 51
0 51
-0,0015 51
0 51
0 51
0,0015 51
0,0015 51
-0,0015 51
0 51
0 51
0,0015 51
0 51
0 51
0 51
0 51
0 51
0 51
0 51
0 51
0 51
0 51
0 51
0 51
0 51
0 51
-0,0015 51
0 51
0 51
0,0015 50,5
0 51
0,0015 51
0 51
0 51
0 51
0 51
0 51
0 51
0 51
0 51
0 51
0 51
0 51
0,0015 51
0 51
-0,0015 51
0 51
0 51
0 51
0 51
0 51
-0,0015 51
0 51
0 51
0,0015 51
0 51
0 51
0 51
-0,0015 51
-0,0015 51
0,0015 51
0,0015 51
0 51,5
0,0015 51
0,0015 51
0 51
0 51
0 51
0 51
0 51
0 51
0 51
0 51
0,0015 51
0 51
0 51
0 51
0 51
0 51
0 51
-0,0015 51
0 51
0,0015 51
0,0015 51
-0,0015 51,5
0,0015 51
0 51
-0,0015 51
0 51
0 51
-0,0015 51
0 51
0 51
0,0015 51
0 51
0 51
0 51,5
0 51
0 51
0 51,5
0 51
0 51
0 51
0 51
0 51
0 51
0 51
-0,0015 51
0 51
0,0015 51
0 51
0,0015 51
0 51
0 51
0,0015 51
0 51
0,0015 51
-0,0015 51
0 51
0,0015 51
0 51
0 51
-0,0015 51
0 51
0 51
0 51
0 51
0,0015 51
0 51
0,0015 51
-0,0015 51
0 51
0,0015 51
0 51
0,0015 51
0 51
-0,0015 51
0,0015 51
0 51
0 51
0,0015 51
0 51
0 51
0 51
-0,0015 51
0 51
0 51
0,0015 51
0 51
0 51
0 51
0 51
0,0015 51
0 50,5
0 51
0 51,5
0 51
0 51
0 51
0 51
0 51
-0,0015 51
0 51
-0,0015 50,5
0 51
0,0015 51
0 51
0,0015 51
0 51
0 51
0 51
0,0015 51
0,0015 51
0,0015 51
0 51
0 51
0 51
0 51
0 51
0 51
0 51
0 51
0 51
0 51
0 51
0 51
-0,0015 51
0 51
-0,0015 51
0 51
0 51
