0.1 0.065
0.1 0.055
0.1 0.06
0.15 0.055
0.2 0.065
0.3 0.055
0.4 0.065
0.5 0.055
0.55 0.065
0.65 0.055
0.8 0.06
0.9 0.05
0.95 0.06
1.05 0.055
1.2 0.065
1.25 0.055
1.35 0.065
1.45 0.06
1.55 0.065
1.65 0.06
1.75 0.07
1.85 0.065
1.95 0.065
2.05 0.06
2.1 0.07
2.2 0.065
2.35 0.065
2.4 0.065
2.5 0.07
2.6 0.065
2.7 0.065
2.75 0.065
2.9 0.065
3 0.065
3.05 0.06
3.15 0.065
3.3 0.06
3.4 0.06
3.5 0.06
3.55 0.065
3.7 0.06
3.75 0.065
3.85 0.06
3.95 0.065
4.05 0.06
4.1 0.065
4.25 0.06
4.3 0.07
4.45 0.055
4.55 0.065
4.65 0.055
4.75 0.07
4.85 0.055
4.9 0.065
5.05 0.06
5.15 0.07
5.15 0.055
5.3 0.065
5.4 0.06
5.45 0.07
5.6 0.06
5.65 0.07
5.8 0.065
5.9 0.065
6 0.07
6.05 0.07
6.15 0.065
6.25 0.07
6.35 0.065
6.45 0.075
6.55 0.07
6.65 0.07
6.7 0.065
6.85 0.07
6.9 0.065
7.05 0.06
7.15 0.065
7.2 0.065
7.3 0.065
7.45 0.06
7.5 0.065
7.55 0.06
7.65 0.07
7.8 0.06
7.85 0.07
7.95 0.06
8.1 0.07
8.2 0.06
8.35 0.07
8.35 0.055
8.45 0.065
8.55 0.06
8.7 0.07
8.75 0.06
8.85 0.075
8.95 0.07
9.05 0.09
9.1 0.08
9.2 0.105
9.3 0.1
9.45 0.12
9.55 0.125
9.6 0.155
9.75 0.17
9.8 0.2
9.9 0.23
10 0.265
10.1 0.29
10.15 0.335
10.3 0.38
10.4 0.43
10.5 0.49
10.55 0.565
10.6 0.62
10.75 0.695
10.9 0.76
10.95 0.8
11 0.835
11.15 0.84
11.25 0.835
11.3 0.815
11.45 0.8
11.5 0.77
11.65 0.745
11.75 0.7
11.8 0.66
11.95 0.605
12.05 0.57
12.15 0.51
12.25 0.47
12.3 0.44
12.4 0.405
12.55 0.355
12.6 0.335
12.7 0.3
12.8 0.28
12.9 0.25
13 0.24
13.1 0.22
13.15 0.225
13.3 0.215
13.35 0.25
13.45 0.255
13.6 0.295
13.65 0.32
13.75 0.38
13.9 0.435
13.95 0.515
14.05 0.59
14.15 0.71
14.2 0.8
14.35 0.955
14.45 1.125
14.55 1.275
14.6 1.49
14.7 1.725
14.8 1.905
14.9 2.19
15 2.49
15.1 2.73
15.15 3.07
15.3 3.425
15.4 3.705
15.45 4.07
15.6 4.415
15.7 4.635
15.8 4.955
15.85 5.21
15.95 5.31
16.1 5.32
16.15 5.23
16.2 5.1
16.35 4.905
16.45 4.705
16.5 4.455
16.65 4.13
16.7 3.855
16.85 3.44
17 3.06
16.95 2.78
17.1 2.48
17.2 2.18
17.35 1.985
17.4 1.71
17.55 1.5
17.6 1.35
17.7 1.205
17.85 1.05
17.9 0.96
17.95 0.85
18.1 0.78
18.2 0.745
18.3 0.735
18.4 0.745
18.5 0.78
18.55 0.835
18.65 0.905
18.75 1.025
18.8 1.2
18.9 1.35
19.05 1.59
19.15 1.845
19.25 2.05
19.3 2.355
19.45 2.73
19.55 3.05
19.6 3.52
19.75 4.035
19.8 4.46
19.95 5.075
20 5.73
20.05 6.035
20.1 6.04
20 6.03
20.05 6.03
20.05 6.015
20.05 6.02
20.1 6.02
20.1 6.01
20.05 6.035
20.05 6.04
20.05 6.04
20.05 6.025
20.05 6.03
20.1 6.025
20.1 6.03
20.05 6.01
20.05 6.045
20.05 6.035
20.05 6.045
20.1 6.035
20.05 6.03
20.1 6.035
20.1 6.035
20.1 6.035
20.05 6.04
20.05 6.04
20.05 6.03
