0.15 0.07
0.1 0.06
0.1 0.07
0.05 0.06
0.1 0.065
0.25 0.065
0.35 0.075
0.45 0.06
0.5 0.065
0.6 0.06
0.7 0.07
0.8 0.06
0.9 0.07
0.95 0.06
1.05 0.065
1.2 0.06
1.25 0.07
1.4 0.06
1.45 0.065
1.55 0.06
1.65 0.07
1.75 0.06
1.9 0.07
1.95 0.06
2.05 0.065
2.15 0.06
2.2 0.07
2.3 0.055
2.4 0.07
2.55 0.06
2.6 0.07
2.7 0.07
2.75 0.07
2.9 0.07
3 0.065
3.1 0.07
3.2 0.075
3.35 0.065
3.4 0.075
3.45 0.065
3.6 0.07
3.65 0.07
3.75 0.07
3.85 0.065
3.95 0.065
4.05 0.065
4.15 0.06
4.25 0.07
4.35 0.06
4.4 0.065
4.55 0.065
4.6 0.07
4.75 0.06
4.8 0.07
4.9 0.06
5.05 0.065
5.1 0.06
5.25 0.07
5.3 0.06
5.4 0.07
5.5 0.06
5.6 0.065
5.7 0.06
5.8 0.07
5.85 0.055
5.95 0.065
6.05 0.06
6.15 0.07
6.25 0.055
6.4 0.07
6.5 0.055
6.55 0.07
6.65 0.065
6.75 0.065
6.85 0.065
7 0.07
7.05 0.065
7.15 0.065
7.25 0.07
7.3 0.07
7.4 0.07
7.5 0.07
7.6 0.07
7.7 0.07
7.8 0.07
7.9 0.07
7.95 0.07
8.1 0.07
8.2 0.075
8.25 0.07
8.4 0.075
8.45 0.075
8.55 0.085
8.7 0.08
8.75 0.09
8.85 0.095
8.95 0.11
9.05 0.11
9.2 0.135
9.25 0.135
9.35 0.16
9.45 0.175
9.55 0.205
9.65 0.23
9.75 0.275
9.8 0.29
9.9 0.35
10 0.395
10.15 0.455
10.2 0.505
10.3 0.59
10.4 0.635
10.5 0.73
10.6 0.81
10.7 0.905
10.8 0.985
10.9 1.04
11 1.08
11.05 1.11
11.15 1.1
11.25 1.08
11.35 1.045
11.45 1.015
11.5 0.965
11.7 0.92
11.75 0.865
11.85 0.79
11.95 0.715
12 0.66
12.2 0.605
12.25 0.545
12.3 0.505
12.4 0.45
12.55 0.41
12.65 0.38
12.75 0.365
12.85 0.35
12.95 0.345
13.05 0.34
13.15 0.355
13.2 0.365
13.3 0.395
13.4 0.425
13.55 0.49
13.6 0.555
13.7 0.625
13.8 0.715
13.85 0.835
14 0.925
14.1 1.08
14.15 1.235
14.25 1.375
14.35 1.565
14.5 1.795
14.55 1.955
14.7 2.18
14.8 2.415
14.85 2.635
14.95 2.935
15.05 3.29
15.15 3.55
15.2 3.92
15.3 4.285
15.4 4.585
15.5 4.98
15.6 5.235
15.7 5.575
15.85 5.83
15.9 5.92
16 5.94
16.1 5.79
16.15 5.62
16.25 5.37
16.45 5.08
16.5 4.87
16.55 4.545
16.65 4.195
16.75 3.895
16.85 3.45
17 3.025
17.05 2.75
17.15 2.43
17.25 2.14
17.3 1.92
17.4 1.67
17.5 1.495
17.6 1.345
17.7 1.215
17.8 1.155
17.9 1.09
18 1.065
18.15 1.06
18.25 1.105
18.25 1.175
18.4 1.25
18.55 1.37
18.6 1.545
18.65 1.68
18.75 1.91
18.9 2.175
18.95 2.405
19.05 2.745
19.15 3.12
19.2 3.425
19.35 3.88
19.45 4.37
19.55 4.76
19.65 5.335
19.7 5.79
19.85 6.43
19.9 7.08
20.05 7.65
20.05 7.815
20 7.805
20.05 7.815
20.05 7.815
20.05 7.83
20.05 7.825
20.05 7.83
20.05 7.83
20.05 7.835
20.05 7.855
20.05 7.85
20.1 7.86
20 7.835
20.05 7.855
20 7.85
20.05 7.87
20.05 7.87
20 7.875
20.05 7.87
20.05 7.9
20.05 7.88
20.05 7.88
20.05 7.87
20.05 7.875
20.1 7.885
20.05 7.9
20.05 7.905
20.05 7.91
20.05 7.9
20.05 7.91
20.1 7.89
20.05 7.9
