0.15 0.065
0.05 0.07
0.1 0.07
0.05 0.065
0.05 0.065
0.1 0.07
0.1 0.07
0.05 0.07
0.1 0.07
0.05 0.07
0.1 0.075
0.2 0.07
0.35 0.07
0.4 0.06
0.5 0.07
0.6 0.065
0.7 0.07
0.85 0.07
0.9 0.065
0.95 0.065
1.1 0.06
1.2 0.065
1.25 0.065
1.35 0.065
1.45 0.065
1.55 0.07
1.7 0.06
1.7 0.065
1.8 0.06
1.9 0.065
2.05 0.06
2.1 0.065
2.2 0.065
2.3 0.065
2.4 0.055
2.55 0.07
2.6 0.055
2.7 0.065
2.85 0.06
2.85 0.065
3 0.06
3.1 0.07
3.15 0.055
3.25 0.065
3.4 0.06
3.45 0.07
3.55 0.06
3.65 0.07
3.8 0.07
3.9 0.07
3.95 0.065
4.05 0.075
4.15 0.07
4.25 0.07
4.4 0.065
4.45 0.07
4.55 0.065
4.65 0.075
4.75 0.065
4.8 0.065
4.9 0.065
5.05 0.065
5.15 0.07
5.2 0.06
5.3 0.065
5.4 0.06
5.5 0.07
5.6 0.06
5.7 0.065
5.8 0.06
5.9 0.07
6 0.06
6.1 0.065
6.2 0.06
6.3 0.07
6.4 0.06
6.5 0.07
6.6 0.055
6.65 0.07
6.75 0.06
6.9 0.07
6.95 0.055
7 0.065
7.15 0.055
7.2 0.065
7.35 0.055
7.45 0.07
7.5 0.06
7.6 0.07
7.75 0.065
7.8 0.075
7.9 0.07
8 0.075
8.1 0.075
8.25 0.085
8.3 0.085
8.4 0.09
8.5 0.09
8.65 0.11
8.65 0.105
8.75 0.125
8.85 0.13
8.95 0.15
9.05 0.165
9.15 0.185
9.3 0.205
9.35 0.23
9.45 0.27
9.55 0.3
9.65 0.345
9.75 0.39
9.85 0.43
9.95 0.485
10.05 0.545
10.15 0.59
10.25 0.67
10.3 0.76
10.4 0.84
10.5 0.94
10.6 1.02
10.7 1.12
10.75 1.215
10.85 1.27
10.95 1.32
11.1 1.325
11.15 1.31
11.25 1.27
11.35 1.22
11.45 1.17
11.55 1.115
11.7 1.05
11.75 1.005
11.85 0.915
11.95 0.835
12.05 0.775
12.1 0.71
12.25 0.655
12.35 0.62
12.45 0.575
12.55 0.545
12.6 0.525
12.75 0.52
12.8 0.51
12.9 0.525
13.05 0.55
13.1 0.575
13.2 0.625
13.3 0.685
13.4 0.74
13.55 0.82
13.65 0.92
13.7 0.985
13.8 1.095
13.9 1.225
13.95 1.34
14.05 1.505
14.2 1.675
14.25 1.815
14.35 2.035
14.5 2.26
14.55 2.45
14.65 2.705
14.8 2.985
14.85 3.175
15 3.49
15 3.725
15.1 4.065
15.2 4.4
15.3 4.67
15.4 4.965
15.55 5.31
15.6 5.535
15.65 5.815
15.8 6.005
15.9 6.035
16 5.965
16.1 5.76
16.15 5.545
16.25 5.22
16.4 4.9
16.5 4.64
16.6 4.275
16.65 3.86
16.8 3.53
16.9 3.105
16.95 2.735
17.05 2.51
17.15 2.25
17.25 2.065
17.35 1.865
17.45 1.7
17.5 1.6
17.65 1.5
17.7 1.445
17.8 1.43
17.9 1.45
18.05 1.5
18.1 1.56
18.2 1.665
18.3 1.805
18.35 1.94
18.5 2.145
18.6 2.38
18.7 2.575
18.75 2.865
18.85 3.18
18.95 3.435
19.1 3.785
19.2 4.12
19.3 4.445
19.35 4.91
19.45 5.41
19.5 5.795
19.6 6.355
19.7 6.8
19.8 7.425
19.9 8.075
20 8.57
20.05 8.745
20 8.74
20 8.74
20 8.75
20.05 8.75
20.05 8.725
20 8.73
20 8.725
20.05 8.73
20 8.745
20.05 8.74
20 8.745
20.05 8.74
20 8.74
20 8.745
20 8.745
20 8.775
20.05 8.775
20.05 8.775
20.05 8.795
