0.1 0.06
0.1 0.065
0.1 0.065
0.15 0.065
0.3 0.065
0.4 0.065
0.45 0.07
0.6 0.06
0.65 0.065
0.75 0.065
0.85 0.065
0.95 0.065
1.1 0.07
1.15 0.06
1.25 0.065
1.35 0.065
1.4 0.07
1.55 0.07
1.65 0.07
1.75 0.06
1.85 0.07
1.95 0.065
2.05 0.065
2.1 0.06
2.2 0.065
2.35 0.065
2.45 0.07
2.5 0.065
2.6 0.065
2.7 0.065
2.8 0.065
2.9 0.065
3 0.065
3.05 0.065
3.15 0.065
3.25 0.06
3.4 0.065
3.45 0.06
3.6 0.065
3.65 0.06
3.75 0.065
3.85 0.065
3.95 0.06
4.05 0.065
4.15 0.06
4.25 0.065
4.35 0.06
4.45 0.065
4.55 0.065
4.6 0.065
4.75 0.065
4.8 0.065
4.9 0.065
5 0.065
5.1 0.065
5.2 0.065
5.3 0.065
5.4 0.065
5.5 0.065
5.6 0.07
5.7 0.065
5.8 0.065
5.9 0.065
5.95 0.07
6.05 0.06
6.15 0.065
6.25 0.065
6.35 0.065
6.45 0.065
6.55 0.07
6.6 0.06
6.75 0.07
6.85 0.065
7 0.065
7.05 0.065
7.1 0.065
7.25 0.065
7.3 0.065
7.4 0.06
7.55 0.06
7.65 0.06
7.7 0.065
7.85 0.065
7.95 0.065
7.95 0.06
8.1 0.065
8.2 0.065
8.25 0.065
8.35 0.065
8.45 0.065
8.55 0.07
8.65 0.065
8.75 0.07
8.85 0.075
8.95 0.075
9.1 0.08
9.15 0.08
9.25 0.085
9.4 0.095
9.45 0.1
9.55 0.115
9.65 0.12
9.75 0.14
9.85 0.15
9.95 0.175
10 0.2
10.05 0.22
10.25 0.25
10.3 0.285
10.4 0.315
10.45 0.37
10.6 0.395
10.7 0.44
10.75 0.47
10.85 0.49
10.95 0.51
11.05 0.525
11.15 0.53
11.25 0.525
11.35 0.52
11.45 0.54
11.55 0.525
11.6 0.51
11.7 0.49
11.85 0.465
11.95 0.445
12 0.425
12.1 0.41
12.25 0.4
12.3 0.39
12.4 0.39
12.55 0.395
12.6 0.395
12.7 0.41
12.8 0.42
12.9 0.45
13 0.48
13.1 0.515
13.2 0.56
13.3 0.61
13.35 0.65
13.45 0.72
13.6 0.8
13.65 0.865
13.75 0.965
13.85 1.085
13.95 1.175
14.05 1.315
14.15 1.455
14.2 1.575
14.35 1.755
14.45 1.95
14.55 2.11
14.65 2.33
14.7 2.56
14.8 2.74
14.9 2.985
15 3.21
15.1 3.43
15.2 3.735
15.3 4.05
15.35 4.295
15.45 4.6
15.55 4.8
15.65 5.025
15.8 5.155
15.85 5.16
15.95 5.065
16.05 4.865
16.15 4.685
16.25 4.44
16.35 4.2
16.45 4.005
16.55 3.73
16.65 3.41
16.75 3.18
16.85 2.875
16.95 2.62
17 2.48
17.15 2.315
17.2 2.17
17.35 2.065
17.4 1.96
17.45 1.9
17.55 1.865
17.7 1.86
17.8 1.88
17.9 1.75
18 1.875
18.05 1.98
18.2 2.145
18.3 2.33
18.35 2.49
18.45 2.705
18.6 2.955
18.65 3.145
18.8 3.405
18.9 3.685
18.95 3.945
19.05 4.295
19.15 4.68
19.2 4.995
19.3 5.43
19.45 5.895
19.5 6.245
19.6 6.76
19.7 7.15
19.8 7.72
19.9 8.3
20 8.73
20.05 9
