0.15 0.06
0.15 0.065
0.15 0.06
0.2 0.06
0.4 0.06
0.55 0.06
0.8 0.07
0.95 0.065
1.15 0.065
1.35 0.065
1.5 0.06
1.75 0.06
1.95 0.07
2.15 0.06
2.25 0.065
2.45 0.055
2.65 0.065
2.85 0.06
3.05 0.065
3.25 0.055
3.45 0.07
3.65 0.06
3.9 0.07
4 0.06
4.25 0.07
4.4 0.06
4.55 0.07
4.8 0.07
5 0.07
5.25 0.07
5.4 0.065
5.55 0.06
5.8 0.07
6 0.065
6.15 0.07
6.3 0.07
6.55 0.07
6.7 0.065
6.9 0.07
7.15 0.075
7.25 0.07
7.5 0.075
7.7 0.07
7.85 0.08
8.15 0.07
8.25 0.08
8.45 0.07
8.65 0.08
8.85 0.07
9 0.08
9.25 0.08
9.45 0.095
9.6 0.095
9.8 0.115
10 0.125
10.15 0.15
10.4 0.18
10.6 0.225
10.8 0.255
10.95 0.295
11.15 0.325
11.3 0.33
11.55 0.32
11.7 0.315
11.95 0.295
12.1 0.27
12.3 0.25
12.5 0.225
12.7 0.2
12.9 0.18
13.1 0.16
13.3 0.15
13.45 0.14
13.65 0.14
13.9 0.14
14.05 0.16
14.25 0.185
14.45 0.23
14.6 0.275
14.8 0.335
15 0.435
15.2 0.53
15.35 0.64
15.55 0.785
15.75 0.895
15.95 0.96
16.15 0.95
16.35 0.885
16.55 0.805
16.7 0.71
16.95 0.6
17.15 0.5
17.3 0.41
17.5 0.33
17.7 0.275
17.85 0.225
18.1 0.19
18.25 0.175
18.45 0.175
18.65 0.195
18.85 0.235
19.05 0.29
19.2 0.37
19.4 0.49
19.6 0.63
19.8 0.78
20.05 1
20.15 1.24
20.4 1.48
20.55 1.71
20.75 1.855
20.95 1.87
21.15 1.78
21.3 1.605
21.55 1.415
21.7 1.19
21.95 0.955
22.1 0.785
22.25 0.625
22.5 0.47
22.65 0.375
22.85 0.31
23.05 0.265
23.25 0.255
23.45 0.275
23.6 0.325
23.8 0.42
24 0.53
24.15 0.685
24.4 0.92
24.55 1.165
24.75 1.48
25 1.865
25.15 2.255
25.35 2.62
25.55 2.92
25.75 3.085
25.95 3.065
26.15 2.945
26.35 2.695
26.55 2.385
26.7 2.03
26.9 1.66
27.1 1.365
27.25 1.1
27.45 0.85
27.7 0.685
27.85 0.56
28.05 0.48
28.3 0.455
28.5 0.485
28.65 0.565
28.8 0.72
29 0.925
29.2 1.18
29.45 1.53
29.6 1.92
29.8 2.385
29.95 3.01
30.15 3.555
30.35 4.075
30.5 4.465
30.7 4.71
30.9 4.755
31.1 4.65
31.3 4.34
31.5 3.98
31.75 3.52
31.85 3
32.05 2.535
32.3 2.105
32.45 1.765
32.65 1.44
32.85 1.22
33 1.085
33.25 1.015
33.4 1.03
33.65 1.12
33.85 1.33
33.95 1.615
34.15 2.015
34.35 2.58
34.55 3.175
34.7 3.88
35 4.68
35.2 5.61
35.35 6.375
35.5 7.01
35.7 7.55
35.95 7.81
36.05 7.835
36.35 7.59
36.5 7.205
36.7 6.75
36.85 6.15
37.05 5.54
37.3 5.01
37.45 4.52
37.65 4.035
37.8 3.725
38.05 3.555
38.25 3.55
38.45 4.005
