0.05 0.07
0.05 0.07
0.1 0.07
0.1 0.07
0.05 0.065
0.2 0.07
0.35 0.065
0.5 0.065
0.6 0.065
0.75 0.07
0.9 0.06
1.05 0.07
1.2 0.06
1.35 0.065
1.45 0.06
1.65 0.07
1.7 0.06
1.9 0.065
2.05 0.06
2.2 0.065
2.35 0.06
2.5 0.065
2.6 0.055
2.8 0.07
2.95 0.06
3.05 0.07
3.25 0.06
3.35 0.07
3.5 0.055
3.65 0.07
3.8 0.065
3.95 0.07
4.1 0.065
4.25 0.07
4.35 0.065
4.5 0.07
4.65 0.065
4.75 0.07
4.9 0.065
5.05 0.075
5.25 0.07
5.35 0.07
5.5 0.07
5.65 0.07
5.85 0.065
5.95 0.07
6.1 0.07
6.25 0.065
6.4 0.065
6.55 0.065
6.7 0.065
6.8 0.065
6.95 0.065
7.1 0.065
7.3 0.07
7.4 0.065
7.5 0.065
7.7 0.06
7.85 0.07
7.95 0.06
8.1 0.065
8.3 0.065
8.4 0.07
8.6 0.065
8.7 0.075
8.85 0.07
8.95 0.085
9.15 0.085
9.35 0.1
9.45 0.1
9.55 0.125
9.7 0.125
9.85 0.15
9.95 0.16
10.1 0.195
10.3 0.22
10.4 0.26
10.6 0.3
10.7 0.34
10.85 0.38
10.95 0.405
11.1 0.425
11.3 0.43
11.4 0.425
11.55 0.425
11.75 0.415
11.9 0.395
12 0.37
12.1 0.345
12.3 0.325
12.45 0.305
12.6 0.295
12.75 0.275
12.9 0.27
13.05 0.265
13.15 0.275
13.35 0.285
13.45 0.3
13.6 0.33
13.75 0.37
13.9 0.415
14.05 0.465
14.2 0.535
14.3 0.61
14.45 0.68
14.65 0.795
14.75 0.89
14.9 1.025
15.05 1.14
15.2 1.3
15.35 1.415
15.5 1.6
15.6 1.725
15.75 1.85
15.95 1.88
16.05 1.85
16.15 1.75
16.35 1.61
16.45 1.47
16.6 1.3
16.75 1.15
16.95 0.985
17.05 0.87
17.25 0.76
17.35 0.675
17.45 0.595
17.7 0.55
17.8 0.525
17.9 0.52
18.05 0.535
18.25 0.57
18.3 0.625
18.5 0.7
18.65 0.78
18.8 0.89
18.95 1.005
19.05 1.155
19.2 1.31
19.4 1.515
19.45 1.705
19.65 1.955
19.8 2.18
19.95 2.475
20.1 2.73
20.25 3.045
20.35 3.3
20.55 3.56
20.7 3.675
20.85 3.67
21 3.56
21.1 3.33
21.25 3.095
21.4 2.765
21.55 2.465
21.65 2.155
21.85 1.82
21.95 1.57
22.1 1.33
22.25 1.16
22.4 1.005
22.55 0.93
22.65 0.88
22.85 0.875
23 0.9
23.1 0.955
23.3 1.055
23.4 1.175
23.55 1.345
23.65 1.515
23.85 1.755
23.95 1.98
24.15 2.295
24.25 2.56
24.45 2.905
24.55 3.235
24.65 3.7
24.8 4.095
24.9 4.51
25.1 5.03
25.25 5.435
25.4 5.83
25.55 6.04
25.65 6.105
25.8 6
26 5.75
26.1 5.465
26.25 5.04
26.4 4.63
26.6 4.07
26.75 3.585
26.85 3.115
26.95 2.74
27.15 2.335
27.25 2.06
27.45 1.825
27.55 1.7
27.7 1.61
27.85 1.595
27.95 1.635
28.15 1.755
28.25 1.905
28.45 2.09
28.55 2.325
28.7 2.67
28.85 2.99
29 3.445
29.15 3.865
29.35 4.41
29.45 4.925
29.6 5.61
29.7 6.17
29.9 6.9
30 7.48
30 7.455
29.95 7.45
30 7.435
30 7.435
30 7.41
30.05 7.42
30 7.405
29.95 7.41
30 7.405
30 7.405
30 7.39
