1.7 0.07
1.75 0.065
1.9 0.075
2.05 0.06
2.15 0.07
2.3 0.065
2.35 0.075
2.5 0.06
0.05 0.07
0.05 0.07
0.05 0.065
0.05 0.07
0.1 0.07
0.05 0.07
0.05 0.07
0.05 0.07
0.05 0.075
0.1 0.07
0.1 0.07
0.05 0.065
0.05 0.07
0.05 0.07
0.05 0.07
0.05 0.07
0.05 0.07
0.05 0.07
0.05 0.07
0.05 0.07
0.1 0.065
0.05 0.07
0.05 0.07
0.1 0.07
0.05 0.075
0.05 0.07
0.05 0.07
0.15 0.065
0.25 0.06
0.35 0.07
0.45 0.06
0.6 0.07
0.7 0.06
0.8 0.065
0.9 0.06
1.05 0.07
1.2 0.06
1.3 0.07
1.45 0.06
1.55 0.07
1.7 0.065
1.75 0.07
1.9 0.06
2 0.07
2.15 0.065
2.25 0.075
2.35 0.065
2.5 0.07
2.6 0.065
2.75 0.07
2.85 0.07
2.95 0.075
3.1 0.07
3.2 0.075
3.35 0.065
3.4 0.075
3.55 0.065
3.65 0.07
3.8 0.07
3.95 0.065
4 0.07
4.15 0.065
4.25 0.065
4.4 0.07
4.5 0.075
4.65 0.075
4.75 0.07
4.9 0.065
5 0.07
5.1 0.06
5.3 0.07
5.4 0.065
5.55 0.075
5.6 0.065
5.75 0.07
5.85 0.07
5.95 0.08
6.1 0.07
6.2 0.085
6.35 0.08
6.45 0.095
6.55 0.085
6.75 0.1
6.85 0.095
6.95 0.11
7.05 0.105
7.2 0.115
7.3 0.11
7.45 0.125
7.5 0.13
7.65 0.13
7.8 0.135
7.9 0.145
8 0.15
8.1 0.16
8.25 0.165
8.35 0.175
8.5 0.185
8.6 0.205
8.75 0.21
8.85 0.235
9 0.245
9.15 0.27
9.2 0.295
9.35 0.32
9.45 0.365
9.55 0.395
9.75 0.45
9.8 0.49
9.95 0.55
10.05 0.6
10.15 0.67
10.3 0.735
10.4 0.82
10.55 0.905
10.7 0.97
10.75 1.045
10.95 1.09
11.05 1.11
11.15 1.105
11.25 1.075
11.35 1.035
11.5 0.99
11.65 0.94
11.75 0.88
11.85 0.825
12 0.77
12.15 0.715
12.25 0.665
12.3 0.635
12.5 0.6
12.6 0.58
12.7 0.56
12.85 0.555
13 0.56
13.1 0.57
13.15 0.59
13.3 0.625
13.45 0.655
13.55 0.715
13.65 0.76
13.8 0.835
13.9 0.9
14.05 0.995
14.15 1.1
14.3 1.185
14.4 1.305
14.5 1.41
14.65 1.57
14.75 1.695
14.9 1.87
15 2.06
15.1 2.215
15.25 2.42
15.35 2.59
15.5 2.8
15.55 2.94
15.7 3.06
15.85 3.09
15.95 3.03
16.1 2.885
16.15 2.715
16.35 2.515
16.4 2.35
16.55 2.165
16.65 1.97
16.75 1.765
16.95 1.565
17.05 1.44
17.15 1.305
17.2 1.22
17.35 1.125
17.45 1.08
17.65 1.055
17.75 1.06
17.85 1.075
18 1.125
18.1 1.175
18.25 1.255
18.35 1.335
18.5 1.47
18.65 1.62
18.7 1.76
18.8 1.95
18.9 2.12
19.1 2.35
19.25 2.535
19.3 2.815
19.4 3.05
19.55 3.355
19.7 3.69
19.8 3.95
19.95 4.29
20.05 4.665
20.2 5.06
20.25 5.33
20.45 5.655
20.5 5.93
20.65 6.045
20.7 6.025
20.9 5.875
21 5.585
21.1 5.31
21.25 4.95
21.35 4.55
21.45 4.195
21.65 3.73
21.75 3.385
21.85 3.035
21.95 2.805
22.1 2.56
22.15 2.325
22.35 2.18
22.45 2.06
22.55 2.015
22.65 2
22.8 2.025
22.9 2.09
23 2.175
23.15 2.325
23.35 2.51
23.4 2.695
23.5 2.945
23.65 3.155
23.75 3.45
23.85 3.715
24.05 4.1
24.1 4.535
24.2 4.89
24.35 5.38
24.45 5.78
24.6 6.335
24.7 6.82
24.85 7.41
24.95 7.9
25 8.13
25.05 8.125
24.95 8.105
24.95 8.11
24.95 8.1
25 8.095
25 8.09
24.95 8.09
25 8.09
25 8.09
25 8.095
24.95 8.075
25 8.065
25 8.055
24.95 8.045
25.05 8.04
25 8.045
25 8.05
25 8.065
25 8.07
25 8.05
25 8.045
25 8.045
