0.1 0.065
0.1 0.075
0.1 0.07
0.1 0.07
0.2 0.07
0.35 0.055
0.55 0.075
0.7 0.06
0.9 0.07
1.05 0.06
1.2 0.07
1.35 0.065
1.55 0.07
1.7 0.07
1.85 0.07
2.05 0.07
2.25 0.075
2.35 0.075
2.55 0.075
2.7 0.07
2.85 0.075
3.05 0.07
3.2 0.075
3.4 0.07
3.6 0.07
3.75 0.07
3.9 0.07
4 0.07
4.25 0.07
4.4 0.065
4.6 0.065
4.75 0.07
4.9 0.06
5.05 0.07
5.25 0.065
5.4 0.065
5.6 0.065
5.75 0.07
5.95 0.06
6.1 0.065
6.2 0.06
6.45 0.07
6.65 0.06
6.75 0.07
6.95 0.06
7.1 0.07
7.25 0.065
7.4 0.07
7.6 0.06
7.75 0.07
7.95 0.065
8.1 0.07
8.3 0.065
8.45 0.07
8.6 0.065
8.8 0.07
8.95 0.065
9.15 0.07
9.25 0.07
9.45 0.075
9.65 0.07
9.75 0.075
9.95 0.07
10.1 0.08
10.3 0.08
10.45 0.09
10.6 0.09
10.8 0.105
10.95 0.105
11.15 0.115
11.3 0.12
11.45 0.125
11.65 0.13
11.8 0.13
11.95 0.135
12.15 0.125
12.35 0.125
12.5 0.115
12.65 0.115
12.85 0.11
13 0.115
13.15 0.11
13.35 0.115
13.55 0.115
13.65 0.13
13.85 0.145
14 0.17
14.15 0.19
14.35 0.23
14.5 0.27
14.7 0.335
14.85 0.395
15.05 0.475
15.2 0.55
15.35 0.65
15.5 0.77
15.65 0.88
15.8 0.96
16.05 0.995
16.15 0.975
16.35 0.92
16.5 0.855
16.7 0.775
16.85 0.68
17 0.595
17.2 0.505
17.35 0.435
17.5 0.37
17.65 0.32
17.85 0.285
18.05 0.275
18.2 0.27
18.35 0.29
18.55 0.325
18.7 0.375
18.85 0.455
19.05 0.555
19.2 0.645
19.4 0.8
19.55 0.95
19.75 1.155
19.9 1.36
20 1.56
20.2 1.835
20.4 2.07
20.55 2.27
20.7 2.405
20.85 2.4
21.1 2.29
21.2 2.125
21.4 1.89
21.6 1.65
21.7 1.405
21.9 1.14
22.1 0.95
22.25 0.775
22.45 0.625
22.55 0.53
22.75 0.465
22.95 0.435
23.1 0.435
23.2 0.465
23.4 0.53
23.55 0.63
23.75 0.755
23.9 0.9
24.05 1.12
24.2 1.33
24.4 1.6
24.6 1.87
24.75 2.195
24.95 2.61
25.05 2.975
25.25 3.415
25.45 3.73
25.55 3.92
25.75 3.98
25.9 3.88
26.1 3.69
26.25 3.43
26.45 3.095
26.6 2.64
26.75 2.265
26.9 1.93
27.1 1.575
27.3 1.3
27.45 1.055
27.6 0.91
27.8 0.815
27.95 0.76
28.15 0.765
28.3 0.84
28.5 0.95
28.6 1.105
28.75 1.35
28.95 1.61
29.15 1.975
29.3 2.33
29.45 2.74
29.6 3.28
29.8 3.75
29.95 4.395
30.15 4.945
30.3 5.45
30.5 5.89
30.65 6.105
30.8 6.165
30.95 6.055
31.1 5.825
31.3 5.4
31.45 4.935
31.65 4.45
31.85 3.87
32 3.37
32.15 2.82
32.3 2.43
32.45 2.125
32.65 1.85
32.85 1.675
33 1.595
33.15 1.605
33.3 1.67
33.5 1.84
33.7 2.08
33.8 2.455
34 2.875
34.2 3.375
34.35 4.045
34.45 4.73
34.7 5.485
34.85 6.42
35 7.315
35 7.295
35 7.285
35 7.255
35 7.26
35 7.245
35 7.245
35.05 7.245
35 7.245
35 7.255
35 7.25
35 7.25
35 7.245
