0.1 0.065
0.05 0.07
0.1 0.07
0.25 0.07
0.35 0.065
0.45 0.065
0.6 0.065
0.65 0.065
0.8 0.07
0.95 0.065
1.05 0.07
1.15 0.06
1.35 0.07
1.5 0.065
1.55 0.07
1.7 0.065
1.8 0.07
1.95 0.06
2 0.07
2.15 0.06
2.3 0.07
2.35 0.06
2.5 0.065
2.6 0.055
2.75 0.07
2.9 0.06
3 0.07
3.1 0.055
3.25 0.07
3.4 0.06
3.5 0.07
3.6 0.065
3.7 0.07
3.8 0.065
3.95 0.075
4.05 0.07
4.25 0.075
4.3 0.075
4.5 0.075
4.55 0.08
4.65 0.08
4.8 0.08
4.9 0.085
5.05 0.09
5.15 0.095
5.3 0.095
5.4 0.105
5.55 0.11
5.6 0.11
5.8 0.12
5.85 0.125
6 0.14
6.15 0.14
6.25 0.15
6.35 0.15
6.45 0.165
6.55 0.16
6.7 0.17
6.85 0.17
7 0.18
7.05 0.175
7.2 0.18
7.35 0.17
7.45 0.175
7.55 0.17
7.7 0.175
7.8 0.165
7.9 0.175
8.05 0.16
8.15 0.17
8.25 0.16
8.4 0.17
8.55 0.165
8.65 0.175
8.8 0.175
8.9 0.19
9 0.19
9.1 0.205
9.2 0.21
9.35 0.235
9.5 0.25
9.6 0.27
9.7 0.295
9.8 0.32
9.95 0.35
10.05 0.385
10.2 0.425
10.3 0.465
10.4 0.51
10.55 0.57
10.65 0.615
10.8 0.67
10.95 0.7
11.05 0.725
11.15 0.73
11.3 0.72
11.4 0.705
11.5 0.68
11.7 0.65
11.75 0.615
11.9 0.575
11.95 0.535
12.15 0.5
12.25 0.455
12.35 0.43
12.5 0.39
12.6 0.375
12.75 0.35
12.85 0.35
12.95 0.33
13.05 0.33
13.2 0.325
13.35 0.345
13.45 0.345
13.6 0.385
13.65 0.395
13.85 0.445
13.9 0.47
14.05 0.535
14.15 0.59
14.25 0.65
14.4 0.72
14.55 0.795
14.65 0.885
14.7 0.975
14.85 1.085
15 1.22
15.15 1.315
15.25 1.46
15.35 1.575
15.5 1.73
15.6 1.835
15.75 1.95
15.85 1.995
15.95 2
16.1 1.945
16.2 1.85
16.3 1.725
16.45 1.615
16.6 1.485
16.7 1.35
16.85 1.2
16.95 1.045
17.05 0.945
17.15 0.825
17.25 0.76
17.4 0.665
17.5 0.62
17.65 0.565
17.75 0.555
17.9 0.54
18 0.56
18.1 0.565
18.3 0.61
18.4 0.64
18.45 0.725
18.6 0.8
18.7 0.885
18.85 0.99
18.95 1.105
19.1 1.245
19.2 1.375
19.3 1.555
19.4 1.715
19.55 1.92
19.7 2.15
19.8 2.33
19.95 2.565
20.05 2.82
20.2 3.1
20.3 3.295
20.45 3.55
20.55 3.77
20.65 3.89
20.8 3.93
20.9 3.875
21 3.715
21.1 3.525
21.25 3.28
21.45 2.99
21.5 2.745
21.6 2.405
21.75 2.155
21.9 1.865
21.95 1.685
22.1 1.475
22.25 1.295
22.35 1.155
22.5 1.05
22.55 0.98
22.65 0.945
22.85 0.93
22.9 0.96
23.05 0.985
23.2 1.07
23.3 1.165
23.4 1.275
23.55 1.42
23.65 1.55
23.8 1.725
23.85 1.915
24 2.155
24.1 2.455
24.25 2.695
24.35 3.03
24.5 3.3
24.6 3.695
24.7 4.04
24.8 4.47
24.95 4.82
25.05 4.99
25 4.98
25 4.97
25 4.965
25 4.965
25 4.95
25 4.96
25.05 4.955
25.05 4.955
25 4.955
25 4.955
25 4.95
25 4.94
25 4.935
25 4.945
25 4.94
25.05 4.94
25 4.945
25 4.93
25.05 4.935
25 4.925
25 4.93
25 4.92
25 4.93
25 4.925
25 4.925
25 4.93
25 4.93
25 4.915
25 4.92
25 4.91
25 4.915
25.05 4.915
25 4.925
25 4.905
25.05 4.92
25 4.905
25 4.915
25 4.91
25 4.91
25.05 4.915
25 4.915
25 4.915
25 4.915
25 4.905
25 4.91
25 4.905
25 4.915
25 4.905
25.05 4.915
25 4.915
25 4.91
25 4.91
25 4.9
25.05 4.9
25 4.9
25.05 4.9
25 4.91
25 4.905
25 4.9
25 4.9
25 4.89
25 4.895
25 4.885
25 4.885
25 4.89
25 4.885
25.05 4.885
25 4.89
25 4.875
25 4.88
25 4.885
25 4.89
25 4.885
25 4.89
24.95 4.885
25 4.89
25.05 4.875
25 4.88
25 4.88
25 4.885
25 4.88
