0.1 0.065
0.1 0.065
0.1 0.07
0.05 0.07
0.15 0.06
0.35 0.07
0.6 0.065
0.95 0.065
1.1 0.07
1.35 0.07
1.6 0.065
1.75 0.07
2 0.065
2.3 0.065
2.55 0.07
2.8 0.07
3 0.065
3.25 0.065
3.55 0.065
3.75 0.06
3.95 0.065
4.25 0.065
4.45 0.065
4.7 0.06
4.9 0.065
5.2 0.06
5.4 0.07
5.65 0.06
5.95 0.07
6.15 0.065
6.4 0.08
6.65 0.07
6.85 0.08
7.1 0.075
7.35 0.09
7.6 0.08
7.85 0.09
8.05 0.085
8.3 0.09
8.55 0.085
8.85 0.095
9.1 0.085
9.25 0.095
9.5 0.08
9.8 0.095
10 0.095
10.25 0.11
10.45 0.12
10.7 0.135
10.95 0.15
11.2 0.17
11.4 0.18
11.7 0.185
11.95 0.18
12.15 0.18
12.4 0.17
12.65 0.16
12.85 0.15
13.15 0.135
13.35 0.12
13.65 0.12
13.85 0.115
14.05 0.11
14.3 0.12
14.6 0.135
14.8 0.155
15.05 0.19
15.3 0.23
15.5 0.295
15.75 0.355
16 0.4
16.25 0.42
16.5 0.405
16.7 0.385
16.95 0.34
17.2 0.3
17.45 0.25
17.65 0.22
17.9 0.185
18.15 0.155
18.4 0.135
18.65 0.14
18.85 0.14
19.1 0.165
19.4 0.2
19.55 0.255
19.8 0.325
20.05 0.44
20.25 0.56
20.55 0.69
20.8 0.785
21.1 0.805
21.3 0.76
21.5 0.675
21.75 0.58
22 0.475
22.25 0.38
22.5 0.295
22.75 0.24
23 0.195
23.2 0.165
23.45 0.165
23.7 0.18
23.9 0.215
24.15 0.29
24.4 0.39
24.6 0.525
24.9 0.695
25.1 0.895
25.35 1.11
25.6 1.27
25.85 1.34
26.1 1.29
26.35 1.165
26.55 0.995
26.8 0.815
27.05 0.655
27.25 0.51
27.5 0.39
27.75 0.3
28 0.245
28.25 0.225
28.45 0.245
28.7 0.295
28.9 0.39
29.2 0.525
29.45 0.715
29.75 0.985
29.9 1.295
30.2 1.63
30.4 1.91
30.65 2.065
30.9 2.065
31.1 1.935
31.35 1.715
31.6 1.43
31.85 1.15
32.1 0.9
32.35 0.69
32.55 0.525
32.8 0.41
33.05 0.35
33.3 0.345
33.5 0.39
33.75 0.49
34 0.66
34.25 0.89
34.45 1.18
34.7 1.55
34.95 1.96
35.2 2.4
35.5 2.685
35.7 2.805
35.95 2.765
36.15 2.585
36.35 2.285
36.6 1.975
36.9 1.585
37.15 1.26
37.35 1
37.6 0.79
37.8 0.65
38.05 0.58
38.3 0.575
38.55 0.64
38.8 0.81
39.05 1.05
39.25 1.39
39.55 1.82
39.75 2.295
40 2.83
40.25 3.27
40.45 3.585
40.75 3.735
41 3.685
41.2 3.47
41.45 3.14
41.65 2.75
41.85 2.335
42.2 1.965
42.4 1.63
42.7 1.365
42.9 1.18
43.15 1.08
43.35 1.07
43.55 1.16
43.8 1.355
44.05 1.65
44.35 2.14
44.6 2.71
44.8 3.34
45 4.01
45.25 4.69
