0.05 0.065
0.1 0.065
0.05 0.065
0.05 0.06
0.05 0.065
0.2 0.07
0.35 0.07
0.45 0.065
0.6 0.07
0.75 0.06
0.9 0.065
1.05 0.06
1.15 0.06
1.35 0.06
1.4 0.065
1.65 0.06
1.75 0.065
1.95 0.065
2.05 0.065
2.2 0.065
2.35 0.065
2.5 0.065
2.65 0.065
2.8 0.06
2.9 0.065
3.1 0.06
3.2 0.065
3.4 0.065
3.5 0.065
3.6 0.065
3.8 0.065
3.95 0.065
4.05 0.065
4.25 0.07
4.35 0.065
4.5 0.07
4.65 0.07
4.75 0.065
5 0.075
5.1 0.07
5.2 0.075
5.4 0.08
5.5 0.075
5.65 0.08
5.8 0.08
5.9 0.09
6.15 0.09
6.25 0.095
6.4 0.095
6.55 0.1
6.7 0.105
6.85 0.11
7 0.115
7.1 0.12
7.25 0.12
7.4 0.125
7.55 0.125
7.7 0.13
7.8 0.13
8 0.14
8.1 0.14
8.3 0.145
8.4 0.15
8.55 0.155
8.7 0.155
8.9 0.16
9 0.16
9.1 0.16
9.3 0.165
9.45 0.175
9.55 0.18
9.7 0.185
9.85 0.19
10 0.2
10.15 0.205
10.3 0.22
10.45 0.23
10.6 0.25
10.7 0.265
10.9 0.285
11 0.3
11.15 0.315
11.3 0.325
11.4 0.33
11.55 0.345
11.75 0.345
11.85 0.345
12 0.34
12.2 0.34
12.3 0.33
12.5 0.33
12.6 0.32
12.75 0.32
12.85 0.31
13.05 0.305
13.2 0.3
13.35 0.3
13.45 0.295
13.65 0.305
13.75 0.305
13.9 0.315
14.05 0.325
14.15 0.34
14.3 0.355
14.55 0.37
14.65 0.4
14.75 0.43
14.9 0.47
15.05 0.505
15.2 0.555
15.3 0.595
15.5 0.65
15.65 0.7
15.75 0.74
15.9 0.78
16.05 0.81
16.2 0.82
16.35 0.815
16.45 0.8
16.65 0.77
16.8 0.74
16.9 0.695
17.05 0.665
17.25 0.62
17.35 0.585
17.5 0.555
17.65 0.525
17.8 0.505
17.95 0.49
18.05 0.48
18.2 0.48
18.3 0.485
18.5 0.505
18.6 0.525
18.8 0.56
18.95 0.595
19.05 0.645
19.2 0.69
19.4 0.75
19.55 0.815
19.7 0.9
19.8 0.975
19.95 1.075
20.1 1.16
20.25 1.275
20.35 1.375
20.55 1.49
20.65 1.555
20.85 1.595
20.95 1.595
21.1 1.56
21.25 1.495
21.4 1.405
21.55 1.315
21.7 1.215
21.8 1.11
21.95 1.02
22.1 0.925
22.25 0.86
22.4 0.805
22.55 0.77
22.7 0.74
22.8 0.73
22.95 0.74
23.1 0.755
23.3 0.79
23.4 0.83
23.6 0.895
23.7 0.955
23.8 1.045
24 1.135
24.15 1.255
24.25 1.37
24.4 1.505
24.6 1.64
24.7 1.785
24.85 1.95
25 2.11
25.15 2.3
25.25 2.455
25.4 2.615
25.6 2.7
25.65 2.73
25.85 2.675
26 2.56
26.15 2.42
26.35 2.235
26.4 2.055
26.6 1.855
26.7 1.69
26.85 1.54
27.05 1.415
27.15 1.29
27.35 1.21
27.45 1.15
27.55 1.12
27.7 1.12
27.85 1.135
28 1.18
28.15 1.26
28.3 1.34
28.45 1.455
28.55 1.57
28.75 1.73
28.9 1.87
29.05 2.06
29.2 2.25
29.35 2.49
29.45 2.71
29.65 3.01
29.7 3.255
29.9 3.58
30 3.78
30 3.78
29.95 3.775
30 3.77
30 3.76
30 3.76
30 3.75
30 3.75
30 3.75
30 3.75
29.95 3.745
30.05 3.75
30 3.74
30 3.745
30 3.735
30 3.73
30 3.735
30 3.74
30 3.725
30 3.725
30 3.715
30 3.71
30 3.7
30 3.71
30 3.705
30 3.705
30 3.705
