0.05 0.065
0.1 0.06
0.15 0.065
0.3 0.05
0.45 0.065
0.6 0.05
0.75 0.065
0.9 0.05
1.05 0.065
1.2 0.055
1.35 0.065
1.5 0.055
1.6 0.065
1.8 0.06
1.95 0.065
2.1 0.06
2.2 0.065
2.35 0.055
2.5 0.065
2.6 0.065
2.8 0.065
2.9 0.06
3.1 0.06
3.2 0.06
3.35 0.065
3.5 0.065
3.65 0.055
3.8 0.06
3.95 0.06
4.05 0.065
4.25 0.06
4.35 0.065
4.5 0.065
4.65 0.07
4.8 0.07
5 0.075
5.15 0.065
5.3 0.08
5.4 0.08
5.55 0.09
5.7 0.09
5.8 0.11
5.9 0.105
6.15 0.12
6.25 0.12
6.4 0.14
6.5 0.135
6.7 0.15
6.85 0.145
7 0.155
7.15 0.155
7.3 0.165
7.4 0.155
7.55 0.165
7.7 0.16
7.8 0.17
7.95 0.165
8.15 0.165
8.3 0.165
8.4 0.17
8.6 0.165
8.7 0.17
8.9 0.17
9 0.175
9.15 0.175
9.3 0.185
9.4 0.195
9.55 0.21
9.7 0.225
9.85 0.235
10 0.27
10.15 0.295
10.25 0.335
10.45 0.37
10.55 0.415
10.75 0.45
10.85 0.5
11.05 0.52
11.15 0.545
11.3 0.545
11.4 0.545
11.55 0.53
11.7 0.515
11.85 0.485
12 0.465
12.15 0.435
12.3 0.41
12.5 0.375
12.6 0.355
12.75 0.33
12.9 0.32
13.05 0.3
13.15 0.295
13.35 0.295
13.45 0.305
13.65 0.31
13.75 0.335
13.9 0.36
14.05 0.395
14.2 0.435
14.35 0.485
14.45 0.535
14.65 0.605
14.75 0.685
14.9 0.765
15.05 0.85
15.2 0.97
15.35 1.065
15.5 1.19
15.6 1.285
15.75 1.38
15.9 1.42
16.05 1.41
16.2 1.36
16.35 1.28
16.5 1.2
16.65 1.09
16.8 0.99
16.9 0.865
17.05 0.775
17.2 0.67
17.3 0.605
17.45 0.535
17.65 0.5
17.8 0.455
17.95 0.445
18.05 0.445
18.25 0.465
18.35 0.495
18.5 0.535
18.6 0.595
18.8 0.67
18.9 0.75
19.05 0.865
19.2 0.965
19.35 1.12
19.5 1.26
19.7 1.445
19.8 1.605
19.95 1.82
20.1 1.985
20.25 2.215
20.35 2.41
20.55 2.62
20.65 2.73
20.8 2.74
20.95 2.665
21.15 2.495
21.25 2.32
21.4 2.08
21.55 1.875
21.65 1.625
21.85 1.42
22 1.235
22.1 1.04
22.25 0.91
22.4 0.795
22.55 0.73
22.7 0.685
22.85 0.675
23 0.695
23.1 0.735
23.25 0.805
23.4 0.89
23.55 1.01
23.7 1.12
23.85 1.285
24 1.45
24.1 1.675
24.25 1.89
24.4 2.165
24.55 2.415
24.75 2.765
24.85 3.06
25 3.37
25.15 3.755
25.3 4.045
25.45 4.315
25.55 4.43
25.75 4.435
25.9 4.325
26 4.09
26.15 3.84
26.3 3.485
26.4 3.135
26.55 2.72
26.7 2.38
26.9 2.045
27 1.795
27.15 1.545
27.3 1.375
27.45 1.225
27.6 1.145
27.7 1.095
27.85 1.1
28 1.14
28.15 1.245
28.3 1.39
28.4 1.545
28.6 1.73
28.75 2
28.9 2.245
29 2.585
29.2 2.885
29.35 3.27
29.45 3.655
29.65 4.18
29.7 4.62
29.9 5.18
30 5.645
30 5.63
30.05 5.6
30 5.585
30.05 5.58
30 5.57
30 5.565
30.05 5.56
30 5.55
30.05 5.545
30.05 5.54
30 5.54
30.05 5.525
30 5.515
30.05 5.51
30.05 5.495
30 5.49
30.05 5.49
30 5.48
30 5.465
30.05 5.46
30 5.45
30.05 5.445
30 5.44
30 5.43
30.05 5.435
30.05 5.435
30 5.43
30.05 5.435
30 5.425
30 5.41
30.05 5.405
30.05 5.395
30 5.385
30 5.365
30 5.365
30 5.365
