0.1 0.065
0.1 0.07
0.1 0.065
0.25 0.07
0.4 0.065
0.65 0.07
0.85 0.07
1 0.07
1.25 0.065
1.4 0.07
1.55 0.065
1.75 0.07
2 0.07
2.15 0.07
2.35 0.07
2.55 0.065
2.7 0.07
2.95 0.065
3.1 0.07
3.3 0.07
3.5 0.07
3.65 0.065
3.9 0.07
4.15 0.07
4.25 0.07
4.45 0.07
4.65 0.075
4.85 0.07
5.1 0.075
5.25 0.07
5.4 0.075
5.6 0.08
5.8 0.085
5.95 0.08
6.15 0.09
6.4 0.09
6.55 0.1
6.75 0.1
6.95 0.105
7.2 0.105
7.35 0.115
7.55 0.115
7.7 0.12
7.95 0.115
8.1 0.12
8.35 0.12
8.45 0.115
8.7 0.12
8.9 0.12
9.1 0.125
9.25 0.12
9.5 0.125
9.6 0.13
9.85 0.14
10 0.155
10.25 0.165
10.4 0.18
10.6 0.2
10.85 0.23
11 0.255
11.15 0.27
11.4 0.29
11.55 0.29
11.75 0.285
12 0.28
12.15 0.265
12.35 0.25
12.55 0.235
12.8 0.215
12.95 0.2
13.1 0.185
13.35 0.18
13.55 0.17
13.7 0.17
13.9 0.175
14.05 0.185
14.3 0.2
14.45 0.23
14.65 0.26
14.85 0.31
15.05 0.36
15.25 0.435
15.45 0.5
15.6 0.58
15.8 0.65
16 0.7
16.15 0.71
16.45 0.68
16.6 0.635
16.75 0.585
16.95 0.51
17.15 0.445
17.35 0.39
17.55 0.335
17.75 0.285
17.9 0.255
18.1 0.235
18.3 0.225
18.5 0.23
18.65 0.245
18.85 0.29
19.05 0.335
19.3 0.4
19.45 0.475
19.65 0.585
19.85 0.695
20 0.82
20.25 0.99
20.45 1.145
20.6 1.28
20.8 1.375
20.95 1.36
21.15 1.29
21.4 1.16
21.6 1.025
21.8 0.88
21.95 0.74
22.2 0.6
22.35 0.49
22.5 0.41
22.75 0.345
22.95 0.305
23.1 0.3
23.3 0.315
23.5 0.355
23.75 0.405
23.85 0.5
24.05 0.61
24.25 0.75
24.4 0.905
24.65 1.12
24.8 1.34
25 1.58
25.25 1.855
25.4 2.07
25.6 2.23
25.8 2.27
25.95 2.185
26.15 2.025
26.35 1.82
26.55 1.545
26.75 1.3
26.9 1.075
27.15 0.86
27.3 0.705
27.5 0.585
27.7 0.485
27.9 0.455
28.1 0.45
28.3 0.5
28.5 0.58
28.65 0.7
28.85 0.85
29.05 1.07
29.25 1.285
29.45 1.55
29.65 1.91
29.85 2.27
30 2.65
30.2 3.07
30.4 3.33
30.6 3.47
30.8 3.455
31 3.335
31.2 3.11
31.35 2.8
31.6 2.365
31.75 2.005
31.95 1.665
32.1 1.325
32.35 1.09
32.55 0.93
32.7 0.8
32.9 0.745
33.1 0.74
33.25 0.8
33.45 0.93
33.7 1.105
33.9 1.335
34.1 1.67
34.25 2.015
34.45 2.405
34.65 2.905
34.8 3.385
35.05 3.89
35.15 4.365
35.4 4.665
35.6 4.8
35.75 4.795
36 4.625
36.2 4.29
36.35 3.875
36.55 3.38
36.75 2.96
36.95 2.525
37.1 2.085
37.35 1.775
37.55 1.525
37.7 1.355
37.9 1.255
38.1 1.25
38.3 1.305
38.5 1.47
38.65 1.695
38.85 1.98
39.1 2.42
39.25 2.905
39.4 3.455
39.65 4.145
39.8 4.78
40 5.335
39.95 5.32
40.05 5.315
40 5.305
40 5.3
39.95 5.28
40 5.28
39.95 5.265
40 5.265
40 5.255
40 5.25
40 5.24
40 5.24
39.95 5.225
39.95 5.23
