0.1 0.07
0.1 0.055
0.05 0.07
0.1 0.06
0.45 0.07
0.6 0.065
0.9 0.07
1.15 0.065
1.4 0.07
1.65 0.065
1.85 0.075
2.1 0.07
2.35 0.07
2.6 0.065
2.85 0.07
3.05 0.065
3.3 0.07
3.5 0.065
3.75 0.065
4.05 0.07
4.25 0.06
4.55 0.07
4.75 0.06
5 0.07
5.2 0.065
5.45 0.07
5.65 0.06
5.95 0.065
6.2 0.06
6.45 0.07
6.7 0.055
6.9 0.07
7.1 0.065
7.35 0.065
7.6 0.06
7.8 0.065
8.15 0.06
8.35 0.07
8.6 0.06
8.85 0.07
9.05 0.06
9.3 0.065
9.55 0.05
9.75 0.065
10.05 0.06
10.25 0.07
10.5 0.055
10.8 0.07
11 0.06
11.2 0.07
11.45 0.065
11.7 0.07
11.9 0.07
12.2 0.075
12.4 0.07
12.65 0.075
12.9 0.07
13.15 0.075
13.35 0.07
13.75 0.075
13.95 0.075
14.15 0.07
14.35 0.07
14.55 0.075
14.8 0.075
15.05 0.07
15.35 0.08
15.55 0.07
15.8 0.075
16 0.075
16.25 0.075
16.5 0.065
16.75 0.075
17 0.07
17.25 0.075
17.45 0.07
17.75 0.08
17.95 0.07
18.15 0.08
18.4 0.075
18.65 0.08
18.9 0.075
19.15 0.085
19.4 0.075
19.65 0.085
19.85 0.07
20.15 0.08
20.35 0.07
20.55 0.075
20.85 0.07
21.05 0.085
21.35 0.08
21.55 0.09
21.85 0.095
22.1 0.1
22.25 0.1
22.55 0.1
22.75 0.1
23 0.105
23.25 0.1
23.5 0.105
23.75 0.095
23.95 0.1
24.15 0.09
24.45 0.09
24.7 0.085
24.9 0.085
25.15 0.09
25.35 0.085
25.6 0.09
25.85 0.09
26.1 0.1
26.35 0.1
26.6 0.11
26.85 0.105
27.1 0.12
27.3 0.11
27.55 0.115
27.75 0.11
28.05 0.115
28.25 0.105
28.55 0.11
28.75 0.095
29 0.1
29.2 0.09
29.45 0.095
29.7 0.085
29.95 0.095
30.15 0.09
30.45 0.105
30.7 0.1
30.95 0.12
31.15 0.12
31.35 0.135
31.6 0.135
31.9 0.145
32.1 0.14
32.4 0.14
32.55 0.135
32.9 0.14
33.1 0.12
33.3 0.12
33.55 0.105
33.8 0.11
34 0.1
34.25 0.1
34.55 0.095
34.75 0.095
34.95 0.105
35.2 0.11
35.5 0.125
35.75 0.13
35.95 0.15
36.2 0.155
36.35 0.17
36.7 0.16
36.95 0.165
37.1 0.15
37.45 0.15
37.65 0.135
37.9 0.13
38.1 0.12
38.35 0.11
38.6 0.1
38.8 0.1
39.05 0.09
39.35 0.1
39.55 0.095
39.8 0.115
40.05 0.115
40.25 0.145
40.55 0.15
40.7 0.18
40.95 0.18
41.2 0.195
41.45 0.18
41.7 0.19
41.95 0.17
42.2 0.165
42.45 0.155
42.65 0.145
42.95 0.12
43.15 0.12
43.4 0.11
43.65 0.11
43.85 0.1
44.05 0.11
44.25 0.11
44.6 0.13
44.85 0.14
45.05 0.155
45.3 0.175
45.5 0.19
45.75 0.21
46 0.205
46.2 0.21
46.5 0.195
46.75 0.195
46.95 0.175
47.25 0.165
47.4 0.15
47.65 0.135
47.9 0.12
48.15 0.115
48.45 0.105
48.7 0.11
48.9 0.1
49.15 0.115
49.35 0.12
49.6 0.145
49.85 0.155
49.95 0.175
49.95 0.165
49.95 0.175
49.95 0.17
49.95 0.18
50 0.17
49.95 0.18
49.95 0.17
49.95 0.185
49.95 0.175
49.95 0.18
49.95 0.175
49.95 0.175
49.95 0.17
49.95 0.18
49.95 0.175
49.95 0.18
49.95 0.175
50 0.185
49.95 0.175
49.95 0.18
49.95 0.175
