0.05 0.07
0.05 0.07
0.1 0.065
0.35 0.065
0.55 0.065
0.8 0.07
1 0.065
1.25 0.07
1.5 0.065
1.75 0.07
2 0.065
2.25 0.07
2.45 0.06
2.65 0.065
2.95 0.06
3.2 0.07
3.4 0.065
3.65 0.07
3.9 0.06
4.1 0.07
4.35 0.055
4.6 0.07
4.85 0.06
5.1 0.07
5.35 0.065
5.6 0.075
5.8 0.065
6.05 0.075
6.25 0.07
6.55 0.075
6.75 0.075
7 0.075
7.25 0.07
7.5 0.075
7.75 0.075
7.95 0.075
8.2 0.07
8.45 0.08
8.7 0.075
8.95 0.075
9.15 0.075
9.45 0.075
9.65 0.08
9.85 0.075
10.15 0.08
10.35 0.08
10.6 0.085
10.85 0.08
11.1 0.085
11.35 0.09
11.55 0.09
11.8 0.095
12 0.1
12.3 0.095
12.55 0.11
12.8 0.105
13.05 0.115
13.25 0.115
13.45 0.12
13.75 0.12
14 0.125
14.2 0.125
14.45 0.125
14.75 0.13
15 0.13
15.15 0.13
15.4 0.135
15.65 0.135
15.85 0.14
16.1 0.14
16.35 0.15
16.6 0.15
16.85 0.16
17.1 0.165
17.3 0.17
17.55 0.17
17.8 0.18
18.05 0.18
18.3 0.185
18.55 0.185
18.75 0.19
19 0.19
19.25 0.19
19.5 0.185
19.75 0.19
20 0.195
20.25 0.195
20.5 0.195
20.7 0.205
20.95 0.21
21.2 0.225
21.4 0.24
21.65 0.25
21.9 0.265
22.2 0.275
22.4 0.28
22.6 0.285
22.85 0.285
23.1 0.285
23.3 0.28
23.55 0.28
23.85 0.275
24.05 0.275
24.3 0.265
24.55 0.265
24.75 0.27
25 0.275
25.2 0.285
25.5 0.3
25.75 0.32
26 0.345
26.25 0.36
26.45 0.38
26.7 0.4
26.95 0.41
27.15 0.415
27.45 0.41
27.65 0.41
27.9 0.395
28.15 0.375
28.4 0.365
28.6 0.35
28.85 0.34
29.05 0.34
29.35 0.335
29.55 0.345
29.8 0.355
30.05 0.385
30.3 0.415
30.55 0.455
30.75 0.49
30.95 0.53
31.3 0.56
31.5 0.58
31.75 0.585
31.95 0.575
32.2 0.56
32.45 0.535
32.7 0.51
32.95 0.475
33.2 0.45
33.45 0.43
33.65 0.415
33.9 0.415
34.15 0.42
34.35 0.44
34.6 0.47
34.9 0.51
35.1 0.565
35.35 0.62
35.55 0.675
35.8 0.72
36.05 0.76
36.3 0.775
36.55 0.765
36.85 0.74
37.05 0.705
37.25 0.655
37.45 0.615
37.75 0.57
38 0.535
38.2 0.505
38.5 0.5
38.75 0.5
38.9 0.52
39.15 0.545
39.4 0.595
39.65 0.645
39.95 0.72
40.15 0.8
40.4 0.87
40.65 0.93
40.9 0.965
41.1 0.985
41.35 0.95
41.6 0.91
41.8 0.85
42.1 0.78
42.35 0.71
42.6 0.65
42.8 0.61
43 0.585
43.25 0.575
43.5 0.58
43.75 0.61
44.05 0.65
44.25 0.72
44.45 0.795
44.7 0.885
44.95 0.975
45.2 1.06
45.4 1.125
45.65 1.17
45.95 1.165
46.1 1.125
46.35 1.07
46.6 0.99
46.85 0.91
47.1 0.825
47.35 0.75
47.6 0.69
47.8 0.66
48.05 0.655
48.3 0.665
48.55 0.695
48.75 0.745
49 0.82
49.25 0.925
49.5 1.025
49.7 1.14
49.9 1.215
49.95 1.21
49.9 1.21
49.95 1.205
49.9 1.205
49.95 1.2
49.9 1.2
49.9 1.195
49.95 1.195
49.9 1.195
49.9 1.19
49.9 1.19
