0.05 0.055
0.1 0.065
0.35 0.055
0.6 0.06
0.85 0.055
1.1 0.065
1.3 0.06
1.55 0.07
1.85 0.055
2 0.07
2.3 0.055
2.5 0.065
2.75 0.055
2.95 0.065
3.2 0.06
3.45 0.065
3.7 0.06
3.95 0.07
4.2 0.07
4.45 0.07
4.65 0.07
4.9 0.07
5.15 0.065
5.45 0.07
5.6 0.07
5.85 0.07
6.1 0.065
6.35 0.07
6.6 0.07
6.85 0.06
7.1 0.065
7.35 0.06
7.5 0.07
7.8 0.06
8.05 0.07
8.25 0.065
8.5 0.07
8.75 0.065
9 0.07
9.2 0.065
9.5 0.07
9.75 0.06
9.95 0.07
10.2 0.06
10.4 0.07
10.65 0.06
10.9 0.07
11.15 0.06
11.4 0.075
11.65 0.065
11.85 0.08
12.15 0.065
12.35 0.08
12.6 0.075
12.85 0.085
13.1 0.08
13.35 0.09
13.6 0.085
13.85 0.09
14.1 0.09
14.3 0.095
14.55 0.09
14.8 0.095
15 0.09
15.25 0.1
15.5 0.095
15.7 0.1
16 0.1
16.2 0.1
16.45 0.105
16.75 0.105
16.95 0.11
17.15 0.11
17.35 0.12
17.6 0.11
17.9 0.125
18.1 0.12
18.35 0.125
18.6 0.12
18.85 0.13
19.1 0.12
19.35 0.125
19.55 0.115
19.8 0.125
20.05 0.115
20.3 0.12
20.55 0.115
20.8 0.125
21 0.125
21.3 0.135
21.5 0.135
21.75 0.15
21.95 0.15
22.2 0.165
22.45 0.165
22.7 0.18
22.95 0.17
23.15 0.18
23.4 0.17
23.65 0.175
23.9 0.165
24.15 0.165
24.35 0.16
24.6 0.155
24.85 0.155
25.05 0.16
25.35 0.16
25.55 0.175
25.8 0.18
26.05 0.2
26.25 0.215
26.55 0.23
26.75 0.24
26.95 0.245
27.25 0.25
27.45 0.25
27.7 0.245
28 0.23
28.2 0.225
28.45 0.21
28.7 0.205
28.9 0.185
29.15 0.185
29.4 0.175
29.65 0.185
29.9 0.19
30.15 0.205
30.35 0.215
30.6 0.245
30.85 0.27
31.05 0.3
31.35 0.31
31.65 0.33
31.85 0.33
32.05 0.335
32.3 0.32
32.55 0.315
32.75 0.28
33 0.275
33.3 0.245
33.5 0.24
33.75 0.215
33.95 0.22
34.2 0.21
34.45 0.22
34.7 0.23
34.95 0.26
35.2 0.285
35.45 0.33
35.65 0.37
35.9 0.405
36.15 0.42
36.4 0.435
36.6 0.435
36.85 0.425
37.1 0.405
37.3 0.375
37.6 0.345
37.8 0.31
38.05 0.29
38.3 0.26
38.55 0.25
38.75 0.23
39 0.24
39.25 0.25
39.5 0.275
39.7 0.305
39.95 0.36
40.2 0.4
40.4 0.46
40.7 0.495
40.95 0.53
41.15 0.53
41.4 0.53
41.65 0.5
41.9 0.47
42.15 0.425
42.35 0.385
42.65 0.335
42.85 0.31
43.1 0.27
43.35 0.265
43.55 0.25
43.85 0.27
44.05 0.28
44.35 0.32
44.5 0.365
44.75 0.425
45 0.485
45.2 0.55
45.45 0.595
45.7 0.63
46 0.63
46.2 0.62
46.45 0.585
46.7 0.54
46.9 0.49
47.15 0.435
47.4 0.385
47.65 0.345
47.9 0.305
48.15 0.285
48.35 0.285
48.6 0.285
48.8 0.315
49.05 0.35
49.35 0.41
49.55 0.48
49.8 0.555
49.9 0.585
49.95 0.59
