0.1 0.06
0.15 0.07
0.35 0.07
0.55 0.07
0.85 0.065
1.1 0.07
1.3 0.07
1.5 0.075
1.8 0.07
2 0.075
2.25 0.07
2.55 0.07
2.8 0.07
3 0.07
3.25 0.07
3.45 0.065
3.75 0.07
3.95 0.065
4.25 0.07
4.45 0.06
4.7 0.07
4.9 0.065
5.15 0.07
5.4 0.065
5.65 0.07
5.85 0.065
6.15 0.07
6.35 0.065
6.6 0.075
6.85 0.06
7.1 0.07
7.3 0.06
7.55 0.07
7.8 0.06
8.05 0.07
8.3 0.06
8.5 0.075
8.75 0.06
9.05 0.075
9.25 0.065
9.55 0.07
9.75 0.06
9.95 0.075
10.25 0.07
10.5 0.075
10.7 0.07
10.95 0.075
11.2 0.07
11.4 0.075
11.7 0.07
11.95 0.08
12.15 0.075
12.35 0.08
12.65 0.08
12.85 0.08
13.1 0.08
13.35 0.08
13.6 0.08
13.85 0.08
14.05 0.08
14.3 0.08
14.55 0.085
14.75 0.08
15.05 0.085
15.25 0.08
15.5 0.085
15.7 0.08
16 0.09
16.25 0.08
16.45 0.09
16.7 0.08
17 0.095
17.2 0.085
17.4 0.095
17.65 0.09
17.9 0.1
18.15 0.09
18.4 0.1
18.6 0.09
18.85 0.105
19.05 0.095
19.3 0.105
19.5 0.095
19.8 0.105
20.05 0.095
20.25 0.1
20.55 0.095
20.85 0.105
21.05 0.11
21.3 0.115
21.5 0.115
21.7 0.12
22 0.12
22.25 0.13
22.5 0.13
22.75 0.135
22.95 0.135
23.2 0.135
23.4 0.13
23.6 0.125
23.9 0.125
24.15 0.12
24.35 0.12
24.6 0.115
24.85 0.115
25.1 0.11
25.3 0.12
25.55 0.115
25.85 0.13
26.05 0.13
26.3 0.145
26.55 0.15
26.75 0.165
26.95 0.165
27.3 0.17
27.5 0.165
27.7 0.17
28.05 0.155
28.2 0.16
28.4 0.145
28.7 0.145
28.9 0.13
29.2 0.135
29.4 0.12
29.65 0.125
29.9 0.12
30.15 0.135
30.45 0.14
30.65 0.16
30.85 0.175
31.05 0.195
31.3 0.21
31.6 0.22
31.85 0.225
32.05 0.23
32.35 0.215
32.5 0.21
32.8 0.2
33 0.185
33.25 0.17
33.5 0.155
33.75 0.15
34.05 0.14
34.2 0.14
34.4 0.135
34.7 0.145
34.9 0.15
35.2 0.18
35.45 0.195
35.65 0.225
35.9 0.24
36.15 0.26
36.35 0.265
36.65 0.27
36.9 0.255
37.1 0.255
37.35 0.23
37.6 0.22
37.8 0.195
38.05 0.185
38.3 0.16
38.55 0.16
38.8 0.14
39.05 0.145
39.25 0.14
39.55 0.165
39.75 0.17
39.95 0.21
40.2 0.23
40.45 0.265
40.7 0.29
40.95 0.315
41.2 0.325
41.4 0.325
41.65 0.315
41.95 0.3
42.15 0.275
42.4 0.25
42.65 0.22
42.85 0.205
43.15 0.18
43.4 0.17
43.55 0.16
43.8 0.16
44.05 0.16
44.3 0.175
44.6 0.205
44.8 0.23
45.05 0.27
45.3 0.305
45.5 0.34
45.75 0.36
45.95 0.37
46.2 0.365
46.5 0.355
46.7 0.32
46.9 0.305
47.15 0.265
47.4 0.245
47.6 0.205
47.9 0.19
48.15 0.17
48.35 0.17
48.6 0.155
48.9 0.175
49.1 0.185
49.35 0.215
49.55 0.25
49.85 0.3
49.9 0.31
49.95 0.32
49.95 0.31
49.95 0.325
49.95 0.32
49.95 0.325
50 0.32
49.9 0.32
49.9 0.315
