1.583767 0.173325
-1.671837 -0.170387
1.583767 0.173325
-1.671837 -0.170387
1.548609 0.173554
1.460695 0.176588
-1.752178 -0.174156
-1.716181 -0.172037
-1.683488 -0.173258
-1.667761 -0.172027
1.548609 0.173554
1.460695 0.176588
-1.752178 -0.174156
1.684958 0.256631
1.361473 0.25902
1.361473 0.25902
-0.645435 0.0
2.822918 -0.434153
-0.645799 0.840102
2.822918 -0.434153
-0.645799 0.840102
-0.645435 0.0
-0.645435 0.0
2.511034 -0.848544
-0.785398 0.843405
2.514135 -0.832982
-0.785398 0.843405
2.511034 -0.848544
-0.645688 0.0
-0.645435 0.0
-0.645435 0.0
-0.645688 0.0
-1.298959 -0.858674
-1.298635 -0.859081
-1.298746 -0.857068
-1.298746 -0.857068
-0.931798 -0.114241
0.502641 1.262149
0.502641 1.262149
-2.63887 -1.261741
-2.63887 -1.261741
1.633538 0.054136
-1.448832 -0.017464
1.570796 0.058677
1.570796 0.058677
-1.468877 0.0
-1.495692 -0.136535
1.66908 0.144686
-1.495692 -0.136535
1.66908 0.144686
-1.468877 0.0
-1.468995 0.0
-1.468483 -0.0
1.642541 0.146924
1.642541 0.146924
-1.469004 0.0
-1.468877 0.0
-1.468995 0.0
-1.469181 0.0
-1.468483 -0.0
-1.469687 0.0
1.524461 -0.348067
1.524461 -0.348067
1.428768 -0.305137
1.428768 -0.305137
1.45586 0.418097
-1.684806 -0.421238
1.45586 0.418097
1.456786 0.421238
-1.685213 -0.420014
-1.685213 -0.420014
1.681599 0.840003
1.681599 0.840003
1.683154 0.841799
1.683154 0.841799
1.367253 0.314898
1.367253 0.314898
1.539437 0.320608
1.539437 0.320608
2.748299 -0.191834
-0.382083 0.195502
2.748299 -0.191834
-0.382083 0.195502
1.381699 0.467742
1.381485 0.467856
1.379725 0.468942
1.379725 0.468942
-2.070294 0.641051
0.972194 -0.592659
-2.070294 0.641051
0.972194 -0.592659
1.113109 0.047745
0.895817 0.707091
-2.245775 -0.707091
0.890211 0.696851
0.890211 0.696851
1.195274 -0.105617
-1.936461 0.107773
1.195274 -0.105617
-1.936461 0.107773
1.190811 -0.102363
1.190811 -0.102363
0.745427 0.336159
1.581858 0.194549
1.583041 0.19294
1.581858 0.194549
1.95938 -0.286839
1.95938 -0.286839
1.962925 -0.283048
1.962925 -0.283048
1.565377 0.279846
1.377329 0.303016
1.377329 0.303016
-1.713934 0.983265
1.438384 -1.010646
1.427659 -0.983265
1.438384 -1.010646
-1.790133 -1.630425
-1.790133 -1.630425
1.353131 1.630094
1.353131 1.630094
-1.606495 -0.0
1.476454 -0.318293
1.476454 -0.318293
-1.606495 -0.0
-1.606495 -0.0
1.571042 -0.311065
1.571042 -0.311065
-1.606283 -0.0
-1.606495 -0.0
-1.606495 -0.0
-1.606283 -0.0
-1.55931 -0.359495
1.602924 0.287767
-1.55931 -0.359495
1.602924 0.287767
-1.566161 -0.362015
1.600826 0.291956
-1.566161 -0.362015
1.600826 0.291956
1.538877 0.455703
1.538877 0.455703
-1.558546 -0.081401
1.537956 0.454282
1.537956 0.454282
1.708731 0.421615
1.708773 0.421743
1.712905 0.425813
1.712905 0.425813
-2.080075 -0.471396
-2.080075 -0.471396
-2.068746 -0.475866
-2.068746 -0.475866
1.061973 -1.243404
1.061973 -1.243404
1.737741 -0.168868
-1.408362 0.16755
1.737741 -0.168868
-1.408362 0.16755
1.570918 -0.174969
-1.425957 0.166851
-1.425957 0.166851
1.570918 -0.174969
-0.993537 -0.286167
2.146901 0.291987
-0.993537 -0.286167
2.146901 0.291987
0.676604 0.629938
-2.464989 -0.629938
0.677147 0.621872
0.677147 0.621872
-2.049851 0.447456
-2.054569 0.445044
-2.054569 0.445044
1.173415 0.50605
1.173415 0.50605
1.164672 0.504082
1.164672 0.504082
1.75813 0.844926
1.75813 0.844926
-1.00752 0.0
2.138697 -0.283189
-1.013234 0.282769
2.138697 -0.283189
-1.013234 0.282769
-1.00752 0.0
-1.007466 0.0
-0.999718 -0.0
-1.012674 0.284498
-1.012674 0.284498
-1.007295 0.0
-1.00752 0.0
-1.007466 0.0
-1.007304 0.0
-0.999718 -0.0
-0.976534 -0.0
2.292645 -1.410124
2.292645 -1.410124
-0.655402 -0.459079
-0.655402 -0.459079
1.522464 0.102239
1.522464 0.102239
2.458364 0.654449
1.944398 0.263306
1.944398 0.263306
2.029509 -0.058337
1.936542 -0.041601
-1.128467 0.043485
2.029509 -0.058337
1.936542 -0.041601
-1.128467 0.043485
2.022439 -0.083641
1.35051 -0.072007
-1.178097 0.044996
-1.111213 0.046112
-1.250238 0.046494
-1.11075 0.045882
1.592261 -0.101244
2.022439 -0.083641
-1.178097 0.044996
0.695958 0.352061
1.185696 0.398656
1.185696 0.398656
-1.730946 -0.34696
1.401503 0.330088
-1.730946 -0.34696
1.401503 0.330088
1.29934 0.359574
1.282146 0.363039
-1.722635 -0.353744
-1.722635 -0.353744
1.29934 0.359574
1.385162 -1.115641
-1.756431 1.115641
1.383744 -1.116157
1.383744 -1.116157
2.131445 0.582227
-0.982034 -0.595302
2.131445 0.582227
-0.982034 -0.595302
-1.05897 -0.39804
2.126965 0.580761
2.126965 0.580761
-1.05897 -0.39804
1.401456 0.188461
1.401456 0.188461
-2.428079 0.0
0.712673 -0.080109
0.712673 -0.080109
-2.428079 0.0
-2.428079 0.0
-2.428168 0.0
-2.428079 0.0
-2.428079 0.0
-2.428168 0.0
-1.539138 -0.386576
1.604694 0.380669
-1.540194 -0.394795
1.604694 0.380669
-1.540194 -0.394795
-1.539138 -0.386576
-1.538819 -0.382249
-1.539116 -0.384116
1.60518 0.381044
1.60518 0.381044
-1.539159 -0.386734
-1.538824 -0.382158
-1.539189 -0.385044
-1.539159 -0.386734
-1.538824 -0.382158
-1.539189 -0.385044
-1.538634 0.0
-1.538996 0.0
-1.539313 0.0
-1.537332 0.0
-1.53779 -0.0
-1.538271 0.0
-1.627881 0.766074
-1.627881 0.766074
1.514964 -0.768011
1.514964 -0.768011
1.322622 0.469599
1.322583 0.469701
1.321513 0.469625
1.321513 0.469625
