1.583767
-1.671837
1.583767
-1.671837
1.548609
1.460695
-1.752178
-1.716181
-1.683488
-1.667761
1.548609
1.460695
-1.752178
1.684958
1.361473
1.361473
-0.645435
2.822918
-0.645799
2.822918
-0.645799
-0.645435
-0.645435
2.511034
-0.785398
2.514135
-0.785398
2.511034
-0.645688
-0.645435
-0.645435
-0.645688
-1.298959
-1.298635
-1.298746
-1.298746
-0.931798
0.502641
0.502641
-2.638870
-2.638870
1.633538
-1.448832
1.570796
1.570796
-1.468877
-1.495692
1.669080
-1.495692
1.669080
-1.468877
-1.468995
-1.468483
1.642541
1.642541
-1.469004
-1.468877
-1.468995
-1.469181
-1.468483
-1.469687
1.524461
1.524461
1.428768
1.428768
1.455860
-1.684806
1.455860
1.456786
-1.685213
-1.685213
1.681599
1.681599
1.683154
1.683154
1.367253
1.367253
1.539437
1.539437
2.748299
-0.382083
2.748299
-0.382083
1.381699
1.381485
1.379725
1.379725
-2.070294
0.972194
-2.070294
0.972194
1.113109
0.895817
-2.245775
0.890211
0.890211
1.195274
-1.936461
1.195274
-1.936461
1.190811
1.190811
0.745427
1.581858
1.583041
1.581858
1.959380
1.959380
1.962925
1.962925
1.565377
1.377329
1.377329
-1.713934
1.438384
1.427659
1.438384
-1.790133
-1.790133
1.353131
1.353131
-1.606495
1.476454
1.476454
-1.606495
-1.606495
1.571042
1.571042
-1.606283
-1.606495
-1.606495
-1.606283
-1.559310
1.602924
-1.559310
1.602924
-1.566161
1.600826
-1.566161
1.600826
1.538877
1.538877
-1.558546
1.537956
1.537956
1.708731
1.708773
1.712905
1.712905
-2.080075
-2.080075
-2.068746
-2.068746
1.061973
1.061973
1.737741
-1.408362
1.737741
-1.408362
1.570918
-1.425957
-1.425957
1.570918
-0.993537
2.146901
-0.993537
2.146901
0.676604
-2.464989
0.677147
0.677147
-2.049851
-2.054569
-2.054569
1.173415
1.173415
1.164672
1.164672
1.758130
1.758130
-1.007520
2.138697
-1.013234
2.138697
-1.013234
-1.007520
-1.007466
-0.999718
-1.012674
-1.012674
-1.007295
-1.007520
-1.007466
-1.007304
-0.999718
-0.976534
2.292645
2.292645
-0.655402
-0.655402
1.522464
1.522464
2.458364
1.944398
1.944398
2.029509
1.936542
-1.128467
2.029509
1.936542
-1.128467
2.022439
1.350510
-1.178097
-1.111213
-1.250238
-1.110750
1.592261
2.022439
-1.178097
0.695958
1.185696
1.185696
-1.730946
1.401503
-1.730946
1.401503
1.299340
1.282146
-1.722635
-1.722635
1.299340
1.385162
-1.756431
1.383744
1.383744
2.131445
-0.982034
2.131445
-0.982034
-1.058970
2.126965
2.126965
-1.058970
1.401456
1.401456
-2.428079
0.712673
0.712673
-2.428079
-2.428079
-2.428168
-2.428079
-2.428079
-2.428168
-1.539138
1.604694
-1.540194
1.604694
-1.540194
-1.539138
-1.538819
-1.539116
1.605180
1.605180
-1.539159
-1.538824
-1.539189
-1.539159
-1.538824
-1.539189
-1.538634
-1.538996
-1.539313
-1.537332
-1.537790
-1.538271
-1.627881
-1.627881
1.514964
1.514964
1.322622
1.322583
1.321513
1.321513
1.583767
-1.671837
1.583767
-1.671837
1.548609
1.460695
-1.752178
-1.716181
-1.683488
-1.667761
1.548609
1.460695
-1.752178
1.684958
1.361473
1.361473
-0.645435
2.822918
-0.645799
2.822918
-0.645799
-0.645435
-0.645435
2.511034
-0.785398
2.514135
-0.785398
2.511034
-0.645688
-0.645435
-0.645435
-0.645688
-1.298959
-1.298635
-1.298746
-1.298746
-0.931798
0.502641
0.502641
-2.638870
-2.638870
1.633538
-1.448832
1.570796
1.570796
-1.468877
-1.495692
1.669080
-1.495692
1.669080
-1.468877
-1.468995
-1.468483
1.642541
1.642541
-1.469004
-1.468877
-1.468995
-1.469181
-1.468483
-1.469687
1.524461
1.524461
1.428768
1.428768
1.455860
-1.684806
1.455860
1.456786
-1.685213
-1.685213
1.681599
1.681599
1.683154
1.683154
1.367253
1.367253
1.539437
1.539437
2.748299
-0.382083
2.748299
-0.382083
1.381699
1.381485
1.379725
1.379725
-2.070294
0.972194
-2.070294
0.972194
1.113109
0.895817
-2.245775
0.890211
0.890211
1.195274
-1.936461
1.195274
-1.936461
1.190811
1.190811
0.745427
1.581858
1.583041
1.581858
1.959380
1.959380
1.962925
1.962925
1.565377
1.377329
1.377329
-1.713934
1.438384
1.427659
1.438384
-1.790133
-1.790133
1.353131
1.353131
-1.606495
1.476454
1.476454
-1.606495
-1.606495
1.571042
1.571042
-1.606283
-1.606495
-1.606495
-1.606283
-1.559310
1.602924
-1.559310
1.602924
-1.566161
1.600826
-1.566161
1.600826
1.538877
1.538877
-1.558546
1.537956
1.537956
1.708731
1.708773
1.712905
1.712905
-2.080075
-2.080075
-2.068746
-2.068746
1.061973
1.061973
1.737741
-1.408362
1.737741
-1.408362
1.570918
-1.425957
-1.425957
1.570918
-0.993537
2.146901
-0.993537
2.146901
0.676604
-2.464989
0.677147
0.677147
-2.049851
-2.054569
-2.054569
1.173415
1.173415
1.164672
1.164672
1.758130
1.758130
-1.007520
2.138697
-1.013234
2.138697
-1.013234
-1.007520
-1.007466
-0.999718
-1.012674
-1.012674
-1.007295
-1.007520
-1.007466
-1.007304
-0.999718
-0.976534
2.292645
2.292645
-0.655402
-0.655402
1.522464
1.522464
2.458364
1.944398
1.944398
2.029509
1.936542
-1.128467
2.029509
1.936542
-1.128467
2.022439
1.350510
-1.178097
-1.111213
-1.250238
-1.110750
1.592261
2.022439
-1.178097
0.695958
1.185696
1.185696
-1.730946
1.401503
-1.730946
1.401503
1.299340
1.282146
-1.722635
-1.722635
1.299340
1.385162
-1.756431
1.383744
1.383744
2.131445
-0.982034
2.131445
-0.982034
-1.058970
2.126965
2.126965
-1.058970
1.401456
1.401456
-2.428079
0.712673
0.712673
-2.428079
-2.428079
-2.428168
-2.428079
-2.428079
-2.428168
-1.539138
1.604694
-1.540194
1.604694
-1.540194
-1.539138
-1.538819
-1.539116
1.605180
1.605180
-1.539159
-1.538824
-1.539189
-1.539159
-1.538824
-1.539189
-1.538634
-1.538996
-1.539313
-1.537332
-1.537790
-1.538271
-1.627881
-1.627881
1.514964
1.514964
1.322622
1.322583
1.321513
1.321513
