-28.8686	0
-28.6497	0
-28.4308	0
-28.2118	0
-27.9929	0
-27.774	0
-27.5551	0
-27.3362	0
-27.1173	0
-26.8983	0
-26.6794	0
-26.4605	0
-26.2416	0
-26.0227	0
-25.8038	0
-25.5848	0
-25.3659	0
-25.147	0
-24.9281	0
-24.7092	0
-24.4903	0
-24.2713	0
-24.0524	0
-23.8335	0
-23.6146	0
-23.3957	0
-23.1768	0
-22.9578	0
-22.7389	0
-22.52	0
-22.3011	1
-22.0822	0
-21.8633	0
-21.6443	0
-21.4254	0
-21.2065	0
-20.9876	0
-20.7687	0
-20.5498	0
-20.3308	0
-20.1119	0
-19.893	0
-19.6741	0
-19.4552	0
-19.2363	0
-19.0173	0
-18.7984	0
-18.5795	0
-18.3606	0
-18.1417	0
-17.9228	0
-17.7038	0
-17.4849	0
-17.266	0
-17.0471	0
-16.8282	0
-16.6092	0
-16.3903	0
-16.1714	0
-15.9525	0
-15.7336	0
-15.5147	0
-15.2957	0
-15.0768	0
-14.8579	0
-14.639	0
-14.4201	0
-14.2012	0
-13.9822	0
-13.7633	0
-13.5444	0
-13.3255	0
-13.1066	0
-12.8877	0
-12.6687	0
-12.4498	0
-12.2309	0
-12.012	0
-11.7931	0
-11.5742	0
-11.3552	0
-11.1363	0
-10.9174	0
-10.6985	0
-10.4796	0
-10.2607	1
-10.0417	0
-9.82282	0
-9.6039	0
-9.38499	0
-9.16607	2
-8.94715	4
-8.72824	4
-8.50932	5
-8.2904	5
-8.07148	4
-7.85257	2
-7.63365	8
-7.41473	8
-7.19582	9
-6.9769	10
-6.75798	15
-6.53907	19
-6.32015	8
-6.10123	13
-5.88232	16
-5.6634	18
-5.44448	21
-5.22556	22
-5.00665	26
-4.78773	31
-4.56881	37
-4.3499	25
-4.13098	30
-3.91206	42
-3.69315	45
-3.47423	50
-3.25531	50
-3.03639	50
-2.81748	52
-2.59856	54
-2.37964	47
-2.16073	44
-1.94181	59
-1.72289	49
-1.50398	63
-1.28506	50
-1.06614	63
-0.847224	65
-0.628307	52
-0.40939	56
-0.190473	53
0.028444	60
0.247361	59
0.466278	64
0.685195	66
0.904112	50
1.12303	54
1.34195	66
1.56086	57
1.77978	71
1.9987	69
2.21761	62
2.43653	67
2.65545	67
2.87437	63
3.09328	47
3.3122	69
3.53112	68
3.75003	63
3.96895	71
4.18787	72
4.40678	61
4.6257	60
4.84462	52
5.06354	55
5.28245	71
5.50137	63
5.72029	71
5.9392	60
6.15812	73
6.37704	59
6.59595	68
6.81487	58
7.03379	76
7.2527	61
7.47162	62
7.69054	71
7.90946	79
8.12837	59
8.34729	70
8.56621	70
8.78512	51
9.00404	62
9.22296	64
9.44187	58
9.66079	54
9.87971	73
10.0986	62
10.3175	65
10.5365	62
10.7554	72
10.9743	70
11.1932	71
11.4121	59
11.631	68
11.85	87
12.0689	68
12.2878	65
12.5067	72
12.7256	63
12.9445	74
13.1635	72
13.3824	74
13.6013	72
13.8202	72
14.0391	71
14.258	63
14.477	80
14.6959	67
14.9148	71
15.1337	73
15.3526	76
15.5716	68
15.7905	65
16.0094	58
16.2283	62
16.4472	59
16.6661	73
16.8851	61
17.104	79
17.3229	77
17.5418	75
17.7607	54
17.9796	74
18.1986	63
18.4175	56
18.6364	76
18.8553	69
19.0742	67
19.2931	79
19.5121	62
19.731	71
19.9499	71
20.1688	73
20.3877	62
20.6066	81
20.8256	82
21.0445	74
21.2634	83
21.4823	83
21.7012	85
21.9201	61
22.1391	57
22.358	77
22.5769	75
22.7958	76
23.0147	73
23.2336	62
23.4526	64
23.6715	73
23.8904	77
24.1093	82
24.3282	65
24.5471	66
24.7661	75
24.985	69
25.2039	59
25.4228	80
25.6417	77
25.8607	75
26.0796	74
26.2985	93
26.5174	83
26.7363	70
26.9552	67
27.1742	84
27.3931	78
27.612	64
27.8309	71
28.0498	74
28.2687	53
28.4877	71
28.7066	67
28.9255	87
29.1444	70
29.3633	78
29.5822	60
29.8012	75
30.0201	79
30.239	77
30.4579	76
30.6768	74
30.8957	60
31.1147	72
31.3336	65
31.5525	59
31.7714	59
31.9903	61
32.2092	64
32.4282	71
32.6471	76
32.866	71
33.0849	69
33.3038	68
33.5227	56
33.7417	69
33.9606	72
34.1795	73
34.3984	65
34.6173	64
34.8362	71
35.0552	74
35.2741	77
35.493	76
35.7119	66
35.9308	72
36.1497	81
36.3687	77
36.5876	76
36.8065	80
37.0254	75
37.2443	62
37.4633	71
37.6822	69
37.9011	71
38.12	67
38.3389	69
38.5578	75
38.7768	71
38.9957	81
39.2146	62
39.4335	68
39.6524	71
39.8713	78
40.0903	74
40.3092	57
40.5281	79
40.747	76
40.9659	80
41.1848	73
41.4038	79
41.6227	65
41.8416	65
42.0605	67
42.2794	76
42.4983	92
42.7173	73
42.9362	72
43.1551	76
43.374	80
43.5929	95
43.8118	68
44.0308	78
44.2497	83
44.4686	78
44.6875	74
44.9064	68
45.1253	82
45.3443	76
45.5632	78
45.7821	67
46.001	75
46.2199	67
46.4388	63
46.6578	93
46.8767	81
47.0956	83
47.3145	66
47.5334	88
47.7523	89
47.9713	71
48.1902	62
48.4091	77
48.628	104
48.8469	71
49.0659	76
49.2848	82
49.5037	99
49.7226	73
49.9415	75
50.1604	83
50.3794	78
50.5983	88
50.8172	76
51.0361	83
51.255	78
51.4739	71
51.6929	84
51.9118	82
52.1307	92
52.3496	76
52.5685	74
52.7874	79
53.0064	85
53.2253	72
53.4442	71
53.6631	78
53.882	72
54.1009	85
54.3199	72
54.5388	68
54.7577	98
54.9766	86
55.1955	76
55.4144	64
55.6334	72
55.8523	70
56.0712	82
56.2901	96
56.509	63
56.7279	64
56.9469	86
57.1658	75
57.3847	70
57.6036	79
57.8225	79
58.0414	71
58.2604	70
58.4793	86
58.6982	77
58.9171	82
59.136	90
59.355	71
59.5739	67
59.7928	69
60.0117	67
60.2306	84
60.4495	83
60.6685	70
60.8874	79
61.1063	81
61.3252	69
61.5441	66
61.763	81
61.982	82
62.2009	93
62.4198	77
62.6387	87
62.8576	89
63.0765	79
63.2955	75
63.5144	74
63.7333	97
63.9522	88
64.1711	101
64.39	72
64.609	70
64.8279	85
65.0468	80
65.2657	81
65.4846	71
65.7035	88
65.9225	66
66.1414	85
66.3603	97
66.5792	78
66.7981	80
67.017	95
67.236	95
67.4549	73
67.6738	95
67.8927	82
68.1116	76
68.3305	82
68.5495	72
68.7684	80
68.9873	75
69.2062	87
69.4251	88
69.644	71
69.863	76
70.0819	79
70.3008	85
70.5197	80
70.7386	79
70.9576	78
71.1765	97
71.3954	75
71.6143	78
71.8332	85
72.0521	61
72.2711	69
72.49	73
72.7089	68
72.9278	73
73.1467	81
73.3656	80
73.5846	84
73.8035	66
74.0224	75
74.2413	84
74.4602	66
74.6791	78
74.8981	77
75.117	83
75.3359	80
75.5548	81
75.7737	79
75.9926	61
76.2116	57
76.4305	88
76.6494	83
76.8683	70
77.0872	69
77.3061	62
77.5251	79
77.744	63
77.9629	67
78.1818	67
78.4007	76
78.6196	74
78.8386	66
79.0575	77
79.2764	87
79.4953	65
79.7142	68
79.9331	80
80.1521	76
80.371	67
80.5899	84
80.8088	78
81.0277	84
81.2467	72
81.4656	70
81.6845	79
81.9034	83
82.1223	76
82.3412	77
82.5602	87
82.7791	87
82.998	60
83.2169	86
83.4358	72
83.6547	84
83.8737	68
84.0926	76
84.3115	85
84.5304	74
84.7493	63
84.9682	68
85.1872	87
85.4061	83
85.625	81
85.8439	78
86.0628	75
86.2817	71
86.5007	64
86.7196	70
86.9385	75
87.1574	80
87.3763	76
87.5952	75
87.8142	89
88.0331	73
88.252	97
88.4709	73
88.6898	89
88.9087	64
89.1277	66
89.3466	80
89.5655	71
89.7844	84
90.0033	77
90.2222	83
90.4412	79
90.6601	77
90.879	72
91.0979	72
91.3168	74
91.5357	76
91.7547	88
91.9736	76
92.1925	92
92.4114	77
92.6303	77
92.8493	83
93.0682	81
93.2871	77
93.506	80
93.7249	93
93.9438	71
94.1628	79
94.3817	98
94.6006	87
94.8195	75
95.0384	82
95.2573	64
95.4763	90
95.6952	100
95.9141	82
96.133	86
96.3519	77
96.5708	72
96.7898	89
97.0087	73
97.2276	91
97.4465	78
97.6654	68
97.8843	90
98.1033	66
98.3222	90
98.5411	81
98.76	92
98.9789	87
99.1978	83
99.4168	81
99.6357	63
99.8546	76
100.074	87
100.292	88
100.511	81
100.73	80
100.949	80
101.168	74
101.387	74
101.606	100
101.825	82
102.044	74
102.263	73
102.482	78
102.701	82
102.919	76
103.138	77
103.357	80
103.576	61
103.795	88
104.014	88
104.233	75
104.452	78
104.671	79
104.89	77
105.109	69
105.328	86
105.546	90
105.765	83
105.984	83
106.203	78
106.422	80
106.641	82
106.86	85
107.079	83
107.298	80
107.517	96
107.736	102
107.955	84
108.173	95
108.392	82
108.611	71
108.83	76
109.049	88
109.268	70
109.487	73
109.706	81
109.925	75
110.144	75
110.363	75
110.582	76
110.8	90
111.019	89
111.238	78
111.457	73
111.676	81
111.895	82
112.114	70
112.333	89
112.552	80
112.771	76
112.99	79
113.209	89
113.427	103
113.646	79
113.865	83
114.084	81
114.303	84
114.522	72
114.741	74
114.96	92
115.179	81
115.398	88
115.617	92
115.836	100
116.054	87
116.273	92
116.492	100
116.711	81
116.93	71
117.149	89
117.368	86
117.587	76
117.806	72
118.025	84
118.244	100
118.463	89
118.681	75
118.9	101
119.119	88
119.338	100
119.557	96
119.776	92
119.995	76
120.214	86
120.433	87
120.652	81
120.871	86
121.09	78
121.308	81
121.527	77
121.746	68
121.965	82
122.184	83
122.403	78
122.622	84
122.841	81
123.06	90
123.279	78
123.498	92
123.717	85
123.935	92
124.154	99
124.373	94
124.592	81
124.811	75
125.03	85
125.249	93
125.468	86
125.687	78
125.906	78
126.125	94
126.344	73
126.562	89
126.781	93
127	94
127.219	83
127.438	89
127.657	75
127.876	85
128.095	97
128.314	92
128.533	92
128.752	91
128.971	83
129.189	75
129.408	97
129.627	100
129.846	81
130.065	102
130.284	90
130.503	107
130.722	78
130.941	85
131.16	80
131.379	94
131.598	98
131.816	81
132.035	96
132.254	91
132.473	102
132.692	93
132.911	91
133.13	91
133.349	103
133.568	81
133.787	89
134.006	92
134.225	110
134.443	102
134.662	89
134.881	98
135.1	99
135.319	116
135.538	97
135.757	95
135.976	87
136.195	69
136.414	89
136.633	75
136.852	79
137.07	95
137.289	92
137.508	76
137.727	76
137.946	86
138.165	93
138.384	87
138.603	89
138.822	67
139.041	96
139.26	110
139.479	77
139.697	91
139.916	97
140.135	81
140.354	92
140.573	92
140.792	89
141.011	89
141.23	88
141.449	94
141.668	89
141.887	107
142.106	107
142.324	107
142.543	103
142.762	96
142.981	92
143.2	72
143.419	87
143.638	102
143.857	102
144.076	98
144.295	101
144.514	96
144.733	94
144.951	89
145.17	108
145.389	107
145.608	101
145.827	94
146.046	101
146.265	104
146.484	95
146.703	104
146.922	86
147.141	101
147.36	117
147.579	104
147.797	85
148.016	99
148.235	117
148.454	103
148.673	116
148.892	85
149.111	117
149.33	99
149.549	111
149.768	93
149.987	105
150.206	94
150.424	102
150.643	119
150.862	114
151.081	97
151.3	112
151.519	116
151.738	106
151.957	96
152.176	117
152.395	105
152.614	114
152.833	127
153.051	115
153.27	111
153.489	114
153.708	115
153.927	115
154.146	119
154.365	123
154.584	98
154.803	130
155.022	95
155.241	111
155.46	115
155.678	119
155.897	118
156.116	101
156.335	122
156.554	105
156.773	111
156.992	121
157.211	112
157.43	115
157.649	122
157.868	126
158.087	122
158.305	139
158.524	123
158.743	126
158.962	115
159.181	128
159.4	120
159.619	109
159.838	124
160.057	139
160.276	145
160.495	111
160.714	113
160.932	103
161.151	113
161.37	104
161.589	138
161.808	123
162.027	132
162.246	131
162.465	133
162.684	141
162.903	135
163.122	129
163.341	110
163.559	126
163.778	122
163.997	115
164.216	125
164.435	126
164.654	135
164.873	121
165.092	111
165.311	133
165.53	120
165.749	136
165.968	127
166.186	133
166.405	132
166.624	123
166.843	145
167.062	129
167.281	126
167.5	128
167.719	128
167.938	142
168.157	112
168.376	145
168.595	140
168.813	137
169.032	124
169.251	113
169.47	134
169.689	136
169.908	126
170.127	123
170.346	135
170.565	124
170.784	120
171.003	136
171.222	149
171.44	150
171.659	133
171.878	142
172.097	135
172.316	129
172.535	129
172.754	135
172.973	141
173.192	143
173.411	145
173.63	143
173.849	134
174.067	131
174.286	138
174.505	117
174.724	141
174.943	135
175.162	126
175.381	130
175.6	113
175.819	124
176.038	165
176.257	127
176.476	139
176.694	106
176.913	123
177.132	124
177.351	130
177.57	123
177.789	113
178.008	134
178.227	127
178.446	109
178.665	118
178.884	107
179.103	124
179.321	102
179.54	123
179.759	125
179.978	126
180.197	137
180.416	110
180.635	115
180.854	128
181.073	113
181.292	148
181.511	127
181.73	125
181.948	125
182.167	103
182.386	132
182.605	131
182.824	135
183.043	139
183.262	110
183.481	119
183.7	108
183.919	115
184.138	126
184.357	134
184.575	115
184.794	123
185.013	111
185.232	104
185.451	117
185.67	118
185.889	107
186.108	138
186.327	111
186.546	144
186.765	111
186.984	104
187.202	132
187.421	103
187.64	109
187.859	120
188.078	128
188.297	97
188.516	129
188.735	89
188.954	100
189.173	108
189.392	120
189.611	104
189.829	117
190.048	93
190.267	126
190.486	102
190.705	144
190.924	119
191.143	94
191.362	110
191.581	139
191.8	134
192.019	112
192.238	114
192.456	116
192.675	118
192.894	102
193.113	124
193.332	113
193.551	118
193.77	103
193.989	115
194.208	115
194.427	91
194.646	113
194.865	108
195.083	99
195.302	127
195.521	130
195.74	106
195.959	103
196.178	118
196.397	90
196.616	118
196.835	104
197.054	96
197.273	99
197.492	103
197.71	97
197.929	106
198.148	97
198.367	108
198.586	102
198.805	94
199.024	116
199.243	126
199.462	119
199.681	119
199.9	92
200.119	111
200.337	118
200.556	113
200.775	114
200.994	105
201.213	106
201.432	119
201.651	112
201.87	82
202.089	107
202.308	98
202.527	109
202.746	106
202.965	114
203.183	93
203.402	105
203.621	98
203.84	103
204.059	90
204.278	97
204.497	103
204.716	100
204.935	85
205.154	124
205.373	94
205.592	85
205.81	87
206.029	100
206.248	104
206.467	103
206.686	116
206.905	112
207.124	89
207.343	106
207.562	91
207.781	85
208	102
208.219	115
208.437	104
208.656	102
208.875	109
209.094	110
209.313	111
209.532	101
209.751	95
209.97	118
210.189	106
210.408	82
210.627	118
210.846	113
211.064	107
211.283	85
211.502	110
211.721	90
211.94	113
212.159	115
212.378	88
212.597	102
212.816	105
213.035	94
213.254	100
213.473	112
213.691	98
213.91	90
214.129	90
214.348	91
214.567	91
214.786	103
215.005	110
215.224	101
215.443	87
215.662	95
215.881	96
216.1	106
216.318	100
216.537	99
216.756	79
216.975	98
217.194	103
217.413	95
217.632	123
217.851	103
218.07	109
218.289	105
218.508	97
218.727	117
218.945	104
219.164	107
219.383	100
219.602	119
219.821	112
220.04	101
220.259	119
220.478	102
220.697	104
220.916	96
221.135	92
221.354	94
221.572	97
221.791	85
222.01	96
222.229	99
222.448	91
222.667	92
222.886	97
223.105	99
223.324	72
223.543	96
223.762	89
223.981	88
224.199	87
224.418	100
224.637	105
224.856	112
225.075	100
225.294	107
225.513	78
225.732	85
225.951	100
226.17	81
226.389	79
226.608	74
226.826	88
227.045	86
227.264	94
227.483	101
227.702	82
227.921	99
228.14	98
228.359	90
228.578	90
228.797	75
229.016	91
229.235	97
229.453	97
229.672	92
229.891	93
230.11	90
230.329	112
230.548	81
230.767	84
230.986	89
231.205	99
231.424	89
231.643	102
231.862	70
232.08	110
232.299	91
232.518	90
232.737	93
232.956	91
233.175	89
233.394	97
233.613	85
233.832	81
234.051	96
234.27	92
234.489	74
234.707	91
234.926	85
235.145	81
235.364	87
235.583	90
235.802	83
236.021	93
236.24	71
236.459	88
236.678	79
236.897	86
237.116	84
237.334	98
237.553	95
237.772	91
237.991	104
238.21	69
238.429	90
238.648	68
238.867	87
239.086	88
239.305	90
239.524	84
239.743	89
239.961	68
240.18	97
240.399	79
240.618	108
240.837	89
241.056	77
241.275	78
241.494	77
241.713	93
241.932	90
242.151	97
242.37	96
242.588	107
242.807	96
243.026	83
243.245	99
243.464	82
243.683	86
243.902	83
244.121	85
244.34	87
244.559	76
244.778	80
244.997	81
245.215	92
245.434	81
245.653	91
245.872	72
246.091	100
246.31	100
246.529	69
246.748	78
246.967	81
247.186	74
247.405	77
247.624	72
247.842	82
248.061	85
248.28	71
248.499	102
248.718	76
248.937	89
249.156	90
249.375	92
249.594	72
249.813	94
250.032	84
250.251	76
250.469	90
250.688	93
250.907	81
251.126	77
251.345	69
251.564	91
251.783	99
252.002	81
252.221	76
252.44	102
252.659	73
252.878	84
253.096	73
253.315	86
253.534	79
253.753	80
253.972	95
254.191	88
254.41	78
254.629	72
254.848	88
255.067	91
255.286	73
255.505	84
255.724	71
255.942	92
256.161	89
256.38	71
256.599	73
256.818	70
257.037	83
257.256	79
257.475	96
257.694	80
257.913	78
258.132	83
258.351	80
258.569	70
258.788	77
259.007	78
259.226	66
259.445	85
259.664	86
259.883	52
260.102	92
260.321	59
260.54	68
260.759	87
260.978	82
261.196	77
261.415	64
261.634	87
261.853	92
262.072	70
262.291	87
262.51	78
262.729	83
262.948	79
263.167	71
263.386	66
263.605	72
263.823	75
264.042	68
264.261	80
264.48	96
264.699	66
264.918	82
265.137	79
265.356	70
265.575	71
265.794	96
266.013	76
266.232	80
266.45	84
266.669	76
266.888	90
267.107	60
267.326	62
267.545	81
267.764	73
267.983	87
268.202	76
268.421	74
268.64	72
268.859	75
269.077	70
269.296	80
269.515	98
269.734	91
269.953	69
270.172	85
270.391	75
270.61	81
270.829	84
271.048	58
271.267	72
271.486	95
271.704	70
271.923	84
272.142	92
272.361	86
272.58	79
272.799	66
273.018	86
273.237	75
273.456	74
273.675	91
273.894	73
274.113	68
274.331	85
274.55	73
274.769	74
274.988	81
275.207	80
275.426	77
275.645	78
275.864	80
276.083	77
276.302	93
276.521	95
276.74	60
276.958	75
277.177	67
277.396	75
277.615	78
277.834	63
278.053	66
278.272	72
278.491	82
278.71	74
278.929	65
279.148	77
279.367	89
279.585	94
279.804	74
280.023	83
280.242	85
280.461	66
280.68	65
280.899	81
281.118	73
281.337	90
281.556	79
281.775	76
281.994	79
282.212	80
282.431	83
282.65	77
282.869	73
283.088	76
283.307	86
283.526	78
283.745	83
283.964	76
284.183	68
284.402	77
284.621	71
284.839	89
285.058	64
285.277	77
285.496	74
285.715	93
285.934	71
286.153	71
286.372	68
286.591	71
286.81	78
287.029	82
287.248	87
287.466	77
287.685	67
287.904	82
288.123	76
288.342	83
288.561	79
288.78	69
288.999	82
289.218	75
289.437	82
289.656	76
289.875	83
290.093	53
290.312	69
290.531	94
290.75	73
290.969	70
291.188	64
291.407	81
291.626	64
291.845	73
292.064	71
292.283	75
292.502	70
292.72	76
292.939	83
293.158	79
293.377	81
293.596	74
293.815	74
294.034	85
294.253	69
294.472	69
294.691	73
294.91	76
295.129	62
295.347	80
295.566	75
295.785	62
296.004	57
296.223	62
296.442	78
296.661	72
296.88	69
297.099	66
297.318	85
297.537	87
297.756	59
297.974	72
298.193	81
298.412	74
298.631	81
298.85	72
299.069	69
299.288	78
299.507	57
299.726	91
299.945	68
300.164	64
300.383	72
300.601	83
300.82	80
301.039	74
301.258	84
301.477	72
301.696	69
301.915	74
302.134	84
302.353	77
302.572	77
302.791	75
303.01	73
303.228	68
303.447	83
303.666	57
303.885	77
304.104	82
304.323	79
304.542	70
304.761	64
304.98	87
305.199	65
305.418	73
305.637	76
305.855	79
306.074	75
306.293	72
306.512	64
306.731	76
306.95	82
307.169	65
307.388	70
307.607	89
307.826	74
308.045	52
308.264	75
308.482	85
308.701	58
308.92	66
309.139	66
309.358	73
309.577	66
309.796	56
310.015	75
310.234	69
310.453	57
310.672	69
310.891	73
311.11	69
311.328	64
311.547	86
311.766	77
311.985	87
312.204	66
312.423	67
312.642	79
312.861	65
313.08	62
313.299	65
313.518	79
313.737	58
313.955	54
314.174	52
314.393	57
314.612	62
314.831	70
315.05	71
315.269	78
315.488	68
315.707	62
315.926	74
316.145	62
316.364	66
316.582	54
316.801	68
317.02	75
317.239	47
317.458	64
317.677	80
317.896	63
318.115	64
318.334	67
318.553	75
318.772	69
318.991	59
319.209	53
319.428	50
319.647	77
319.866	73
320.085	67
320.304	59
320.523	64
320.742	54
320.961	66
321.18	70
321.399	55
321.618	42
321.836	75
322.055	51
322.274	65
322.493	52
322.712	65
322.931	47
323.15	50
323.369	53
323.588	55
323.807	69
324.026	70
324.245	57
324.463	57
324.682	58
324.901	54
325.12	59
325.339	53
325.558	55
325.777	64
325.996	59
326.215	55
326.434	63
326.653	63
326.872	49
327.09	60
327.309	64
327.528	59
327.747	54
327.966	51
328.185	48
328.404	52
328.623	63
328.842	61
329.061	43
329.28	53
329.499	67
329.717	67
329.936	50
330.155	52
330.374	54
330.593	63
330.812	54
331.031	48
331.25	59
331.469	53
331.688	52
331.907	41
332.126	50
332.344	44
332.563	55
332.782	46
333.001	50
333.22	55
333.439	53
333.658	58
333.877	46
334.096	57
334.315	64
334.534	51
334.753	52
334.971	62
335.19	43
335.409	40
335.628	47
335.847	55
336.066	53
336.285	41
336.504	54
336.723	39
336.942	52
337.161	46
337.38	48
337.598	46
337.817	34
338.036	43
338.255	43
338.474	64
338.693	42
338.912	50
339.131	37
339.35	43
339.569	57
339.788	43
340.007	47
340.225	44
340.444	51
340.663	57
340.882	35
341.101	32
341.32	50
341.539	46
341.758	44
341.977	35
342.196	53
342.415	48
342.634	38
342.852	48
343.071	52
343.29	43
343.509	43
343.728	41
343.947	50
344.166	36
344.385	37
344.604	40
344.823	39
345.042	44
345.261	46
345.479	45
345.698	40
345.917	48
346.136	37
346.355	32
346.574	40
346.793	46
347.012	47
347.231	37
347.45	32
347.669	36
347.888	30
348.106	43
348.325	50
348.544	41
348.763	47
348.982	40
349.201	34
349.42	41
349.639	48
349.858	31
350.077	30
350.296	33
350.515	35
350.733	41
350.952	36
351.171	29
351.39	41
351.609	40
351.828	41
352.047	31
352.266	31
352.485	28
352.704	43
352.923	33
353.142	36
353.36	41
353.579	34
353.798	37
354.017	45
354.236	30
354.455	37
354.674	33
354.893	37
355.112	36
355.331	32
355.55	39
355.769	32
355.987	36
356.206	38
356.425	38
356.644	29
356.863	33
357.082	36
357.301	33
357.52	27
357.739	39
357.958	33
358.177	33
358.396	36
358.614	33
358.833	36
359.052	28
359.271	22
359.49	31
359.709	32
359.928	30
360.147	32
360.366	30
360.585	34
360.804	29
361.023	45
361.241	34
361.46	35
361.679	30
361.898	30
362.117	38
362.336	39
362.555	30
362.774	30
362.993	31
363.212	29
363.431	38
363.65	38
363.868	30
364.087	40
364.306	34
364.525	18
364.744	32
364.963	24
365.182	32
365.401	32
365.62	27
365.839	28
366.058	33
366.277	43
366.496	27
366.714	32
366.933	31
367.152	38
367.371	36
367.59	29
367.809	23
368.028	35
368.247	20
368.466	40
368.685	27
368.904	23
369.123	36
369.341	29
369.56	28
369.779	33
369.998	35
370.217	37
370.436	27
370.655	28
370.874	31
371.093	32
371.312	25
371.531	34
371.75	24
371.968	31
372.187	23
372.406	25
372.625	27
372.844	35
373.063	27
373.282	32
373.501	29
373.72	38
373.939	32
374.158	37
374.377	29
374.595	25
374.814	41
375.033	32
375.252	30
375.471	28
375.69	21
375.909	20
376.128	24
376.347	22
376.566	29
376.785	31
377.004	19
377.222	23
377.441	37
377.66	30
377.879	34
378.098	28
378.317	32
378.536	23
378.755	31
378.974	30
379.193	23
379.412	37
379.631	31
379.849	25
380.068	19
380.287	20
380.506	22
380.725	34
380.944	21
381.163	31
381.382	18
381.601	18
381.82	35
382.039	33
382.258	25
382.476	37
382.695	31
382.914	29
383.133	27
383.352	29
383.571	24
383.79	39
384.009	21
384.228	27
384.447	20
384.666	33
384.885	25
385.103	27
385.322	25
385.541	28
385.76	20
385.979	25
386.198	22
386.417	31
386.636	23
386.855	37
387.074	22
387.293	29
387.512	27
387.73	27
387.949	21
388.168	26
388.387	28
388.606	28
388.825	31
389.044	25
389.263	26
389.482	27
389.701	29
389.92	16
390.139	32
390.357	25
390.576	39
390.795	27
391.014	35
391.233	18
391.452	34
391.671	31
391.89	29
392.109	23
392.328	23
392.547	19
392.766	29
392.984	24
393.203	17
393.422	21
393.641	21
393.86	30
394.079	31
394.298	19
394.517	20
394.736	42
394.955	28
395.174	20
395.393	20
395.611	15
395.83	27
396.049	29
396.268	20
396.487	29
396.706	30
396.925	22
397.144	25
397.363	23
397.582	23
397.801	28
398.02	18
398.238	26
398.457	24
398.676	22
398.895	21
399.114	33
399.333	24
399.552	29
399.771	27
399.99	25
400.209	27
400.428	22
400.647	22
400.865	24
401.084	27
401.303	17
401.522	19
401.741	26
401.96	22
402.179	26
402.398	28
402.617	34
402.836	20
403.055	26
403.274	26
403.492	22
403.711	22
403.93	18
404.149	30
404.368	26
404.587	24
404.806	20
405.025	28
405.244	22
405.463	19
405.682	29
405.901	34
406.119	26
406.338	24
406.557	20
406.776	17
406.995	23
407.214	24
407.433	25
407.652	16
407.871	26
408.09	25
408.309	27
408.528	21
408.746	25
408.965	24
409.184	15
409.403	27
409.622	19
409.841	15
410.06	21
410.279	27
410.498	26
410.717	30
410.936	25
411.155	36
411.373	25
411.592	26
411.811	28
412.03	25
412.249	29
412.468	20
412.687	18
412.906	31
413.125	27
413.344	32
413.563	25
413.782	24
414	16
414.219	20
414.438	18
414.657	17
414.876	24
415.095	18
415.314	30
415.533	19
415.752	22
415.971	17
416.19	23
416.409	18
416.627	15
416.846	18
417.065	21
417.284	23
417.503	23
417.722	27
417.941	30
418.16	25
418.379	20
418.598	22
418.817	26
419.036	27
419.254	21
419.473	29
419.692	24
419.911	31
420.13	27
420.349	20
420.568	23
420.787	26
421.006	25
421.225	22
421.444	24
421.663	27
421.882	24
422.1	26
422.319	27
422.538	25
422.757	21
422.976	17
423.195	21
423.414	21
423.633	21
423.852	15
424.071	27
424.29	26
424.509	26
424.727	21
424.946	19
425.165	26
425.384	16
425.603	17
425.822	26
426.041	24
426.26	11
426.479	17
426.698	19
426.917	30
427.136	28
427.354	25
427.573	22
427.792	27
428.011	26
428.23	21
428.449	25
428.668	34
428.887	24
429.106	28
429.325	27
429.544	25
429.763	21
429.981	28
430.2	26
430.419	33
430.638	11
430.857	19
431.076	21
431.295	20
431.514	25
431.733	23
431.952	21
432.171	11
432.39	27
432.608	26
432.827	26
433.046	20
433.265	23
433.484	23
433.703	19
433.922	23
434.141	17
434.36	19
434.579	22
434.798	27
435.017	31
435.235	19
435.454	18
435.673	27
435.892	21
436.111	20
436.33	18
436.549	20
436.768	31
436.987	26
437.206	21
437.425	26
437.644	29
437.862	22
438.081	23
438.3	21
438.519	26
438.738	27
438.957	24
439.176	33
439.395	30
439.614	18
439.833	20
440.052	31
440.271	28
440.489	16
440.708	23
440.927	25
441.146	22
441.365	31
441.584	28
441.803	32
442.022	32
442.241	29
442.46	32
442.679	28
442.898	25
443.116	25
443.335	24
443.554	28
443.773	25
443.992	33
444.211	30
444.43	32
444.649	25
444.868	35
445.087	37
445.306	26
445.525	34
445.743	39
445.962	33
446.181	27
446.4	39
446.619	19
446.838	36
447.057	22
447.276	37
447.495	32
447.714	26
447.933	35
448.152	35
448.37	32
448.589	34
448.808	35
449.027	31
449.246	27
449.465	32
449.684	42
449.903	33
450.122	37
450.341	28
450.56	34
450.779	37
450.997	36
451.216	32
451.435	28
451.654	36
451.873	32
452.092	41
452.311	43
452.53	42
452.749	38
452.968	38
453.187	39
453.406	34
453.624	38
453.843	39
454.062	40
454.281	37
454.5	41
454.719	38
454.938	43
455.157	49
455.376	48
455.595	31
455.814	36
456.033	46
456.251	46
456.47	51
456.689	42
456.908	45
457.127	44
457.346	56
457.565	42
457.784	54
458.003	43
458.222	45
458.441	45
458.66	43
458.878	37
459.097	41
459.316	49
459.535	51
459.754	68
459.973	53
460.192	66
460.411	55
460.63	51
460.849	54
461.068	59
461.287	63
461.505	65
461.724	50
461.943	60
462.162	70
462.381	64
462.6	55
462.819	63
463.038	56
463.257	57
463.476	56
463.695	63
463.914	62
464.132	75
464.351	58
464.57	88
464.789	68
465.008	75
465.227	67
465.446	74
465.665	68
465.884	86
466.103	65
466.322	64
466.541	79
466.759	75
466.978	75
467.197	71
467.416	107
467.635	79
467.854	78
468.073	74
468.292	80
468.511	65
468.73	79
468.949	86
469.168	77
469.386	99
469.605	89
469.824	69
470.043	93
470.262	93
470.481	91
470.7	95
470.919	89
471.138	80
471.357	93
471.576	91
471.795	97
472.013	91
472.232	96
472.451	105
472.67	93
472.889	104
473.108	122
473.327	98
473.546	105
473.765	113
473.984	109
474.203	126
474.422	102
474.64	98
474.859	108
475.078	122
475.297	108
475.516	131
475.735	100
475.954	123
476.173	111
476.392	136
476.611	122
476.83	141
477.049	131
477.268	117
477.486	126
477.705	128
477.924	144
478.143	124
478.362	111
478.581	131
478.8	147
479.019	148
479.238	143
479.457	143
479.676	152
479.895	138
480.113	157
480.332	154
480.551	132
480.77	153
480.989	142
481.208	130
481.427	158
481.646	145
481.865	161
482.084	167
482.303	152
482.522	174
482.74	165
482.959	179
483.178	149
483.397	146
483.616	174
483.835	165
484.054	170
484.273	169
484.492	161
484.711	184
484.93	160
485.149	165
485.367	163
485.586	181
485.805	185
486.024	198
486.243	159
486.462	180
486.681	218
486.9	193
487.119	184
487.338	187
487.557	197
487.776	193
487.994	191
488.213	195
488.432	204
488.651	194
488.87	202
489.089	193
489.308	208
489.527	197
489.746	205
489.965	211
490.184	208
490.403	207
490.621	187
490.84	177
491.059	232
491.278	201
491.497	207
491.716	206
491.935	235
492.154	214
492.373	225
492.592	218
492.811	220
493.03	227
493.248	212
493.467	219
493.686	201
493.905	222
494.124	235
494.343	257
494.562	239
494.781	202
495	245
495.219	226
495.438	232
495.657	209
495.875	224
496.094	239
496.313	245
496.532	223
496.751	252
496.97	251
497.189	227
497.408	231
497.627	253
497.846	231
498.065	256
498.284	240
498.502	223
498.721	297
498.94	225
499.159	276
499.378	269
499.597	258
499.816	259
500.035	256
500.254	231
500.473	246
500.692	276
500.911	240
501.129	257
501.348	245
501.567	253
501.786	269
502.005	228
502.224	268
502.443	267
502.662	301
502.881	252
503.1	277
503.319	269
503.538	265
503.756	265
503.975	250
504.194	255
504.413	240
504.632	290
504.851	274
505.07	279
505.289	264
505.508	295
505.727	251
505.946	243
506.165	258
506.383	272
506.602	244
506.821	245
507.04	287
507.259	242
507.478	272
507.697	258
507.916	273
508.135	280
508.354	240
508.573	280
508.792	297
509.01	260
509.229	278
509.448	269
509.667	272
509.886	253
510.105	272
510.324	263
510.543	237
510.762	290
510.981	268
511.2	268
511.419	260
511.637	263
511.856	272
512.075	281
512.294	274
512.513	269
512.732	259
512.951	275
513.17	304
513.389	275
513.608	312
513.827	253
514.046	265
514.264	298
514.483	256
514.702	271
514.921	256
515.14	242
515.359	269
515.578	256
515.797	275
516.016	251
516.235	257
516.454	270
516.673	245
516.891	278
517.11	268
517.329	280
517.548	236
517.767	285
517.986	264
518.205	253
518.424	261
518.643	243
518.862	262
519.081	249
519.3	242
519.518	237
519.737	243
519.956	275
520.175	257
520.394	236
520.613	228
520.832	227
521.051	249
521.27	211
521.489	259
521.708	250
521.927	259
522.145	228
522.364	247
522.583	228
522.802	264
523.021	259
523.24	233
523.459	235
523.678	256
523.897	219
524.116	211
524.335	242
524.554	233
524.772	216
524.991	231
525.21	218
525.429	218
525.648	220
525.867	229
526.086	208
526.305	244
526.524	253
526.743	185
526.962	243
527.181	201
527.399	192
527.618	236
527.837	232
528.056	233
528.275	215
528.494	196
528.713	212
528.932	201
529.151	199
529.37	208
529.589	192
529.808	190
530.027	186
530.245	186
530.464	204
530.683	190
530.902	182
531.121	182
531.34	198
531.559	222
531.778	183
531.997	172
532.216	176
532.435	200
532.654	193
532.872	210
533.091	158
533.31	175
533.529	201
533.748	185
533.967	181
534.186	191
534.405	169
534.624	187
534.843	176
535.062	169
535.281	150
535.499	177
535.718	142
535.937	161
536.156	138
536.375	156
536.594	168
536.813	154
537.032	149
537.251	164
537.47	159
537.689	134
537.908	153
538.126	171
538.345	166
538.564	162
538.783	137
539.002	136
539.221	151
539.44	137
539.659	125
539.878	126
540.097	133
540.316	149
540.535	104
540.753	140
540.972	151
541.191	140
541.41	128
541.629	134
541.848	128
542.067	115
542.286	122
542.505	131
542.724	115
542.943	126
543.162	124
543.38	136
543.599	105
543.818	127
544.037	117
544.256	117
544.475	129
544.694	119
544.913	118
545.132	103
545.351	115
545.57	114
545.789	113
546.007	102
546.226	118
546.445	107
546.664	98
546.883	104
547.102	101
547.321	116
547.54	91
547.759	113
547.978	104
548.197	104
548.416	103
548.634	97
548.853	101
549.072	100
549.291	93
549.51	84
549.729	79
549.948	88
550.167	76
550.386	64
550.605	95
550.824	88
551.043	83
551.261	76
551.48	72
551.699	84
551.918	84
552.137	103
552.356	90
552.575	63
552.794	83
553.013	64
553.232	90
553.451	79
553.67	65
553.888	58
554.107	76
554.326	73
554.545	70
554.764	76
554.983	79
555.202	63
555.421	70
555.64	70
555.859	67
556.078	76
556.297	56
556.515	66
556.734	56
556.953	54
557.172	60
557.391	69
557.61	68
557.829	67
558.048	68
558.267	46
558.486	50
558.705	48
558.924	62
559.142	64
559.361	61
559.58	47
559.799	67
560.018	49
560.237	50
560.456	61
560.675	57
560.894	50
561.113	49
561.332	54
561.551	42
561.769	67
561.988	60
562.207	53
562.426	58
562.645	57
562.864	37
563.083	53
563.302	52
563.521	42
563.74	52
563.959	47
564.178	48
564.396	47
564.615	38
564.834	36
565.053	40
565.272	50
565.491	45
565.71	37
565.929	38
566.148	48
566.367	57
566.586	37
566.805	45
567.023	41
567.242	43
567.461	49
567.68	31
567.899	40
568.118	34
568.337	33
568.556	42
568.775	33
568.994	34
569.213	25
569.432	35
569.65	30
569.869	35
570.088	31
570.307	33
570.526	41
570.745	41
570.964	37
571.183	39
571.402	29
571.621	27
571.84	37
572.059	32
572.277	33
572.496	39
572.715	40
572.934	26
573.153	27
573.372	33
573.591	35
573.81	23
574.029	31
574.248	28
574.467	33
574.686	36
574.904	23
575.123	23
575.342	30
575.561	29
575.78	29
575.999	42
576.218	40
576.437	30
576.656	27
576.875	27
577.094	29
577.313	24
577.531	22
577.75	27
577.969	29
578.188	30
578.407	25
578.626	23
578.845	30
579.064	23
579.283	24
579.502	20
579.721	21
579.94	22
580.158	21
580.377	30
580.596	28
580.815	19
581.034	20
581.253	33
581.472	27
581.691	25
581.91	26
582.129	18
582.348	30
582.567	24
582.785	26
583.004	29
583.223	14
583.442	22
583.661	30
583.88	19
584.099	27
584.318	24
584.537	23
584.756	19
584.975	32
585.194	26
585.413	19
585.631	18
585.85	21
586.069	25
586.288	19
586.507	25
586.726	17
586.945	20
587.164	14
587.383	24
587.602	20
587.821	12
588.04	27
588.258	18
588.477	24
588.696	19
588.915	19
589.134	16
589.353	27
589.572	24
589.791	24
590.01	24
590.229	21
590.448	21
590.667	25
590.885	19
591.104	17
591.323	22
591.542	24
591.761	22
591.98	22
592.199	15
592.418	27
592.637	29
592.856	20
593.075	14
593.294	15
593.512	17
593.731	26
593.95	20
594.169	30
594.388	33
594.607	19
594.826	16
595.045	24
595.264	12
595.483	17
595.702	20
595.921	18
596.139	19
596.358	19
596.577	17
596.796	13
597.015	22
597.234	27
597.453	15
597.672	29
597.891	23
598.11	22
598.329	14
598.548	23
598.766	29
598.985	17
599.204	23
599.423	19
599.642	20
599.861	17
600.08	16
600.299	16
600.518	8
600.737	24
600.956	15
601.175	16
601.393	7
601.612	16
601.831	21
602.05	23
602.269	14
602.488	16
602.707	26
602.926	19
603.145	19
603.364	14
603.583	15
603.802	17
604.02	23
604.239	20
604.458	17
604.677	22
604.896	26
605.115	19
605.334	28
605.553	16
605.772	17
605.991	17
606.21	16
606.429	25
606.647	13
606.866	17
607.085	14
607.304	9
607.523	16
607.742	15
607.961	18
608.18	22
608.399	16
608.618	17
608.837	19
609.056	20
609.274	18
609.493	15
609.712	18
609.931	20
610.15	20
610.369	21
610.588	13
610.807	14
611.026	11
611.245	16
611.464	12
611.683	18
611.901	16
612.12	18
612.339	16
612.558	14
612.777	10
612.996	21
613.215	16
613.434	16
613.653	13
613.872	6
614.091	20
614.31	13
614.528	22
614.747	17
614.966	13
615.185	23
615.404	21
615.623	13
615.842	14
616.061	13
616.28	20
616.499	17
616.718	20
616.937	16
617.155	14
617.374	18
617.593	16
617.812	17
618.031	15
618.25	12
618.469	16
618.688	14
618.907	17
619.126	14
619.345	17
619.564	13
619.782	16
620.001	21
620.22	14
620.439	14
620.658	15
620.877	21
621.096	21
621.315	17
621.534	23
621.753	20
621.972	16
622.191	12
622.409	23
622.628	12
622.847	17
623.066	12
623.285	18
623.504	14
623.723	19
623.942	23
624.161	9
624.38	17
624.599	14
624.818	13
625.036	17
625.255	12
625.474	13
625.693	4
625.912	13
626.131	13
626.35	11
626.569	14
626.788	10
627.007	18
627.226	20
627.445	13
627.663	17
627.882	14
628.101	11
628.32	13
628.539	12
628.758	19
628.977	13
629.196	17
629.415	15
629.634	11
629.853	10
630.072	19
630.29	12
630.509	9
630.728	14
630.947	19
631.166	14
631.385	12
631.604	13
631.823	10
632.042	13
632.261	6
632.48	12
632.699	14
632.917	17
633.136	14
633.355	16
633.574	13
633.793	15
634.012	15
634.231	9
634.45	18
634.669	15
634.888	18
635.107	23
635.326	13
635.544	15
635.763	17
635.982	18
636.201	12
636.42	12
636.639	8
636.858	9
637.077	17
637.296	12
637.515	18
637.734	8
637.953	14
638.171	11
638.39	20
638.609	13
638.828	12
639.047	10
639.266	10
639.485	10
639.704	12
639.923	19
640.142	18
640.361	14
640.58	18
640.799	11
641.017	9
641.236	14
641.455	9
641.674	16
641.893	14
642.112	19
642.331	15
642.55	12
642.769	11
642.988	8
643.207	13
643.426	13
643.644	13
643.863	13
644.082	12
644.301	19
644.52	13
644.739	8
644.958	11
645.177	15
645.396	12
645.615	16
645.834	14
646.053	16
646.271	14
646.49	18
646.709	19
646.928	19
647.147	8
647.366	12
647.585	12
647.804	15
648.023	15
648.242	13
648.461	13
648.68	14
648.898	15
649.117	14
649.336	14
649.555	14
649.774	14
649.993	11
650.212	12
650.431	16
650.65	11
650.869	9
651.088	10
651.307	17
651.525	10
651.744	14
651.963	9
652.182	14
652.401	10
652.62	11
652.839	17
653.058	12
653.277	16
653.496	11
653.715	13
653.934	18
654.152	17
654.371	10
654.59	9
654.809	8
655.028	13
655.247	15
655.466	13
655.685	14
655.904	11
656.123	17
656.342	22
656.561	12
656.779	15
656.998	13
657.217	16
657.436	18
657.655	13
657.874	8
658.093	17
658.312	13
658.531	13
658.75	14
658.969	8
659.188	23
659.406	19
659.625	17
659.844	16
660.063	10
660.282	13
660.501	15
660.72	13
660.939	15
661.158	12
661.377	15
661.596	18
661.815	10
662.033	14
662.252	14
662.471	14
662.69	16
662.909	13
663.128	16
663.347	12
663.566	17
663.785	16
664.004	14
664.223	11
664.442	18
664.66	12
664.879	13
665.098	17
665.317	6
665.536	14
665.755	13
665.974	9
666.193	9
666.412	13
666.631	14
666.85	11
667.069	10
667.287	16
667.506	15
667.725	12
667.944	10
668.163	20
668.382	11
668.601	11
668.82	13
669.039	8
669.258	11
669.477	10
669.696	12
669.914	15
670.133	16
670.352	8
670.571	15
670.79	17
671.009	13
671.228	11
671.447	18
671.666	8
671.885	15
672.104	12
672.323	16
672.541	12
672.76	8
672.979	6
673.198	15
673.417	16
673.636	10
673.855	13
674.074	13
674.293	6
674.512	9
674.731	14
674.95	11
675.168	10
675.387	13
675.606	13
675.825	11
676.044	12
676.263	14
676.482	19
676.701	13
676.92	4
677.139	16
677.358	14
677.577	13
677.795	7
678.014	11
678.233	8
678.452	13
678.671	12
678.89	8
679.109	11
679.328	18
679.547	13
679.766	16
679.985	18
680.204	22
680.422	15
680.641	15
680.86	15
681.079	11
681.298	15
681.517	7
681.736	14
681.955	14
682.174	14
682.393	12
682.612	10
682.831	10
683.049	14
683.268	11
683.487	13
683.706	5
683.925	20
684.144	12
684.363	17
684.582	13
684.801	10
685.02	16
685.239	11
685.458	12
685.676	23
685.895	11
686.114	11
686.333	13
686.552	11
686.771	8
686.99	15
687.209	10
687.428	11
687.647	20
687.866	13
688.085	15
688.303	13
688.522	16
688.741	13
688.96	14
689.179	8
689.398	13
689.617	11
689.836	13
690.055	12
690.274	16
690.493	16
690.712	13
690.93	13
691.149	14
691.368	11
691.587	16
691.806	13
692.025	8
692.244	12
692.463	9
692.682	19
692.901	20
693.12	19
693.339	14
693.558	10
693.776	10
693.995	11
694.214	9
694.433	19
694.652	9
694.871	20
695.09	14
695.309	16
695.528	10
695.747	14
695.966	17
696.185	16
696.403	21
696.622	13
696.841	15
697.06	13
697.279	14
697.498	10
697.717	21
697.936	13
698.155	18
698.374	9
698.593	10
698.812	13
699.03	14
699.249	12
699.468	17
699.687	14
699.906	17
700.125	14
700.344	9
700.563	16
700.782	9
701.001	9
701.22	20
701.439	16
701.657	13
701.876	8
702.095	15
702.314	19
702.533	23
702.752	15
702.971	13
703.19	21
703.409	11
703.628	17
703.847	18
704.066	16
704.284	9
704.503	18
704.722	15
704.941	7
705.16	15
705.379	12
705.598	13
705.817	19
706.036	15
706.255	14
706.474	20
706.693	21
706.911	12
707.13	12
707.349	7
707.568	17
707.787	11
708.006	12
708.225	16
708.444	9
708.663	12
708.882	13
709.101	14
709.32	20
709.538	16
709.757	9
709.976	5
710.195	14
710.414	15
710.633	17
710.852	16
711.071	20
711.29	14
711.509	13
711.728	19
711.947	23
712.165	16
712.384	21
712.603	19
712.822	17
713.041	12
713.26	12
713.479	15
713.698	10
713.917	17
714.136	12
714.355	15
714.574	15
714.792	17
715.011	11
715.23	14
715.449	18
715.668	16
715.887	12
716.106	13
716.325	13
716.544	13
716.763	13
716.982	21
717.201	15
717.419	11
717.638	16
717.857	11
718.076	16
718.295	18
718.514	9
718.733	14
718.952	16
719.171	23
719.39	9
719.609	17
719.828	13
720.046	16
720.265	10
720.484	22
720.703	11
720.922	12
721.141	20
721.36	18
721.579	20
721.798	9
722.017	15
722.236	16
722.455	13
722.673	17
722.892	18
723.111	16
723.33	18
723.549	11
723.768	12
723.987	10
724.206	14
724.425	11
724.644	14
724.863	20
725.082	16
725.3	17
725.519	14
725.738	15
725.957	17
726.176	15
726.395	10
726.614	15
726.833	12
727.052	10
727.271	10
727.49	16
727.709	15
727.927	5
728.146	15
728.365	23
728.584	17
728.803	10
729.022	16
729.241	17
729.46	17
729.679	21
729.898	21
730.117	10
730.336	17
730.554	17
730.773	7
730.992	18
731.211	19
731.43	11
731.649	10
731.868	16
732.087	15
732.306	15
732.525	20
732.744	14
732.963	14
733.181	16
733.4	13
733.619	15
733.838	15
734.057	17
734.276	16
734.495	16
734.714	12
734.933	21
735.152	13
735.371	11
735.59	15
735.808	15
736.027	14
736.246	11
736.465	12
736.684	10
736.903	17
737.122	12
737.341	16
737.56	14
737.779	13
737.998	17
738.217	7
738.435	15
738.654	10
738.873	9
739.092	11
739.311	11
739.53	19
739.749	17
739.968	10
740.187	13
740.406	23
740.625	15
740.844	18
741.062	19
741.281	16
741.5	16
741.719	14
741.938	20
742.157	16
742.376	15
742.595	8
742.814	12
743.033	13
743.252	15
743.471	10
743.689	14
743.908	13
744.127	9
744.346	20
744.565	14
744.784	10
745.003	14
745.222	13
745.441	13
745.66	13
745.879	17
746.098	21
746.316	12
746.535	12
746.754	11
746.973	9
747.192	12
747.411	14
747.63	12
747.849	9
748.068	17
748.287	13
748.506	8
748.725	8
748.944	14
749.162	15
749.381	20
749.6	16
749.819	19
750.038	18
750.257	15
750.476	14
750.695	15
750.914	12
751.133	18
751.352	15
751.571	13
751.789	16
752.008	12
752.227	17
752.446	12
752.665	14
752.884	11
753.103	9
753.322	12
753.541	12
753.76	12
753.979	10
754.198	17
754.416	16
754.635	19
754.854	10
755.073	11
755.292	15
755.511	13
755.73	16
755.949	14
756.168	17
756.387	15
756.606	13
756.825	9
757.043	24
757.262	10
757.481	10
757.7	13
757.919	14
758.138	10
758.357	12
758.576	11
758.795	10
759.014	9
759.233	26
759.452	12
759.67	19
759.889	13
760.108	11
760.327	9
760.546	8
760.765	11
760.984	11
761.203	8
761.422	11
761.641	11
761.86	13
762.079	14
762.297	17
762.516	17
762.735	13
762.954	8
763.173	15
763.392	19
763.611	15
763.83	14
764.049	16
764.268	13
764.487	9
764.706	10
764.924	16
765.143	14
765.362	17
765.581	24
765.8	21
766.019	12
766.238	13
766.457	9
766.676	19
766.895	12
767.114	10
767.333	18
767.551	13
767.77	13
767.989	16
768.208	7
768.427	14
768.646	11
768.865	15
769.084	12
769.303	12
769.522	14
769.741	13
769.96	15
770.178	11
770.397	16
770.616	11
770.835	12
771.054	14
771.273	11
771.492	15
771.711	14
771.93	8
772.149	9
772.368	8
772.587	11
772.805	13
773.024	18
773.243	13
773.462	14
773.681	9
773.9	11
774.119	10
774.338	20
774.557	11
774.776	9
774.995	11
775.214	15
775.432	11
775.651	18
775.87	15
776.089	14
776.308	11
776.527	12
776.746	13
776.965	11
777.184	11
777.403	8
777.622	19
777.841	15
778.059	14
778.278	13
778.497	5
778.716	9
778.935	6
779.154	11
779.373	16
779.592	16
779.811	13
780.03	11
780.249	13
780.468	9
780.686	14
780.905	11
781.124	11
781.343	16
781.562	9
781.781	13
782	11
782.219	16
782.438	12
782.657	14
782.876	15
783.095	12
783.313	16
783.532	13
783.751	10
783.97	14
784.189	9
784.408	12
784.627	16
784.846	13
785.065	15
785.284	11
785.503	9
785.722	14
785.94	16
786.159	12
786.378	14
786.597	20
786.816	13
787.035	16
787.254	14
787.473	8
787.692	18
787.911	12
788.13	13
788.349	10
788.567	15
788.786	14
789.005	11
789.224	10
789.443	9
789.662	9
789.881	13
790.1	15
790.319	11
790.538	12
790.757	20
790.976	12
791.194	19
791.413	13
791.632	22
791.851	18
792.07	15
792.289	10
792.508	14
792.727	11
792.946	12
793.165	18
793.384	13
793.603	13
793.821	12
794.04	12
794.259	13
794.478	17
794.697	13
794.916	13
795.135	19
795.354	15
795.573	9
795.792	10
796.011	20
796.23	12
796.448	5
796.667	12
796.886	14
797.105	20
797.324	19
797.543	15
797.762	11
797.981	11
798.2	12
798.419	10
798.638	16
798.857	9
799.075	14
799.294	8
799.513	11
799.732	9
799.951	25
800.17	9
800.389	10
800.608	11
800.827	16
801.046	22
801.265	11
801.484	16
801.702	15
801.921	13
802.14	20
802.359	9
802.578	15
802.797	12
803.016	17
803.235	15
803.454	10
803.673	14
803.892	13
804.111	14
804.33	7
804.548	8
804.767	11
804.986	17
805.205	15
805.424	11
805.643	14
805.862	16
806.081	14
806.3	11
806.519	14
806.738	13
806.957	9
807.175	16
807.394	18
807.613	8
807.832	15
808.051	16
808.27	20
808.489	17
808.708	19
808.927	20
809.146	14
809.365	16
809.584	10
809.802	7
810.021	15
810.24	11
810.459	8
810.678	11
810.897	6
811.116	14
811.335	9
811.554	19
811.773	10
811.992	20
812.211	16
812.429	19
812.648	12
812.867	9
813.086	13
813.305	13
813.524	16
813.743	12
813.962	13
814.181	13
814.4	10
814.619	15
814.838	12
815.056	10
815.275	18
815.494	21
815.713	13
815.932	10
816.151	9
816.37	12
816.589	12
816.808	15
817.027	17
817.246	7
817.465	14
817.683	9
817.902	9
818.121	15
818.34	13
818.559	13
818.778	13
818.997	19
819.216	13
819.435	15
819.654	13
819.873	13
820.092	15
820.31	5
820.529	14
820.748	14
820.967	20
821.186	12
821.405	8
821.624	12
821.843	14
822.062	13
822.281	12
822.5	9
822.719	14
822.937	9
823.156	11
823.375	9
823.594	16
823.813	11
824.032	10
824.251	18
824.47	16
824.689	6
824.908	11
825.127	13
825.346	9
825.564	14
825.783	10
826.002	13
826.221	12
826.44	12
826.659	11
826.878	10
827.097	12
827.316	22
827.535	17
827.754	11
827.973	17
828.191	13
828.41	18
828.629	12
828.848	15
829.067	12
829.286	8
829.505	9
829.724	18
829.943	15
830.162	8
830.381	12
830.6	16
830.818	12
831.037	13
831.256	13
831.475	8
831.694	15
831.913	15
832.132	15
832.351	10
832.57	14
832.789	17
833.008	12
833.227	14
833.445	9
833.664	9
833.883	16
834.102	17
834.321	6
834.54	9
834.759	8
834.978	13
835.197	13
835.416	10
835.635	11
835.854	17
836.072	9
836.291	11
836.51	12
836.729	12
836.948	12
837.167	15
837.386	16
837.605	19
837.824	18
838.043	11
838.262	11
838.481	12
838.699	10
838.918	8
839.137	10
839.356	12
839.575	7
839.794	11
840.013	19
840.232	8
840.451	9
840.67	15
840.889	10
841.108	15
841.326	11
841.545	17
841.764	9
841.983	10
842.202	12
842.421	17
842.64	14
842.859	13
843.078	6
843.297	14
843.516	12
843.735	21
843.953	9
844.172	12
844.391	11
844.61	20
844.829	12
845.048	19
845.267	15
845.486	20
845.705	11
845.924	6
846.143	10
846.362	22
846.58	6
846.799	8
847.018	15
847.237	16
847.456	13
847.675	10
847.894	9
848.113	15
848.332	11
848.551	13
848.77	9
848.989	9
849.207	16
849.426	11
849.645	18
849.864	19
850.083	18
850.302	15
850.521	14
850.74	13
850.959	15
851.178	14
851.397	13
851.616	12
851.834	11
852.053	10
852.272	8
852.491	20
852.71	8
852.929	13
853.148	16
853.367	15
853.586	17
853.805	10
854.024	8
854.243	13
854.461	12
854.68	9
854.899	15
855.118	11
855.337	15
855.556	17
855.775	14
855.994	25
856.213	13
856.432	15
856.651	15
856.87	14
857.088	15
857.307	13
857.526	16
857.745	17
857.964	13
858.183	7
858.402	15
858.621	13
858.84	12
859.059	16
859.278	12
859.497	11
859.716	9
859.934	21
860.153	11
860.372	10
860.591	17
860.81	11
861.029	11
861.248	7
861.467	14
861.686	11
861.905	11
862.124	10
862.343	14
862.561	15
862.78	11
862.999	16
863.218	14
863.437	19
863.656	6
863.875	7
864.094	14
864.313	11
864.532	10
864.751	19
864.97	10
865.188	17
865.407	15
865.626	14
865.845	11
866.064	11
866.283	11
866.502	14
866.721	15
866.94	15
867.159	9
867.378	9
867.597	15
867.815	16
868.034	10
868.253	17
868.472	15
868.691	12
868.91	6
869.129	17
869.348	17
869.567	14
869.786	13
870.005	12
870.224	12
870.442	13
870.661	18
870.88	11
871.099	15
871.318	12
871.537	9
871.756	19
871.975	12
872.194	13
872.413	14
872.632	16
872.851	9
873.069	13
873.288	22
873.507	14
873.726	11
873.945	16
874.164	14
874.383	16
874.602	11
874.821	9
875.04	14
875.259	25
875.478	10
875.696	14
875.915	13
876.134	11
876.353	23
876.572	9
876.791	13
877.01	13
877.229	13
877.448	14
877.667	9
877.886	16
878.105	15
878.323	8
878.542	11
878.761	10
878.98	8
879.199	10
879.418	14
879.637	8
879.856	11
880.075	8
880.294	11
880.513	13
880.732	8
880.95	10
881.169	14
881.388	20
881.607	15
881.826	11
882.045	14
882.264	6
882.483	21
882.702	13
882.921	14
883.14	16
883.359	15
883.577	11
883.796	13
884.015	6
884.234	15
884.453	16
884.672	13
884.891	12
885.11	12
885.329	19
885.548	11
885.767	12
885.986	20
886.204	11
886.423	9
886.642	12
886.861	10
887.08	18
887.299	15
887.518	18
887.737	12
887.956	10
888.175	10
888.394	15
888.613	13
888.831	10
889.05	13
889.269	25
889.488	14
889.707	9
889.926	18
890.145	11
890.364	13
890.583	18
890.802	9
891.021	12
891.24	14
891.458	15
891.677	11
891.896	13
892.115	8
892.334	14
892.553	5
892.772	11
892.991	13
893.21	12
893.429	13
893.648	13
893.867	15
894.085	16
894.304	8
894.523	12
894.742	13
894.961	9
895.18	12
895.399	13
895.618	13
895.837	11
896.056	13
896.275	10
896.494	8
896.712	16
896.931	10
897.15	17
897.369	13
897.588	20
897.807	18
898.026	11
898.245	18
898.464	12
898.683	11
898.902	10
899.121	17
899.339	12
899.558	6
899.777	10
899.996	18
900.215	9
900.434	11
900.653	15
900.872	14
901.091	20
901.31	21
901.529	12
901.748	16
901.966	17
902.185	10
902.404	13
902.623	10
902.842	8
903.061	16
903.28	11
903.499	13
903.718	12
903.937	14
904.156	6
904.375	11
904.593	24
904.812	9
905.031	20
905.25	12
905.469	12
905.688	12
905.907	18
906.126	14
906.345	9
906.564	18
906.783	13
907.002	14
907.22	11
907.439	13
907.658	14
907.877	7
908.096	11
908.315	8
908.534	11
908.753	18
908.972	14
909.191	13
909.41	13
909.629	10
909.847	10
910.066	15
910.285	14
910.504	15
910.723	18
910.942	10
911.161	7
911.38	15
911.599	13
911.818	13
912.037	13
912.256	14
912.475	6
912.693	17
912.912	16
913.131	13
913.35	12
913.569	6
913.788	13
914.007	14
914.226	10
914.445	11
914.664	10
914.883	16
915.102	11
915.32	19
915.539	17
915.758	10
915.977	16
916.196	21
916.415	11
916.634	11
916.853	13
917.072	17
917.291	6
917.51	13
917.729	17
917.947	21
918.166	18
918.385	16
918.604	16
918.823	16
919.042	15
919.261	15
919.48	10
919.699	10
919.918	15
920.137	11
920.356	18
920.574	18
920.793	12
921.012	11
921.231	10
921.45	16
921.669	9
921.888	17
922.107	11
922.326	16
922.545	25
922.764	12
922.983	22
923.201	16
923.42	15
923.639	15
923.858	12
924.077	9
924.296	21
924.515	14
924.734	14
924.953	14
925.172	13
925.391	11
925.61	10
925.828	12
926.047	19
926.266	21
926.485	13
926.704	14
926.923	10
927.142	13
927.361	11
927.58	11
927.799	15
928.018	18
928.237	15
928.455	17
928.674	16
928.893	14
929.112	25
929.331	14
929.55	11
929.769	15
929.988	21
930.207	10
930.426	13
930.645	8
930.864	12
931.082	12
931.301	13
931.52	8
931.739	13
931.958	12
932.177	15
932.396	11
932.615	12
932.834	15
933.053	17
933.272	16
933.491	15
933.709	11
933.928	11
934.147	14
934.366	17
934.585	10
934.804	12
935.023	15
935.242	16
935.461	9
935.68	10
935.899	10
936.118	8
936.336	15
936.555	11
936.774	14
936.993	13
937.212	14
937.431	13
937.65	15
937.869	9
938.088	13
938.307	13
938.526	14
938.745	5
938.963	13
939.182	16
939.401	18
939.62	18
939.839	8
940.058	11
940.277	10
940.496	13
940.715	12
940.934	17
941.153	16
941.372	11
941.59	9
941.809	12
942.028	17
942.247	12
942.466	15
942.685	18
942.904	11
943.123	9
943.342	9
943.561	15
943.78	18
943.999	20
944.217	18
944.436	10
944.655	9
944.874	10
945.093	24
945.312	14
945.531	17
945.75	14
945.969	10
946.188	11
946.407	19
946.626	6
946.844	10
947.063	8
947.282	10
947.501	13
947.72	13
947.939	13
948.158	12
948.377	16
948.596	9
948.815	12
949.034	7
949.253	16
949.471	10
949.69	14
949.909	16
950.128	22
950.347	15
950.566	18
950.785	12
951.004	13
951.223	17
951.442	21
951.661	16
951.88	13
952.098	11
952.317	18
952.536	14
952.755	10
952.974	18
953.193	19
953.412	15
953.631	11
953.85	13
954.069	9
954.288	9
954.507	9
954.725	14
954.944	12
955.163	28
955.382	17
955.601	14
955.82	14
956.039	13
956.258	17
956.477	11
956.696	13
956.915	12
957.134	10
957.352	9
957.571	14
957.79	20
958.009	7
958.228	15
958.447	15
958.666	19
958.885	19
959.104	11
959.323	17
959.542	11
959.761	16
959.979	15
960.198	12
960.417	10
960.636	14
960.855	16
961.074	12
961.293	14
961.512	15
961.731	11
961.95	12
962.169	16
962.388	19
962.606	15
962.825	15
963.044	12
963.263	13
963.482	12
963.701	15
963.92	19
964.139	7
964.358	10
964.577	13
964.796	12
965.015	16
965.233	10
965.452	11
965.671	18
965.89	10
966.109	8
966.328	16
966.547	10
966.766	20
966.985	11
967.204	23
967.423	13
967.642	10
967.861	19
968.079	23
968.298	12
968.517	11
968.736	12
968.955	16
969.174	13
969.393	9
969.612	16
969.831	12
970.05	10
970.269	14
970.488	20
970.706	10
970.925	10
971.144	15
971.363	17
971.582	18
971.801	13
972.02	10
972.239	22
972.458	11
972.677	16
972.896	15
973.115	12
973.333	18
973.552	7
973.771	25
973.99	15
974.209	13
974.428	12
974.647	11
974.866	18
975.085	13
975.304	16
975.523	13
975.742	20
975.96	15
976.179	18
976.398	11
976.617	17
976.836	17
977.055	14
977.274	15
977.493	14
977.712	8
977.931	15
978.15	12
978.369	19
978.587	19
978.806	20
979.025	15
979.244	28
979.463	15
979.682	12
979.901	12
980.12	10
980.339	13
980.558	13
980.777	11
980.996	11
981.214	14
981.433	15
981.652	18
981.871	6
982.09	12
982.309	14
982.528	15
982.747	11
982.966	11
983.185	11
983.404	17
983.623	13
983.841	15
984.06	13
984.279	6
984.498	12
984.717	15
984.936	13
985.155	13
985.374	17
985.593	19
985.812	15
986.031	17
986.25	14
986.468	16
986.687	15
986.906	10
987.125	16
987.344	15
987.563	16
987.782	14
988.001	15
988.22	17
988.439	13
988.658	14
988.877	18
989.095	12
989.314	18
989.533	21
989.752	20
989.971	14
990.19	15
990.409	9
990.628	13
990.847	18
991.066	14
991.285	15
991.504	15
991.722	17
991.941	17
992.16	21
992.379	14
992.598	15
992.817	17
993.036	17
993.255	16
993.474	18
993.693	16
993.912	9
994.131	13
994.349	14
994.568	16
994.787	15
995.006	17
995.225	10
995.444	12
995.663	12
995.882	11
996.101	12
996.32	17
996.539	17
996.758	11
996.976	14
997.195	12
997.414	13
997.633	9
997.852	23
998.071	10
998.29	11
998.509	17
998.728	13
998.947	17
999.166	8
999.385	17
999.603	17
999.822	14
1000.04	17
1000.26	11
1000.48	9
1000.7	17
1000.92	18
1001.14	12
1001.35	12
1001.57	14
1001.79	11
1002.01	25
1002.23	12
1002.45	18
1002.67	22
1002.89	8
1003.11	14
1003.33	21
1003.54	19
1003.76	13
1003.98	16
1004.2	10
1004.42	14
1004.64	11
1004.86	10
1005.08	10
1005.3	9
1005.51	15
1005.73	13
1005.95	15
1006.17	19
1006.39	20
1006.61	12
1006.83	10
1007.05	10
1007.27	9
1007.48	14
1007.7	12
1007.92	14
1008.14	19
1008.36	12
1008.58	21
1008.8	12
1009.02	11
1009.24	14
1009.45	11
1009.67	16
1009.89	19
1010.11	16
1010.33	11
1010.55	13
1010.77	10
1010.99	12
1011.21	14
1011.42	8
1011.64	16
1011.86	16
1012.08	12
1012.3	9
1012.52	12
1012.74	12
1012.96	11
1013.18	20
1013.4	14
1013.61	16
1013.83	12
1014.05	15
1014.27	11
1014.49	9
1014.71	9
1014.93	19
1015.15	13
1015.37	9
1015.58	19
1015.8	9
1016.02	15
1016.24	16
1016.46	13
1016.68	10
1016.9	19
1017.12	14
1017.34	15
1017.55	12
1017.77	11
1017.99	11
1018.21	17
1018.43	18
1018.65	12
1018.87	13
1019.09	7
1019.31	17
1019.52	12
1019.74	8
1019.96	16
1020.18	13
1020.4	15
1020.62	15
1020.84	12
1021.06	17
1021.28	11
1021.5	13
1021.71	8
1021.93	15
1022.15	10
1022.37	13
1022.59	9
1022.81	11
1023.03	12
1023.25	15
1023.47	14
1023.68	7
1023.9	10
1024.12	6
1024.34	10
1024.56	13
1024.78	13
1025	15
1025.22	13
1025.44	13
1025.65	15
1025.87	9
1026.09	12
1026.31	13
1026.53	13
1026.75	12
1026.97	15
1027.19	13
1027.41	14
1027.62	14
1027.84	18
1028.06	15
1028.28	10
1028.5	12
1028.72	13
1028.94	22
1029.16	12
1029.38	17
1029.6	13
1029.81	13
1030.03	16
1030.25	13
1030.47	14
1030.69	14
1030.91	14
1031.13	22
1031.35	14
1031.57	18
1031.78	9
1032	11
1032.22	14
1032.44	17
1032.66	16
1032.88	12
1033.1	16
1033.32	18
1033.54	15
1033.75	15
1033.97	10
1034.19	11
1034.41	18
1034.63	17
1034.85	12
1035.07	21
1035.29	15
1035.51	12
1035.72	16
1035.94	6
1036.16	14
1036.38	14
1036.6	13
1036.82	9
1037.04	11
1037.26	15
1037.48	8
1037.7	12
1037.91	9
1038.13	8
1038.35	16
1038.57	16
1038.79	11
1039.01	13
1039.23	6
1039.45	11
1039.67	9
1039.88	6
1040.1	9
1040.32	11
1040.54	12
1040.76	14
1040.98	16
1041.2	13
1041.42	9
1041.64	10
1041.85	15
1042.07	17
1042.29	15
1042.51	14
1042.73	7
1042.95	11
1043.17	11
1043.39	11
1043.61	12
1043.82	6
1044.04	10
1044.26	10
1044.48	12
1044.7	13
1044.92	6
1045.14	5
1045.36	8
1045.58	7
1045.79	14
1046.01	13
1046.23	11
1046.45	11
1046.67	12
1046.89	12
1047.11	13
1047.33	9
1047.55	12
1047.77	9
1047.98	12
1048.2	7
1048.42	11
1048.64	11
1048.86	11
1049.08	8
1049.3	10
1049.52	12
1049.74	12
1049.95	12
1050.17	10
1050.39	15
1050.61	9
1050.83	16
1051.05	11
1051.27	9
1051.49	6
1051.71	11
1051.92	11
1052.14	13
1052.36	5
1052.58	15
1052.8	10
1053.02	12
1053.24	12
1053.46	12
1053.68	10
1053.89	13
1054.11	9
1054.33	13
1054.55	14
1054.77	5
1054.99	8
1055.21	11
1055.43	12
1055.65	13
1055.87	12
1056.08	12
1056.3	12
1056.52	7
1056.74	9
1056.96	7
1057.18	12
1057.4	9
1057.62	7
1057.84	11
1058.05	7
1058.27	12
1058.49	9
1058.71	10
1058.93	12
1059.15	16
1059.37	9
1059.59	5
1059.81	13
1060.02	11
1060.24	12
1060.46	6
1060.68	11
1060.9	14
1061.12	12
1061.34	10
1061.56	7
1061.78	11
1061.99	11
1062.21	17
1062.43	11
1062.65	14
1062.87	15
1063.09	14
1063.31	10
1063.53	8
1063.75	10
1063.97	10
1064.18	7
1064.4	8
1064.62	6
1064.84	13
1065.06	4
1065.28	10
1065.5	8
1065.72	12
1065.94	16
1066.15	7
1066.37	6
1066.59	9
1066.81	11
1067.03	8
1067.25	5
1067.47	6
1067.69	13
1067.91	10
1068.12	8
1068.34	7
1068.56	5
1068.78	10
1069	6
1069.22	7
1069.44	6
1069.66	5
1069.88	6
1070.09	14
1070.31	6
1070.53	10
1070.75	7
1070.97	10
1071.19	9
1071.41	8
1071.63	5
1071.85	14
1072.06	6
1072.28	11
1072.5	12
1072.72	9
1072.94	12
1073.16	12
1073.38	11
1073.6	8
1073.82	10
1074.04	13
1074.25	7
1074.47	9
1074.69	7
1074.91	6
1075.13	11
1075.35	11
1075.57	5
1075.79	9
1076.01	3
1076.22	7
1076.44	9
1076.66	8
1076.88	6
1077.1	6
1077.32	6
1077.54	7
1077.76	8
1077.98	5
1078.19	9
1078.41	11
1078.63	9
1078.85	4
1079.07	4
1079.29	6
1079.51	10
1079.73	7
1079.95	13
1080.16	8
1080.38	5
1080.6	11
1080.82	8
1081.04	10
1081.26	6
1081.48	9
1081.7	3
1081.92	14
1082.14	12
1082.35	8
1082.57	4
1082.79	6
1083.01	8
1083.23	5
1083.45	9
1083.67	5
1083.89	10
1084.11	5
1084.32	10
1084.54	7
1084.76	3
1084.98	6
1085.2	5
1085.42	8
1085.64	5
1085.86	10
1086.08	8
1086.29	3
1086.51	5
1086.73	7
1086.95	8
1087.17	5
1087.39	15
1087.61	10
1087.83	6
1088.05	5
1088.26	11
1088.48	5
1088.7	8
1088.92	9
1089.14	9
1089.36	8
1089.58	4
1089.8	6
1090.02	8
1090.24	4
1090.45	2
1090.67	3
1090.89	5
1091.11	13
1091.33	6
1091.55	9
1091.77	10
1091.99	6
1092.21	10
1092.42	5
1092.64	11
1092.86	6
1093.08	4
1093.3	6
1093.52	9
1093.74	2
1093.96	8
1094.18	4
1094.39	7
1094.61	7
1094.83	6
1095.05	3
1095.27	10
1095.49	7
1095.71	9
1095.93	7
1096.15	6
1096.36	5
1096.58	2
1096.8	6
1097.02	5
1097.24	8
1097.46	6
1097.68	8
1097.9	6
1098.12	7
1098.34	4
1098.55	5
1098.77	11
1098.99	4
1099.21	3
1099.43	7
1099.65	8
1099.87	8
1100.09	9
1100.31	5
1100.52	12
1100.74	5
1100.96	4
1101.18	8
1101.4	7
1101.62	11
1101.84	4
1102.06	5
1102.28	9
1102.49	9
1102.71	7
1102.93	9
1103.15	7
1103.37	5
1103.59	10
1103.81	11
1104.03	5
1104.25	6
1104.46	9
1104.68	7
1104.9	6
1105.12	7
1105.34	2
1105.56	4
1105.78	9
1106	7
1106.22	9
1106.43	7
1106.65	4
1106.87	4
1107.09	7
1107.31	5
1107.53	10
1107.75	8
1107.97	3
1108.19	4
1108.41	6
1108.62	2
1108.84	14
1109.06	9
1109.28	12
1109.5	7
1109.72	7
1109.94	6
1110.16	7
1110.38	5
1110.59	5
1110.81	8
1111.03	8
1111.25	15
1111.47	6
1111.69	6
1111.91	4
1112.13	7
1112.35	8
1112.56	9
1112.78	4
1113	3
1113.22	3
1113.44	8
1113.66	7
1113.88	6
1114.1	6
1114.32	7
1114.53	6
1114.75	7
1114.97	7
1115.19	1
1115.41	4
1115.63	1
1115.85	6
1116.07	8
1116.29	4
1116.51	6
1116.72	6
1116.94	4
1117.16	10
1117.38	4
1117.6	5
1117.82	1
1118.04	3
1118.26	4
1118.48	2
1118.69	4
1118.91	10
1119.13	10
1119.35	9
1119.57	5
1119.79	6
1120.01	4
1120.23	5
1120.45	3
1120.66	6
1120.88	5
1121.1	4
1121.32	3
1121.54	3
1121.76	9
1121.98	2
1122.2	7
1122.42	9
1122.63	5
1122.85	9
1123.07	9
1123.29	6
1123.51	6
1123.73	5
1123.95	7
1124.17	7
1124.39	5
1124.61	6
1124.82	3
1125.04	6
1125.26	5
1125.48	4
1125.7	3
1125.92	7
1126.14	5
1126.36	6
1126.58	6
1126.79	5
1127.01	5
1127.23	6
1127.45	9
1127.67	2
1127.89	6
1128.11	5
1128.33	4
1128.55	4
1128.76	6
1128.98	7
1129.2	6
1129.42	8
1129.64	2
1129.86	7
1130.08	6
1130.3	6
1130.52	2
1130.73	5
1130.95	6
1131.17	5
1131.39	4
1131.61	6
1131.83	4
1132.05	3
1132.27	5
1132.49	4
1132.71	8
1132.92	5
1133.14	7
1133.36	4
1133.58	4
1133.8	4
1134.02	5
1134.24	8
1134.46	2
1134.68	3
1134.89	7
1135.11	8
1135.33	2
1135.55	2
1135.77	5
1135.99	9
1136.21	6
1136.43	4
1136.65	2
1136.86	3
1137.08	8
1137.3	9
1137.52	9
1137.74	5
1137.96	5
1138.18	7
1138.4	5
1138.62	5
1138.83	4
1139.05	10
1139.27	5
1139.49	8
1139.71	6
1139.93	6
1140.15	2
1140.37	2
1140.59	6
1140.8	7
1141.02	8
1141.24	3
1141.46	5
1141.68	5
1141.9	3
1142.12	1
1142.34	6
1142.56	4
1142.78	3
1142.99	10
1143.21	7
1143.43	7
1143.65	6
1143.87	3
1144.09	5
1144.31	2
1144.53	1
1144.75	4
1144.96	2
1145.18	6
1145.4	3
1145.62	7
1145.84	6
1146.06	8
1146.28	2
1146.5	3
1146.72	10
1146.93	5
1147.15	3
1147.37	4
1147.59	4
1147.81	8
1148.03	5
1148.25	2
1148.47	4
1148.69	3
1148.9	7
1149.12	7
1149.34	8
1149.56	4
1149.78	7
1150	2
1150.22	7
1150.44	6
1150.66	7
1150.88	2
1151.09	3
1151.31	5
1151.53	4
1151.75	3
1151.97	6
1152.19	0
1152.41	1
1152.63	2
1152.85	2
1153.06	4
1153.28	4
1153.5	4
1153.72	9
1153.94	4
1154.16	5
1154.38	7
1154.6	4
1154.82	7
1155.03	3
1155.25	5
1155.47	1
1155.69	5
1155.91	4
1156.13	2
1156.35	3
1156.57	6
1156.79	8
1157	7
1157.22	4
1157.44	3
1157.66	6
1157.88	3
1158.1	6
1158.32	7
1158.54	6
1158.76	1
1158.98	8
1159.19	4
1159.41	2
1159.63	4
1159.85	5
1160.07	4
1160.29	1
1160.51	8
1160.73	5
1160.95	2
1161.16	5
1161.38	6
1161.6	4
1161.82	3
1162.04	5
1162.26	8
1162.48	4
1162.7	5
1162.92	3
1163.13	5
1163.35	4
1163.57	7
1163.79	3
1164.01	3
1164.23	5
1164.45	8
1164.67	4
1164.89	7
1165.1	8
1165.32	4
1165.54	8
1165.76	5
1165.98	12
1166.2	1
1166.42	8
1166.64	5
1166.86	4
1167.07	7
1167.29	8
1167.51	3
1167.73	5
1167.95	4
1168.17	2
1168.39	3
1168.61	7
1168.83	5
1169.05	1
1169.26	10
1169.48	10
1169.7	3
1169.92	4
1170.14	7
1170.36	9
1170.58	3
1170.8	6
1171.02	4
1171.23	6
1171.45	6
1171.67	8
1171.89	5
1172.11	4
1172.33	3
1172.55	9
1172.77	4
1172.99	4
1173.2	4
1173.42	4
1173.64	3
1173.86	5
1174.08	10
1174.3	7
1174.52	7
1174.74	5
1174.96	4
1175.17	3
1175.39	3
1175.61	6
1175.83	8
1176.05	8
1176.27	4
1176.49	4
1176.71	5
1176.93	6
1177.15	5
1177.36	5
1177.58	6
1177.8	6
1178.02	5
1178.24	3
1178.46	6
1178.68	4
1178.9	4
1179.12	5
1179.33	11
1179.55	5
1179.77	2
1179.99	6
1180.21	3
1180.43	4
1180.65	4
1180.87	11
1181.09	7
1181.3	0
1181.52	7
1181.74	5
1181.96	6
1182.18	9
1182.4	5
1182.62	7
1182.84	5
1183.06	7
1183.27	3
1183.49	4
1183.71	9
1183.93	5
1184.15	3
1184.37	6
1184.59	10
1184.81	5
1185.03	5
1185.25	3
1185.46	12
1185.68	5
1185.9	9
1186.12	12
1186.34	5
1186.56	3
1186.78	8
1187	9
1187.22	3
1187.43	8
1187.65	3
1187.87	4
1188.09	6
1188.31	9
1188.53	6
1188.75	10
1188.97	1
1189.19	5
1189.4	8
1189.62	6
1189.84	6
1190.06	11
1190.28	7
1190.5	5
1190.72	12
1190.94	9
1191.16	8
1191.37	3
1191.59	5
1191.81	8
1192.03	7
1192.25	6
1192.47	7
1192.69	8
1192.91	6
1193.13	5
1193.35	9
1193.56	9
1193.78	7
1194	5
1194.22	8
1194.44	3
1194.66	9
1194.88	8
1195.1	7
1195.32	4
1195.53	8
1195.75	8
1195.97	9
1196.19	7
1196.41	7
1196.63	9
1196.85	7
1197.07	6
1197.29	15
1197.5	6
1197.72	8
1197.94	4
1198.16	7
1198.38	4
1198.6	5
1198.82	9
1199.04	5
1199.26	9
1199.47	7
1199.69	10
1199.91	3
1200.13	11
1200.35	10
1200.57	7
1200.79	5
1201.01	4
1201.23	6
1201.44	7
1201.66	8
1201.88	10
1202.1	8
1202.32	11
1202.54	10
1202.76	10
1202.98	10
1203.2	9
1203.42	9
1203.63	7
1203.85	9
1204.07	10
1204.29	6
1204.51	13
1204.73	12
1204.95	8
1205.17	3
1205.39	8
1205.6	7
1205.82	9
1206.04	10
1206.26	13
1206.48	7
1206.7	11
1206.92	13
1207.14	9
1207.36	4
1207.57	14
1207.79	14
1208.01	9
1208.23	10
1208.45	15
1208.67	13
1208.89	5
1209.11	9
1209.33	9
1209.54	14
1209.76	5
1209.98	9
1210.2	9
1210.42	8
1210.64	14
1210.86	10
1211.08	13
1211.3	11
1211.52	12
1211.73	9
1211.95	7
1212.17	15
1212.39	10
1212.61	8
1212.83	13
1213.05	10
1213.27	8
1213.49	11
1213.7	13
1213.92	3
1214.14	6
1214.36	17
1214.58	11
1214.8	10
1215.02	7
1215.24	10
1215.46	15
1215.67	13
1215.89	16
1216.11	12
1216.33	12
1216.55	11
1216.77	18
1216.99	7
1217.21	15
1217.43	20
1217.64	9
1217.86	11
1218.08	8
1218.3	15
1218.52	7
1218.74	8
1218.96	11
1219.18	16
1219.4	7
1219.62	16
1219.83	8
1220.05	17
1220.27	17
1220.49	10
1220.71	13
1220.93	13
1221.15	12
1221.37	11
1221.59	7
1221.8	14
1222.02	10
1222.24	16
1222.46	8
1222.68	17
1222.9	19
1223.12	13
1223.34	7
1223.56	15
1223.77	12
1223.99	13
1224.21	11
1224.43	19
1224.65	19
1224.87	11
1225.09	19
1225.31	16
1225.53	13
1225.74	14
1225.96	19
1226.18	15
1226.4	9
1226.62	10
1226.84	13
1227.06	14
1227.28	6
1227.5	17
1227.71	26
1227.93	12
1228.15	17
1228.37	15
1228.59	18
1228.81	15
1229.03	14
1229.25	21
1229.47	12
1229.69	12
1229.9	18
1230.12	14
1230.34	22
1230.56	16
1230.78	14
1231	13
1231.22	22
1231.44	17
1231.66	11
1231.87	14
1232.09	16
1232.31	20
1232.53	15
1232.75	13
1232.97	13
1233.19	18
1233.41	15
1233.63	16
1233.84	18
1234.06	12
1234.28	26
1234.5	19
1234.72	11
1234.94	23
1235.16	24
1235.38	16
1235.6	28
1235.81	18
1236.03	12
1236.25	16
1236.47	13
1236.69	15
1236.91	17
1237.13	27
1237.35	21
1237.57	14
1237.79	25
1238	17
1238.22	14
1238.44	21
1238.66	18
1238.88	10
1239.1	18
1239.32	8
1239.54	25
1239.76	14
1239.97	17
1240.19	20
1240.41	13
1240.63	23
1240.85	14
1241.07	22
1241.29	25
1241.51	19
1241.73	22
1241.94	14
1242.16	28
1242.38	14
1242.6	23
1242.82	23
1243.04	13
1243.26	16
1243.48	20
1243.7	16
1243.91	19
1244.13	18
1244.35	19
1244.57	19
1244.79	28
1245.01	13
1245.23	16
1245.45	18
1245.67	23
1245.89	21
1246.1	19
1246.32	10
1246.54	19
1246.76	13
1246.98	16
1247.2	20
1247.42	20
1247.64	18
1247.86	16
1248.07	21
1248.29	27
1248.51	15
1248.73	14
1248.95	22
1249.17	27
1249.39	19
1249.61	15
1249.83	22
1250.04	26
1250.26	27
1250.48	14
1250.7	24
1250.92	21
1251.14	27
1251.36	31
1251.58	19
1251.8	34
1252.01	19
1252.23	22
1252.45	18
1252.67	20
1252.89	13
1253.11	34
1253.33	22
1253.55	24
1253.77	26
1253.99	20
1254.2	19
1254.42	27
1254.64	20
1254.86	17
1255.08	22
1255.3	23
1255.52	25
1255.74	18
1255.96	10
1256.17	21
1256.39	25
1256.61	26
1256.83	21
1257.05	17
1257.27	31
1257.49	25
1257.71	24
1257.93	26
1258.14	21
1258.36	15
1258.58	25
1258.8	21
1259.02	28
1259.24	18
1259.46	35
1259.68	27
1259.9	22
1260.11	28
1260.33	26
1260.55	26
1260.77	27
1260.99	25
1261.21	17
1261.43	26
1261.65	16
1261.87	20
1262.08	29
1262.3	25
1262.52	26
1262.74	21
1262.96	25
1263.18	29
1263.4	23
1263.62	20
1263.84	35
1264.06	24
1264.27	15
1264.49	23
1264.71	18
1264.93	26
1265.15	22
1265.37	18
1265.59	25
1265.81	19
1266.03	29
1266.24	22
1266.46	22
1266.68	29
1266.9	37
1267.12	26
1267.34	22
1267.56	23
1267.78	12
1268	38
1268.21	24
1268.43	27
1268.65	27
1268.87	25
1269.09	32
1269.31	22
1269.53	32
1269.75	27
1269.97	28
1270.18	29
1270.4	23
1270.62	23
1270.84	25
1271.06	19
1271.28	19
1271.5	16
1271.72	19
1271.94	23
1272.16	18
1272.37	28
1272.59	24
1272.81	21
1273.03	26
1273.25	27
1273.47	25
1273.69	24
1273.91	27
1274.13	29
1274.34	20
1274.56	31
1274.78	18
1275	31
1275.22	23
1275.44	23
1275.66	19
1275.88	25
1276.1	31
1276.31	19
1276.53	20
1276.75	18
1276.97	29
1277.19	22
1277.41	28
1277.63	28
1277.85	30
1278.07	22
1278.28	22
1278.5	24
1278.72	30
1278.94	23
1279.16	27
1279.38	35
1279.6	15
1279.82	17
1280.04	33
1280.26	27
1280.47	26
1280.69	28
1280.91	28
1281.13	20
1281.35	29
1281.57	18
1281.79	22
1282.01	20
1282.23	22
1282.44	25
1282.66	27
1282.88	30
1283.1	23
1283.32	24
1283.54	22
1283.76	27
1283.98	27
1284.2	28
1284.41	14
1284.63	25
1284.85	19
1285.07	26
1285.29	26
1285.51	20
1285.73	26
1285.95	21
1286.17	28
1286.38	20
1286.6	20
1286.82	30
1287.04	18
1287.26	19
1287.48	33
1287.7	20
1287.92	19
1288.14	14
1288.35	32
1288.57	20
1288.79	28
1289.01	25
1289.23	21
1289.45	21
1289.67	21
1289.89	27
1290.11	26
1290.33	20
1290.54	23
1290.76	27
1290.98	24
1291.2	24
1291.42	19
1291.64	30
1291.86	19
1292.08	26
1292.3	25
1292.51	24
1292.73	9
1292.95	25
1293.17	21
1293.39	18
1293.61	26
1293.83	17
1294.05	18
1294.27	25
1294.48	31
1294.7	23
1294.92	22
1295.14	24
1295.36	15
1295.58	18
1295.8	21
1296.02	22
1296.24	16
1296.45	27
1296.67	18
1296.89	23
1297.11	20
1297.33	32
1297.55	21
1297.77	34
1297.99	20
1298.21	22
1298.43	20
1298.64	23
1298.86	21
1299.08	13
1299.3	17
1299.52	17
1299.74	20
1299.96	19
1300.18	29
1300.4	13
1300.61	19
1300.83	17
1301.05	30
1301.27	31
1301.49	28
1301.71	27
1301.93	23
1302.15	18
1302.37	32
1302.58	21
1302.8	20
1303.02	17
1303.24	23
1303.46	18
1303.68	18
1303.9	19
1304.12	25
1304.34	25
1304.55	19
1304.77	16
1304.99	29
1305.21	26
1305.43	16
1305.65	28
1305.87	22
1306.09	20
1306.31	17
1306.53	17
1306.74	15
1306.96	14
1307.18	16
1307.4	20
1307.62	25
1307.84	17
1308.06	18
1308.28	24
1308.5	23
1308.71	19
1308.93	24
1309.15	31
1309.37	22
1309.59	18
1309.81	16
1310.03	13
1310.25	20
1310.47	28
1310.68	15
1310.9	21
1311.12	22
1311.34	16
1311.56	21
1311.78	11
1312	17
1312.22	18
1312.44	20
1312.65	22
1312.87	13
1313.09	18
1313.31	20
1313.53	22
1313.75	22
1313.97	15
1314.19	26
1314.41	16
1314.63	18
1314.84	18
1315.06	14
1315.28	13
1315.5	21
1315.72	19
1315.94	18
1316.16	13
1316.38	15
1316.6	19
1316.81	17
1317.03	20
1317.25	17
1317.47	17
1317.69	13
1317.91	15
1318.13	16
1318.35	19
1318.57	11
1318.78	18
1319	17
1319.22	26
1319.44	18
1319.66	22
1319.88	16
1320.1	18
1320.32	13
1320.54	10
1320.75	11
1320.97	20
1321.19	11
1321.41	14
1321.63	19
1321.85	14
1322.07	20
1322.29	12
1322.51	17
1322.72	10
1322.94	18
1323.16	10
1323.38	12
1323.6	13
1323.82	8
1324.04	23
1324.26	9
1324.48	13
1324.7	15
1324.91	16
1325.13	14
1325.35	18
1325.57	16
1325.79	17
1326.01	15
1326.23	7
1326.45	8
1326.67	10
1326.88	14
1327.1	13
1327.32	14
1327.54	12
1327.76	14
1327.98	6
1328.2	14
1328.42	18
1328.64	16
1328.85	13
1329.07	12
1329.29	13
1329.51	13
1329.73	16
1329.95	12
1330.17	14
1330.39	10
1330.61	19
1330.82	16
1331.04	18
1331.26	15
1331.48	12
1331.7	16
1331.92	19
1332.14	11
1332.36	15
1332.58	10
1332.8	15
1333.01	10
1333.23	8
1333.45	15
1333.67	20
1333.89	6
1334.11	7
1334.33	13
1334.55	10
1334.77	19
1334.98	16
1335.2	10
1335.42	10
1335.64	17
1335.86	4
1336.08	20
1336.3	12
1336.52	15
1336.74	10
1336.95	15
1337.17	12
1337.39	8
1337.61	10
1337.83	13
1338.05	18
1338.27	9
1338.49	8
1338.71	11
1338.92	10
1339.14	20
1339.36	13
1339.58	17
1339.8	15
1340.02	16
1340.24	7
1340.46	17
1340.68	11
1340.9	11
1341.11	10
1341.33	13
1341.55	12
1341.77	10
1341.99	11
1342.21	12
1342.43	7
1342.65	12
1342.87	13
1343.08	9
1343.3	7
1343.52	14
1343.74	13
1343.96	9
1344.18	18
1344.4	16
1344.62	13
1344.84	6
1345.05	13
1345.27	14
1345.49	7
1345.71	10
1345.93	10
1346.15	10
1346.37	8
1346.59	8
1346.81	12
1347.02	13
1347.24	7
1347.46	7
1347.68	9
1347.9	9
1348.12	13
1348.34	7
1348.56	7
1348.78	6
1348.99	11
1349.21	8
1349.43	13
1349.65	7
1349.87	11
1350.09	16
1350.31	5
1350.53	10
1350.75	7
1350.97	14
1351.18	9
1351.4	9
1351.62	9
1351.84	11
1352.06	12
1352.28	14
1352.5	9
1352.72	9
1352.94	9
1353.15	7
1353.37	5
1353.59	6
1353.81	15
1354.03	6
1354.25	9
1354.47	6
1354.69	7
1354.91	7
1355.12	5
1355.34	4
1355.56	7
1355.78	7
1356	5
1356.22	6
1356.44	14
1356.66	9
1356.88	11
1357.09	14
1357.31	13
1357.53	9
1357.75	8
1357.97	8
1358.19	6
1358.41	4
1358.63	8
1358.85	7
1359.07	9
1359.28	4
1359.5	7
1359.72	12
1359.94	9
1360.16	7
1360.38	13
1360.6	7
1360.82	6
1361.04	7
1361.25	3
1361.47	9
1361.69	9
1361.91	3
1362.13	2
1362.35	13
1362.57	5
1362.79	12
1363.01	6
1363.22	11
1363.44	11
1363.66	4
1363.88	8
1364.1	6
1364.32	7
1364.54	7
1364.76	8
1364.98	8
1365.19	9
1365.41	11
1365.63	8
1365.85	6
1366.07	5
1366.29	10
1366.51	6
1366.73	8
1366.95	6
1367.17	4
1367.38	8
1367.6	6
1367.82	8
1368.04	11
1368.26	2
1368.48	8
1368.7	14
1368.92	11
1369.14	9
1369.35	6
1369.57	4
1369.79	9
1370.01	9
1370.23	8
1370.45	6
1370.67	7
1370.89	6
1371.11	3
1371.32	5
1371.54	8
1371.76	8
1371.98	6
1372.2	6
1372.42	8
1372.64	7
1372.86	11
1373.08	12
1373.29	5
1373.51	4
1373.73	9
1373.95	6
1374.17	4
1374.39	8
1374.61	3
1374.83	4
1375.05	4
1375.27	7
1375.48	8
1375.7	5
1375.92	7
1376.14	9
1376.36	6
1376.58	5
1376.8	4
1377.02	9
1377.24	6
1377.45	5
1377.67	6
1377.89	4
1378.11	7
1378.33	4
1378.55	5
1378.77	6
1378.99	7
1379.21	9
1379.42	5
1379.64	3
1379.86	1
1380.08	2
1380.3	5
1380.52	9
1380.74	4
1380.96	8
1381.18	2
1381.39	5
1381.61	5
1381.83	6
1382.05	6
1382.27	6
1382.49	5
1382.71	6
1382.93	3
1383.15	8
1383.36	7
1383.58	4
1383.8	5
1384.02	6
1384.24	8
1384.46	6
1384.68	6
1384.9	3
1385.12	1
1385.34	9
1385.55	10
1385.77	9
1385.99	3
1386.21	5
1386.43	0
1386.65	8
1386.87	5
1387.09	6
1387.31	8
1387.52	5
1387.74	2
1387.96	6
1388.18	3
1388.4	7
1388.62	3
1388.84	3
1389.06	9
1389.28	7
1389.49	7
1389.71	3
1389.93	3
1390.15	4
1390.37	9
1390.59	4
1390.81	3
1391.03	6
1391.25	2
1391.46	7
1391.68	3
1391.9	6
1392.12	2
1392.34	5
1392.56	5
1392.78	4
1393	5
1393.22	3
1393.44	8
1393.65	3
1393.87	5
1394.09	8
1394.31	5
1394.53	5
1394.75	4
1394.97	4
1395.19	5
1395.41	4
1395.62	3
1395.84	12
1396.06	8
1396.28	3
1396.5	7
1396.72	6
1396.94	2
1397.16	6
1397.38	4
1397.59	3
1397.81	5
1398.03	5
1398.25	3
1398.47	5
1398.69	5
1398.91	6
1399.13	9
1399.35	4
1399.56	10
1399.78	2
1400	5
1400.22	5
1400.44	8
1400.66	4
1400.88	4
1401.1	6
1401.32	7
1401.54	5
1401.75	5
1401.97	3
1402.19	4
1402.41	1
1402.63	3
1402.85	9
1403.07	2
1403.29	4
1403.51	7
1403.72	6
1403.94	6
1404.16	5
1404.38	6
1404.6	3
1404.82	4
1405.04	3
1405.26	2
1405.48	4
1405.69	5
1405.91	2
1406.13	10
1406.35	3
1406.57	12
1406.79	4
1407.01	4
1407.23	1
1407.45	4
1407.66	8
1407.88	1
1408.1	5
1408.32	4
1408.54	6
1408.76	4
1408.98	4
1409.2	2
1409.42	4
1409.64	8
1409.85	1
1410.07	4
1410.29	2
1410.51	4
1410.73	3
1410.95	3
1411.17	2
1411.39	4
1411.61	3
1411.82	5
1412.04	1
1412.26	2
1412.48	4
1412.7	4
1412.92	3
1413.14	5
1413.36	5
1413.58	8
1413.79	4
1414.01	2
1414.23	6
1414.45	3
1414.67	4
1414.89	0
1415.11	3
1415.33	2
1415.55	7
1415.76	3
1415.98	5
1416.2	4
1416.42	4
1416.64	7
1416.86	3
1417.08	1
1417.3	5
1417.52	6
1417.73	6
1417.95	1
1418.17	1
1418.39	3
1418.61	9
1418.83	1
1419.05	6
1419.27	4
1419.49	3
1419.71	2
1419.92	5
1420.14	7
1420.36	6
1420.58	5
1420.8	3
1421.02	5
1421.24	5
1421.46	4
1421.68	6
1421.89	5
1422.11	4
1422.33	10
1422.55	2
1422.77	4
1422.99	7
1423.21	1
1423.43	8
1423.65	7
1423.86	3
1424.08	3
1424.3	4
1424.52	1
1424.74	6
1424.96	7
1425.18	6
1425.4	7
1425.62	6
1425.83	2
1426.05	5
1426.27	6
1426.49	3
1426.71	4
1426.93	5
1427.15	3
1427.37	6
1427.59	2
1427.81	6
1428.02	2
1428.24	2
1428.46	0
1428.68	2
1428.9	4
1429.12	6
1429.34	2
1429.56	1
1429.78	2
1429.99	3
1430.21	3
1430.43	2
1430.65	7
1430.87	4
1431.09	7
1431.31	3
1431.53	7
1431.75	6
1431.96	5
1432.18	2
1432.4	4
1432.62	5
1432.84	4
1433.06	5
1433.28	7
1433.5	4
1433.72	8
1433.93	1
1434.15	5
1434.37	2
1434.59	5
1434.81	3
1435.03	1
1435.25	5
1435.47	7
1435.69	1
1435.91	3
1436.12	2
1436.34	6
1436.56	4
1436.78	6
1437	3
1437.22	2
1437.44	2
1437.66	2
1437.88	3
1438.09	3
1438.31	5
1438.53	2
1438.75	4
1438.97	4
1439.19	3
1439.41	4
1439.63	4
1439.85	2
1440.06	2
1440.28	3
1440.5	1
1440.72	4
1440.94	1
1441.16	4
1441.38	4
1441.6	7
1441.82	2
1442.03	5
1442.25	5
1442.47	4
1442.69	3
1442.91	3
1443.13	3
1443.35	5
1443.57	3
1443.79	3
1444	2
1444.22	1
1444.44	4
1444.66	2
1444.88	3
1445.1	4
1445.32	3
1445.54	3
1445.76	5
1445.98	3
1446.19	5
1446.41	3
1446.63	7
1446.85	4
1447.07	2
1447.29	1
1447.51	5
1447.73	5
1447.95	4
1448.16	3
1448.38	4
1448.6	9
1448.82	1
1449.04	4
1449.26	6
1449.48	2
1449.7	7
1449.92	1
1450.13	3
1450.35	4
1450.57	5
1450.79	3
1451.01	2
1451.23	3
1451.45	6
1451.67	5
1451.89	1
1452.1	3
1452.32	5
1452.54	5
1452.76	0
1452.98	8
1453.2	4
1453.42	8
1453.64	4
1453.86	2
1454.08	5
1454.29	2
1454.51	1
1454.73	3
1454.95	4
1455.17	5
1455.39	5
1455.61	3
1455.83	2
1456.05	1
1456.26	4
1456.48	4
1456.7	2
1456.92	6
1457.14	1
1457.36	2
1457.58	4
1457.8	5
1458.02	2
1458.23	4
1458.45	2
1458.67	1
1458.89	3
1459.11	1
1459.33	5
1459.55	2
1459.77	3
1459.99	3
1460.2	3
1460.42	4
1460.64	3
1460.86	4
1461.08	2
1461.3	2
1461.52	4
1461.74	1
1461.96	2
1462.18	2
1462.39	3
1462.61	3
1462.83	5
1463.05	1
1463.27	2
1463.49	2
1463.71	2
1463.93	2
1464.15	4
1464.36	1
1464.58	2
1464.8	3
1465.02	3
1465.24	2
1465.46	3
1465.68	5
1465.9	5
1466.12	0
1466.33	1
1466.55	2
1466.77	4
1466.99	4
1467.21	1
1467.43	8
1467.65	3
1467.87	1
1468.09	5
1468.3	3
1468.52	4
1468.74	4
1468.96	1
1469.18	4
1469.4	3
1469.62	5
1469.84	5
1470.06	7
1470.28	3
1470.49	3
1470.71	6
1470.93	2
1471.15	6
1471.37	2
1471.59	4
1471.81	2
1472.03	0
1472.25	2
1472.46	6
1472.68	3
1472.9	4
1473.12	7
1473.34	1
1473.56	1
1473.78	4
1474	1
1474.22	3
1474.43	2
1474.65	3
1474.87	5
1475.09	7
1475.31	2
1475.53	1
1475.75	3
1475.97	3
1476.19	8
1476.4	5
1476.62	1
1476.84	2
1477.06	5
1477.28	4
1477.5	3
1477.72	3
1477.94	3
1478.16	3
1478.37	2
1478.59	4
1478.81	9
1479.03	4
1479.25	4
1479.47	2
1479.69	3
1479.91	1
1480.13	2
1480.35	5
1480.56	4
1480.78	4
1481	3
1481.22	4
1481.44	1
1481.66	6
1481.88	4
1482.1	3
1482.32	4
1482.53	3
1482.75	3
1482.97	1
1483.19	2
1483.41	5
1483.63	2
1483.85	2
1484.07	2
1484.29	3
1484.5	3
1484.72	6
1484.94	6
1485.16	2
1485.38	5
1485.6	6
1485.82	2
1486.04	4
1486.26	2
1486.47	3
1486.69	5
1486.91	5
1487.13	4
1487.35	6
1487.57	6
1487.79	2
1488.01	1
1488.23	3
1488.45	1
1488.66	2
1488.88	3
1489.1	4
1489.32	4
1489.54	7
1489.76	2
1489.98	2
1490.2	1
1490.42	5
1490.63	4
1490.85	0
1491.07	3
1491.29	3
1491.51	2
1491.73	1
1491.95	5
1492.17	3
1492.39	4
1492.6	3
1492.82	5
1493.04	2
1493.26	3
1493.48	4
1493.7	5
1493.92	1
1494.14	2
1494.36	4
1494.57	4
1494.79	5
1495.01	1
1495.23	3
1495.45	2
1495.67	3
1495.89	1
1496.11	3
1496.33	4
1496.55	2
1496.76	6
1496.98	5
1497.2	5
1497.42	4
1497.64	4
1497.86	6
1498.08	2
1498.3	4
1498.52	4
1498.73	5
1498.95	7
1499.17	4
1499.39	5
1499.61	4
1499.83	4
1500.05	1
1500.27	5
1500.49	4
1500.7	1
1500.92	3
1501.14	8
1501.36	2
1501.58	4
1501.8	1
1502.02	3
1502.24	3
1502.46	4
1502.67	3
1502.89	2
1503.11	3
1503.33	1
1503.55	3
1503.77	4
1503.99	2
1504.21	4
1504.43	3
1504.64	0
1504.86	4
1505.08	3
1505.3	4
1505.52	2
1505.74	4
1505.96	2
1506.18	4
1506.4	1
1506.62	3
1506.83	4
1507.05	0
1507.27	5
1507.49	2
1507.71	3
1507.93	1
1508.15	5
1508.37	3
1508.59	3
1508.8	2
1509.02	3
1509.24	4
1509.46	2
1509.68	3
1509.9	0
1510.12	3
1510.34	5
1510.56	4
1510.77	3
1510.99	5
1511.21	5
1511.43	5
1511.65	5
1511.87	7
1512.09	5
1512.31	3
1512.53	4
1512.74	4
1512.96	3
1513.18	5
1513.4	3
1513.62	3
1513.84	4
1514.06	5
1514.28	1
1514.5	3
1514.72	2
1514.93	4
1515.15	6
1515.37	2
1515.59	2
1515.81	4
1516.03	5
1516.25	3
1516.47	2
1516.69	0
1516.9	1
1517.12	6
1517.34	3
1517.56	2
1517.78	6
1518	4
1518.22	4
1518.44	1
1518.66	3
1518.87	3
1519.09	6
1519.31	3
1519.53	4
1519.75	5
1519.97	2
1520.19	2
1520.41	2
1520.63	1
1520.84	5
1521.06	8
1521.28	3
1521.5	1
1521.72	4
1521.94	6
1522.16	4
1522.38	3
1522.6	3
1522.82	3
1523.03	3
1523.25	2
1523.47	2
1523.69	1
1523.91	1
1524.13	3
1524.35	4
1524.57	1
1524.79	2
1525	0
1525.22	1
1525.44	1
1525.66	5
1525.88	4
1526.1	3
1526.32	4
1526.54	2
1526.76	3
1526.97	5
1527.19	2
1527.41	1
1527.63	4
1527.85	2
1528.07	3
1528.29	4
1528.51	5
1528.73	3
1528.94	1
1529.16	3
1529.38	3
1529.6	2
1529.82	1
1530.04	6
1530.26	3
1530.48	0
1530.7	4
1530.92	0
1531.13	3
1531.35	5
1531.57	1
1531.79	7
1532.01	3
1532.23	3
1532.45	4
1532.67	3
1532.89	3
1533.1	6
1533.32	0
1533.54	2
1533.76	1
1533.98	2
1534.2	3
1534.42	4
1534.64	1
1534.86	3
1535.07	3
1535.29	5
1535.51	2
1535.73	2
1535.95	3
1536.17	5
1536.39	1
1536.61	2
1536.83	3
1537.04	4
1537.26	1
1537.48	1
1537.7	2
1537.92	4
1538.14	0
1538.36	5
1538.58	3
1538.8	2
1539.01	1
1539.23	3
1539.45	1
1539.67	3
1539.89	5
1540.11	4
1540.33	4
1540.55	4
1540.77	2
1540.99	0
1541.2	4
1541.42	3
1541.64	2
1541.86	4
1542.08	1
1542.3	1
1542.52	1
1542.74	0
1542.96	2
1543.17	1
1543.39	0
1543.61	0
1543.83	1
1544.05	3
1544.27	3
1544.49	2
1544.71	6
1544.93	1
1545.14	2
1545.36	3
1545.58	4
1545.8	4
1546.02	2
1546.24	3
1546.46	2
1546.68	1
1546.9	6
1547.11	1
1547.33	2
1547.55	1
1547.77	7
1547.99	1
1548.21	3
1548.43	1
1548.65	2
1548.87	1
1549.09	5
1549.3	2
1549.52	8
1549.74	5
1549.96	2
1550.18	3
1550.4	5
1550.62	11
1550.84	1
1551.06	5
1551.27	2
1551.49	2
1551.71	2
1551.93	1
1552.15	1
1552.37	2
1552.59	3
1552.81	5
1553.03	1
1553.24	2
1553.46	3
1553.68	1
1553.9	2
1554.12	2
1554.34	3
1554.56	2
1554.78	5
1555	2
1555.21	2
1555.43	7
1555.65	0
1555.87	3
1556.09	2
1556.31	1
1556.53	2
1556.75	3
1556.97	0
1557.19	0
1557.4	2
1557.62	1
1557.84	6
1558.06	0
1558.28	1
1558.5	0
1558.72	0
1558.94	3
1559.16	2
1559.37	2
1559.59	2
1559.81	2
1560.03	3
1560.25	1
1560.47	0
1560.69	2
1560.91	1
1561.13	4
1561.34	0
1561.56	0
1561.78	7
1562	2
1562.22	2
1562.44	2
1562.66	3
1562.88	2
1563.1	3
1563.31	2
1563.53	1
1563.75	1
1563.97	4
1564.19	2
1564.41	3
1564.63	3
1564.85	4
1565.07	3
1565.28	3
1565.5	1
1565.72	1
1565.94	2
1566.16	2
1566.38	2
1566.6	2
1566.82	4
1567.04	4
1567.26	3
1567.47	2
1567.69	5
1567.91	2
1568.13	2
1568.35	3
1568.57	1
1568.79	1
1569.01	2
1569.23	0
1569.44	2
1569.66	2
1569.88	2
1570.1	2
1570.32	4
1570.54	0
1570.76	4
1570.98	5
1571.2	5
1571.41	3
1571.63	1
1571.85	1
1572.07	5
1572.29	0
1572.51	3
1572.73	2
1572.95	3
1573.17	3
1573.38	2
1573.6	0
1573.82	2
1574.04	0
1574.26	3
1574.48	3
1574.7	2
1574.92	2
1575.14	2
1575.36	2
1575.57	5
1575.79	5
1576.01	0
1576.23	2
1576.45	2
1576.67	2
1576.89	2
1577.11	3
1577.33	1
1577.54	2
1577.76	2
1577.98	1
1578.2	0
1578.42	7
1578.64	2
1578.86	1
1579.08	3
1579.3	1
1579.51	2
1579.73	1
1579.95	2
1580.17	5
1580.39	0
1580.61	7
1580.83	2
1581.05	5
1581.27	3
1581.48	0
1581.7	3
1581.92	0
1582.14	2
1582.36	2
1582.58	4
1582.8	2
1583.02	4
1583.24	2
1583.46	1
1583.67	6
1583.89	3
1584.11	4
1584.33	2
1584.55	2
1584.77	2
1584.99	0
1585.21	2
1585.43	1
1585.64	2
1585.86	0
1586.08	3
1586.3	6
1586.52	1
1586.74	2
1586.96	3
1587.18	3
1587.4	1
1587.61	6
1587.83	1
1588.05	3
1588.27	3
1588.49	2
1588.71	3
1588.93	2
1589.15	0
1589.37	1
1589.58	1
1589.8	3
1590.02	3
1590.24	3
1590.46	1
1590.68	2
1590.9	2
1591.12	3
1591.34	1
1591.56	3
1591.77	1
1591.99	2
1592.21	3
1592.43	0
1592.65	1
1592.87	2
1593.09	3
1593.31	3
1593.53	0
1593.74	2
1593.96	1
1594.18	2
1594.4	3
1594.62	3
1594.84	1
1595.06	2
1595.28	2
1595.5	0
1595.71	3
1595.93	1
1596.15	2
1596.37	1
1596.59	1
1596.81	1
1597.03	0
1597.25	3
1597.47	2
1597.68	4
1597.9	5
1598.12	3
1598.34	1
1598.56	1
1598.78	0
1599	1
1599.22	1
1599.44	1
1599.65	2
1599.87	3
1600.09	2
1600.31	3
1600.53	5
1600.75	1
1600.97	0
1601.19	1
1601.41	2
1601.63	2
1601.84	5
1602.06	2
1602.28	3
1602.5	1
1602.72	0
1602.94	3
1603.16	2
1603.38	3
1603.6	2
1603.81	1
1604.03	2
1604.25	0
1604.47	3
1604.69	4
1604.91	0
1605.13	0
1605.35	2
1605.57	1
1605.78	2
1606	2
1606.22	0
1606.44	2
1606.66	1
1606.88	1
1607.1	3
1607.32	2
1607.54	3
1607.75	2
1607.97	1
1608.19	6
1608.41	1
1608.63	2
1608.85	5
1609.07	2
1609.29	2
1609.51	0
1609.73	1
1609.94	1
1610.16	0
1610.38	4
1610.6	1
1610.82	2
1611.04	6
1611.26	2
1611.48	3
1611.7	0
1611.91	0
1612.13	1
1612.35	4
1612.57	1
1612.79	0
1613.01	2
1613.23	0
1613.45	2
1613.67	2
1613.88	1
1614.1	2
1614.32	3
1614.54	1
1614.76	2
1614.98	1
1615.2	4
1615.42	1
1615.64	1
1615.85	0
1616.07	3
1616.29	1
1616.51	4
1616.73	4
1616.95	3
1617.17	1
1617.39	3
1617.61	3
1617.83	0
1618.04	3
1618.26	0
1618.48	1
1618.7	3
1618.92	3
1619.14	2
1619.36	1
1619.58	2
1619.8	1
1620.01	6
1620.23	2
1620.45	3
1620.67	3
1620.89	3
1621.11	2
1621.33	1
1621.55	1
1621.77	2
1621.98	1
1622.2	1
1622.42	1
1622.64	1
1622.86	2
1623.08	2
1623.3	3
1623.52	2
1623.74	2
1623.95	1
1624.17	2
1624.39	4
1624.61	0
1624.83	0
1625.05	3
1625.27	2
1625.49	1
1625.71	2
1625.93	2
1626.14	3
1626.36	1
1626.58	1
1626.8	1
1627.02	1
1627.24	1
1627.46	1
1627.68	3
1627.9	0
1628.11	2
1628.33	1
1628.55	1
1628.77	0
1628.99	3
1629.21	1
1629.43	1
1629.65	2
1629.87	3
1630.08	0
1630.3	4
1630.52	0
1630.74	0
1630.96	0
1631.18	2
1631.4	0
1631.62	1
1631.84	4
1632.05	1
1632.27	0
1632.49	2
1632.71	2
1632.93	1
1633.15	2
1633.37	2
1633.59	1
1633.81	3
1634.02	2
1634.24	2
1634.46	1
1634.68	2
1634.9	3
1635.12	2
1635.34	1
1635.56	2
1635.78	1
1636	1
1636.21	2
1636.43	3
1636.65	1
1636.87	1
1637.09	1
1637.31	1
1637.53	1
1637.75	3
1637.97	0
1638.18	2
1638.4	1
1638.62	1
1638.84	1
1639.06	3
1639.28	0
1639.5	1
1639.72	1
1639.94	1
1640.15	3
1640.37	0
1640.59	2
1640.81	3
1641.03	1
1641.25	2
1641.47	3
1641.69	1
1641.91	3
1642.12	2
1642.34	2
1642.56	2
1642.78	1
1643	0
1643.22	3
1643.44	0
1643.66	1
1643.88	0
1644.1	0
1644.31	1
1644.53	1
1644.75	0
1644.97	1
1645.19	3
1645.41	1
1645.63	1
1645.85	1
1646.07	1
1646.28	1
1646.5	1
1646.72	0
1646.94	2
1647.16	2
1647.38	1
1647.6	1
1647.82	0
1648.04	2
1648.25	1
1648.47	0
1648.69	3
1648.91	0
1649.13	0
1649.35	1
1649.57	3
1649.79	0
1650.01	1
1650.22	0
1650.44	1
1650.66	0
1650.88	0
1651.1	2
1651.32	0
1651.54	0
1651.76	1
1651.98	1
1652.2	3
1652.41	0
1652.63	2
1652.85	1
1653.07	0
1653.29	3
1653.51	0
1653.73	0
1653.95	0
1654.17	2
1654.38	2
1654.6	2
1654.82	0
1655.04	1
1655.26	0
1655.48	1
1655.7	0
1655.92	0
1656.14	2
1656.35	2
1656.57	2
1656.79	0
1657.01	0
1657.23	1
1657.45	2
1657.67	1
1657.89	3
1658.11	1
1658.32	0
1658.54	0
1658.76	0
1658.98	2
1659.2	1
1659.42	3
1659.64	2
1659.86	1
1660.08	2
1660.29	2
1660.51	1
1660.73	4
1660.95	0
1661.17	0
1661.39	2
1661.61	0
1661.83	1
1662.05	1
1662.27	1
1662.48	1
1662.7	0
1662.92	0
1663.14	1
1663.36	2
1663.58	0
1663.8	1
1664.02	0
1664.24	1
1664.45	0
1664.67	1
1664.89	3
1665.11	1
1665.33	1
1665.55	1
1665.77	0
1665.99	0
1666.21	1
1666.42	0
1666.64	0
1666.86	0
1667.08	2
1667.3	1
1667.52	1
1667.74	1
1667.96	0
1668.18	0
1668.39	0
1668.61	1
1668.83	1
1669.05	1
1669.27	2
1669.49	1
1669.71	1
1669.93	1
1670.15	1
1670.37	0
1670.58	0
1670.8	1
1671.02	1
1671.24	0
1671.46	0
1671.68	2
1671.9	2
1672.12	1
1672.34	3
1672.55	1
1672.77	1
1672.99	0
1673.21	1
1673.43	1
1673.65	2
1673.87	1
1674.09	1
1674.31	3
1674.52	0
1674.74	0
1674.96	0
1675.18	1
1675.4	0
1675.62	2
1675.84	1
1676.06	0
1676.28	1
1676.49	1
1676.71	1
1676.93	0
1677.15	0
1677.37	0
1677.59	1
1677.81	1
1678.03	2
1678.25	1
1678.47	2
1678.68	1
1678.9	1
1679.12	0
1679.34	1
1679.56	3
1679.78	0
1680	0
1680.22	0
1680.44	0
1680.65	1
1680.87	3
1681.09	3
1681.31	2
1681.53	0
1681.75	2
1681.97	1
1682.19	0
1682.41	2
1682.62	1
1682.84	0
1683.06	2
1683.28	1
1683.5	2
1683.72	2
1683.94	1
1684.16	0
1684.38	1
1684.59	0
1684.81	0
1685.03	0
1685.25	0
1685.47	0
1685.69	0
1685.91	0
1686.13	0
1686.35	0
1686.57	0
1686.78	0
1687	0
1687.22	0
1687.44	0
1687.66	0
1687.88	0
1688.1	0
1688.32	0
1688.54	0
1688.75	0
1688.97	0
1689.19	0
1689.41	0
1689.63	0
1689.85	0
1690.07	0
1690.29	0
1690.51	0
1690.72	0
1690.94	0
1691.16	0
1691.38	0
1691.6	0
1691.82	0
1692.04	0
1692.26	0
1692.48	0
1692.69	0
1692.91	0
1693.13	1
1693.35	0
1693.57	0
1693.79	0
1694.01	0
1694.23	0
1694.45	0
1694.66	0
1694.88	0
1695.1	0
1695.32	0
1695.54	0
1695.76	0
1695.98	0
1696.2	0
1696.42	0
1696.64	0
1696.85	0
1697.07	0
1697.29	0
1697.51	0
1697.73	0
1697.95	0
1698.17	0
1698.39	0
1698.61	0
1698.82	0
1699.04	0
1699.26	0
1699.48	0
1699.7	0
1699.92	1
1700.14	0
1700.36	0
1700.58	0
1700.79	0
1701.01	0
1701.23	0
1701.45	0
1701.67	0
1701.89	0
1702.11	0
1702.33	0
1702.55	0
1702.76	0
1702.98	0
1703.2	0
1703.42	0
1703.64	0
1703.86	0
1704.08	0
1704.3	0
1704.52	0
1704.74	0
1704.95	0
1705.17	0
1705.39	0
1705.61	0
1705.83	0
1706.05	0
1706.27	0
1706.49	0
1706.71	0
1706.92	0
1707.14	0
1707.36	0
1707.58	0
1707.8	0
1708.02	0
1708.24	1
1708.46	0
1708.68	0
1708.89	0
1709.11	0
1709.33	0
1709.55	0
1709.77	0
1709.99	0
1710.21	0
1710.43	0
1710.65	0
1710.86	0
1711.08	0
1711.3	0
1711.52	0
1711.74	0
1711.96	0
1712.18	0
1712.4	0
1712.62	0
1712.84	0
1713.05	0
1713.27	0
1713.49	0
1713.71	0
1713.93	0
1714.15	0
1714.37	0
1714.59	0
1714.81	0
1715.02	0
1715.24	0
1715.46	0
1715.68	0
1715.9	0
1716.12	0
1716.34	0
1716.56	0
1716.78	0
1716.99	0
1717.21	0
1717.43	0
1717.65	0
1717.87	0
1718.09	0
1718.31	0
1718.53	0
1718.75	0
1718.96	0
1719.18	0
1719.4	0
1719.62	0
1719.84	0
1720.06	0
1720.28	0
1720.5	0
1720.72	0
1720.93	0
1721.15	0
1721.37	0
1721.59	0
1721.81	0
1722.03	0
1722.25	0
1722.47	0
1722.69	0
1722.91	0
1723.12	0
1723.34	0
1723.56	0
1723.78	0
1724	0
1724.22	0
1724.44	0
1724.66	0
1724.88	0
1725.09	0
1725.31	0
1725.53	0
1725.75	0
1725.97	0
1726.19	0
1726.41	0
1726.63	0
1726.85	0
1727.06	0
1727.28	0
1727.5	0
1727.72	0
1727.94	0
1728.16	0
1728.38	0
1728.6	0
1728.82	0
1729.03	0
1729.25	0
1729.47	0
1729.69	0
1729.91	0
1730.13	0
1730.35	0
1730.57	0
1730.79	0
1731.01	0
1731.22	0
1731.44	0
1731.66	0
1731.88	0
1732.1	0
1732.32	0
1732.54	0
1732.76	0
1732.98	0
1733.19	0
1733.41	0
1733.63	0
1733.85	0
1734.07	0
1734.29	0
1734.51	0
1734.73	0
1734.95	0
1735.16	0
1735.38	0
1735.6	0
1735.82	0
1736.04	0
1736.26	0
1736.48	0
1736.7	0
1736.92	0
1737.13	0
1737.35	0
1737.57	0
1737.79	0
1738.01	0
1738.23	0
1738.45	0
1738.67	0
1738.89	0
1739.11	0
1739.32	0
1739.54	0
1739.76	0
1739.98	0
1740.2	0
1740.42	0
1740.64	0
1740.86	0
1741.08	0
1741.29	0
1741.51	0
1741.73	0
1741.95	0
1742.17	0
1742.39	0
1742.61	0
1742.83	0
1743.05	0
1743.26	0
1743.48	0
1743.7	0
1743.92	0
1744.14	0
1744.36	0
1744.58	0
1744.8	0
1745.02	0
1745.23	0
1745.45	0
1745.67	0
1745.89	0
1746.11	0
1746.33	0
1746.55	0
1746.77	0
1746.99	0
1747.21	0
1747.42	0
1747.64	0
1747.86	0
1748.08	0
1748.3	0
1748.52	0
1748.74	0
1748.96	0
1749.18	0
1749.39	0
1749.61	0
1749.83	0
1750.05	0
1750.27	0
1750.49	0
1750.71	0
1750.93	0
1751.15	0
1751.36	0
1751.58	0
1751.8	0
1752.02	0
1752.24	0
1752.46	0
1752.68	0
1752.9	0
1753.12	0
1753.33	0
1753.55	0
1753.77	0
1753.99	0
1754.21	0
1754.43	0
1754.65	0
1754.87	0
1755.09	0
1755.3	0
1755.52	0
1755.74	0
1755.96	0
1756.18	0
1756.4	0
1756.62	0
1756.84	0
1757.06	0
1757.28	0
1757.49	0
1757.71	0
1757.93	0
1758.15	0
1758.37	0
1758.59	0
1758.81	0
1759.03	0
1759.25	0
1759.46	0
1759.68	0
1759.9	0
1760.12	0
1760.34	0
1760.56	0
1760.78	0
1761	0
1761.22	0
1761.43	0
1761.65	0
1761.87	0
1762.09	0
1762.31	0
1762.53	0
1762.75	0
1762.97	0
1763.19	0
1763.4	0
1763.62	0
1763.84	0
1764.06	0
1764.28	0
