7.4025	7.91	1.57	14.60	1.29	0.16	2.38	10.70	11.80	17.00	10.00
7.4719	8.77	1.76	18.21	1.38	0.16	2.86	12.70	11.80	19.00	10.00
7.5275	9.46	1.92	21.39	1.38	0.16	3.11	12.70	11.80	19.00	10.00
7.5969	10.41	2.12	25.93	1.55	0.16	3.86	12.70	13.80	21.00	20.00
7.6525	11.27	2.31	30.67	1.63	0.19	4.45	12.70	11.80	21.00	20.00
7.7081	11.78	2.43	33.71	1.63	0.19	4.67	12.70	11.80	23.00	30.00
7.7636	12.04	2.51	35.55	1.63	0.19	4.83	12.70	11.80	21.00	30.00
7.8192	13.16	2.75	42.50	1.72	0.23	5.56	12.70	13.80	23.00	40.00
7.8747	13.59	2.82	45.14	1.89	0.23	6.29	12.70	13.80	23.00	40.00
7.9303	14.02	2.94	48.51	1.98	0.23	6.85	14.70	13.80	25.00	50.00
7.9861	14.45	2.98	50.67	2.06	0.27	7.24	14.70	13.80	25.00	60.00
8.0417	14.79	3.06	53.24	2.06	0.27	7.43	14.70	13.80	25.00	70.00
8.0972	14.96	3.10	54.55	2.15	0.27	7.84	14.70	13.80	25.00	70.00
8.1528	15.14	3.18	56.57	2.32	0.31	8.68	14.70	13.80	25.00	80.00
8.2083	15.14	3.18	56.57	2.41	0.35	9.00	14.70	15.80	27.00	90.00
8.2639	15.22	3.22	57.59	2.67	0.39	10.09	16.70	15.80	27.00	90.00
8.3194	15.39	3.22	58.24	2.84	0.43	10.74	16.70	15.80	29.00	100.00
8.3750	15.39	3.22	58.24	3.01	0.47	11.39	16.70	15.80	29.00	110.00
8.4306	15.39	3.26	58.95	3.35	0.50	12.84	16.70	15.80	31.00	120.00
8.4861	15.74	3.26	60.27	3.53	0.58	13.50	16.70	15.80	31.00	130.00
8.5417	15.82	3.29	61.33	3.78	0.66	14.67	18.70	15.80	31.00	140.00
8.5972	15.82	3.29	61.33	4.13	0.70	16.00	18.70	17.80	31.00	150.00
8.6531	15.82	3.29	61.33	4.56	0.78	17.67	18.70	17.80	31.00	150.00
8.7086	15.82	3.33	62.06	4.82	0.85	18.89	18.70	17.80	31.00	160.00
8.7642	15.82	3.29	61.33	5.07	0.93	19.67	18.70	19.80	33.00	160.00
8.8197	15.82	3.33	62.06	5.59	1.01	21.92	20.70	17.80	31.00	180.00
8.8753	15.82	3.33	62.06	5.93	1.09	23.27	20.70	19.80	29.00	180.00
8.9308	15.82	3.33	62.06	6.28	1.17	24.62	18.70	19.80	29.00	190.00
8.9864	15.82	3.33	62.06	6.88	1.32	26.98	18.70	19.80	33.00	200.00
9.0419	15.82	3.33	62.06	7.14	1.36	28.00	20.70	19.80	33.00	200.00
9.0975	16.17	3.33	63.41	7.57	1.48	29.68	20.70	19.80	33.00	210.00
9.1531	15.82	3.33	62.06	8.00	1.55	31.37	20.70	21.80	33.00	220.00
9.2089	16.17	3.37	64.16	8.43	1.63	33.44	20.70	21.80	33.00	230.00
9.2644	15.82	3.37	62.79	8.94	1.75	35.49	20.70	21.80	33.00	230.00
9.3200	16.17	3.37	64.16	9.20	1.83	36.51	20.70	21.80	33.00	240.00
9.3756	16.17	3.37	64.16	9.63	1.90	38.22	20.70	21.80	33.00	250.00
9.4311	15.82	3.37	62.79	10.06	2.02	39.93	20.70	23.80	35.00	250.00
9.4867	15.82	3.33	62.06	10.41	2.10	40.81	20.70	23.80	37.00	260.00
9.5422	15.82	3.33	62.06	10.75	2.18	42.16	22.70	21.80	35.00	260.00
9.5978	15.82	3.33	62.06	11.27	2.29	44.19	20.70	23.80	37.00	270.00
9.6533	15.82	3.33	62.06	11.70	2.41	45.87	22.70	23.80	37.00	290.00
9.7089	15.82	3.33	62.06	12.21	2.52	47.90	22.70	25.80	37.00	300.00
9.7644	15.82	3.33	62.06	12.64	2.60	49.58	24.70	25.80	37.00	300.00
9.8200	15.82	3.33	62.06	12.99	2.68	50.93	22.70	23.80	37.00	310.00
9.8897	15.82	3.33	62.06	13.50	2.80	52.95	24.70	25.80	37.00	320.00
9.9731	15.82	3.37	62.79	14.10	2.91	55.97	24.70	25.80	37.00	330.00
10.0425	15.82	3.33	62.06	14.45	3.03	56.67	20.70	25.80	37.00	340.00
10.0981	16.17	3.37	64.16	14.71	3.03	58.36	22.70	25.80	37.00	350.00
10.1536	16.17	3.37	64.16	14.88	3.11	59.04	20.70	25.80	37.00	360.00
10.2092	15.82	3.33	62.06	14.96	3.11	58.69	24.70	27.80	39.00	360.00
10.2647	15.82	3.33	62.06	15.14	3.15	59.36	24.70	27.80	39.00	370.00
10.3203	15.82	3.33	62.06	15.14	3.15	59.36	24.70	29.80	39.00	380.00
10.3758	15.82	3.33	62.06	15.31	3.18	60.04	24.70	29.80	39.00	390.00
10.4314	15.82	3.33	62.06	15.39	3.18	60.38	24.70	29.80	39.00	400.00
10.4872	15.82	3.33	62.06	15.39	3.22	60.38	24.70	29.80	39.00	410.00
10.5428	15.82	3.33	62.06	15.39	3.22	60.38	24.70	29.80	39.00	410.00
10.5983	15.82	3.33	62.06	15.48	3.22	60.71	24.70	29.80	39.00	420.00
10.6539	15.82	3.33	62.06	15.65	3.26	61.39	24.70	29.80	39.00	430.00
10.7094	15.82	3.33	62.06	15.65	3.26	61.39	24.70	29.80	39.00	450.00
10.7650	15.82	3.33	62.06	15.74	3.26	61.72	26.70	29.80	39.00	450.00
10.8206	15.82	3.33	62.06	15.74	3.26	61.72	26.70	31.80	41.00	460.00
10.8761	15.82	3.33	62.06	15.74	3.26	61.72	26.70	31.80	41.00	470.00
10.9317	15.82	3.33	62.06	15.74	3.30	61.72	24.70	31.80	41.00	480.00
10.9872	15.82	3.33	62.06	15.74	3.26	61.72	26.70	33.80	41.00	480.00
11.0428	15.82	3.33	62.06	15.74	3.30	61.72	26.70	33.80	41.00	490.00
11.0983	15.82	3.33	62.06	15.82	3.30	62.06	26.70	33.80	41.00	500.00
11.1542	15.82	3.33	62.06	15.82	3.30	62.06	26.70	33.80	41.00	500.00
11.2097	15.82	3.33	62.06	15.82	3.30	62.06	26.70	33.80	41.00	510.00
11.2653	15.82	3.33	62.06	15.82	3.30	62.06	26.70	33.80	43.00	520.00
11.3208	15.82	3.33	62.06	15.82	3.30	62.06	26.70	33.80	41.00	530.00
11.3764	15.82	3.33	62.06	15.82	3.34	62.06	26.70	33.80	39.00	540.00
11.4319	15.82	3.33	62.06	15.82	3.34	62.06	26.70	33.80	41.00	540.00
11.4875	15.82	3.33	62.06	15.82	3.34	62.06	26.70	33.80	41.00	550.00
11.5431	15.82	3.37	62.79	16.08	3.34	63.82	26.70	33.80	39.00	550.00
11.5986	15.82	3.33	62.06	16.00	3.34	62.74	26.70	33.80	41.00	560.00
11.6542	15.82	3.33	62.06	15.91	3.34	62.40	28.70	33.80	41.00	570.00
11.7097	15.82	3.33	62.06	16.08	3.34	63.07	26.70	33.80	41.00	570.00
11.7653	15.82	3.33	62.06	16.00	3.34	62.74	26.70	33.80	41.00	580.00
11.8211	15.82	3.33	62.06	15.82	3.34	62.06	26.70	35.80	41.00	580.00
11.8767	15.82	3.33	62.06	16.08	3.34	63.07	26.70	33.80	39.00	580.00
11.9322	15.82	3.33	62.06	15.82	3.34	62.06	28.70	35.80	41.00	590.00
11.9878	15.82	3.33	62.06	15.82	3.34	62.06	28.70	37.80	43.00	610.00
12.0433	15.82	3.33	62.06	15.91	3.34	62.40	28.70	35.80	41.00	620.00
12.0989	15.82	3.33	62.06	15.91	3.34	62.40	28.70	35.80	43.00	620.00
12.1544	15.82	3.29	61.33	15.82	3.34	61.33	28.70	37.80	43.00	620.00
12.2239	15.82	3.33	62.06	15.82	3.34	62.06	28.70	37.80	43.00	630.00
12.2933	15.82	3.29	61.33	15.82	3.30	61.33	28.70	39.80	45.00	630.00
12.3489	15.82	3.29	61.33	15.82	3.30	61.33	28.70	39.80	43.00	640.00
12.4044	15.82	3.29	61.33	15.82	3.30	61.33	30.70	39.80	43.00	650.00
12.4600	15.82	3.29	61.33	15.82	3.30	61.33	30.70	39.80	43.00	650.00
12.5158	15.82	3.29	61.33	15.82	3.30	61.33	30.70	41.80	43.00	650.00
12.5714	15.82	3.33	62.06	15.82	3.30	62.06	30.70	39.80	43.00	650.00
12.6269	15.82	3.33	62.06	15.82	3.34	62.06	30.70	37.80	43.00	650.00
12.6825	15.82	3.29	61.33	15.82	3.34	61.33	30.70	39.80	43.00	670.00
12.7381	15.82	3.29	61.33	15.82	3.30	61.33	30.70	39.80	43.00	670.00
12.7936	15.82	3.29	61.33	15.82	3.30	61.33	30.70	41.80	45.00	680.00
12.8492	15.82	3.33	62.06	15.91	3.34	62.40	30.70	39.80	43.00	690.00
12.9047	15.82	3.33	62.06	16.00	3.34	62.74	30.70	39.80	41.00	690.00
12.9603	15.82	3.33	62.06	15.91	3.34	62.40	30.70	39.80	43.00	690.00
13.0158	15.82	3.29	61.33	15.82	3.34	61.33	30.70	39.80	43.00	690.00
13.0714	15.82	3.33	62.06	15.82	3.34	62.06	30.70	39.80	43.00	690.00
13.1269	15.82	3.29	61.33	15.82	3.34	61.33	30.70	41.80	45.00	700.00
13.1828	15.82	3.29	61.33	15.82	3.34	61.33	30.70	39.80	43.00	700.00
13.2383	15.82	3.33	62.06	15.91	3.34	62.40	30.70	39.80	43.00	700.00
13.2939	15.82	3.29	61.33	15.82	3.34	61.33	30.70	41.80	43.00	710.00
13.3494	15.82	3.33	62.06	15.82	3.34	62.06	30.70	39.80	41.00	700.00
13.4050	15.82	3.29	61.33	15.82	3.30	61.33	30.70	41.80	45.00	720.00
13.4606	15.82	3.29	61.33	15.82	3.34	61.33	30.70	41.80	43.00	710.00
13.5161	15.82	3.29	61.33	15.82	3.30	61.33	30.70	41.80	45.00	710.00
13.5717	15.82	3.29	61.33	15.82	3.30	61.33	30.70	41.80	45.00	720.00
13.6272	15.82	3.33	62.06	15.91	3.34	62.40	30.70	39.80	43.00	710.00
13.6828	15.82	3.33	62.06	16.00	3.34	62.74	30.70	39.80	41.00	720.00
13.7383	15.82	3.29	61.33	15.82	3.30	61.33	30.70	41.80	43.00	720.00
13.7939	15.82	3.33	62.06	16.08	3.34	63.07	30.70	37.80	41.00	720.00
13.8497	15.82	3.29	61.33	15.82	3.34	61.33	30.70	39.80	43.00	730.00
13.9053	15.82	3.29	61.33	15.82	3.34	61.33	30.70	41.80	45.00	730.00
13.9608	15.82	3.29	61.33	15.82	3.34	61.33	30.70	41.80	45.00	730.00
14.0164	15.82	3.33	62.06	16.00	3.34	62.74	30.70	37.80	41.00	730.00
14.0719	15.82	3.33	62.06	16.00	3.34	62.74	30.70	39.80	43.00	730.00
14.1275	15.74	3.29	61.00	15.82	3.30	61.33	32.70	41.80	45.00	730.00
14.1831	15.82	3.29	61.33	15.82	3.30	61.33	30.70	41.80	45.00	730.00
14.2386	15.74	3.29	61.00	15.82	3.30	61.33	30.70	41.80	45.00	730.00
14.2942	15.74	3.26	60.27	15.82	3.30	60.60	32.70	43.80	47.00	740.00
14.3497	15.65	3.26	59.94	15.82	3.30	60.60	32.70	43.80	47.00	740.00
14.4053	15.65	3.26	59.94	15.82	3.30	60.60	32.70	43.80	47.00	730.00
14.4608	15.74	3.26	60.27	15.82	3.30	60.60	30.70	41.80	45.00	730.00
14.5167	15.74	3.26	60.27	15.82	3.30	60.60	30.70	39.80	45.00	730.00
14.5722	15.74	3.29	61.00	15.82	3.30	61.33	30.70	39.80	43.00	730.00
14.6278	15.74	3.26	60.27	15.82	3.34	60.60	30.70	39.80	45.00	730.00
14.6833	15.82	3.29	61.33	15.82	3.34	61.33	30.70	39.80	45.00	730.00
14.7389	15.74	3.29	61.00	15.82	3.34	61.33	30.70	39.80	45.00	720.00
14.7944	15.65	3.26	59.94	15.82	3.30	60.60	30.70	41.80	47.00	710.00
14.8500	15.82	3.33	62.06	16.08	3.38	63.07	30.70	37.80	41.00	720.00
14.9056	15.82	3.29	61.33	16.08	3.34	62.33	30.70	37.80	41.00	720.00
14.9611	15.82	3.29	61.33	15.82	3.34	61.33	30.70	39.80	45.00	730.00
15.0167	15.65	3.26	59.94	15.82	3.30	60.60	32.70	41.80	47.00	730.00
15.0722	15.74	3.29	61.00	15.82	3.30	61.33	30.70	41.80	45.00	710.00
15.1278	15.74	3.26	60.27	15.82	3.30	60.60	30.70	41.80	47.00	710.00
15.1836	15.82	3.29	61.33	15.82	3.34	61.33	30.70	39.80	45.00	720.00
15.2392	15.82	3.29	61.33	15.82	3.34	61.33	30.70	39.80	45.00	710.00
15.2947	15.82	3.33	62.06	16.08	3.34	63.07	30.70	37.80	41.00	710.00
15.3503	15.82	3.33	62.06	16.08	3.34	63.07	30.70	35.80	41.00	700.00
15.4058	15.82	3.33	62.06	16.00	3.34	62.74	30.70	37.80	43.00	700.00
15.4614	15.82	3.33	62.06	16.08	3.34	63.07	30.70	35.80	43.00	700.00
15.5169	15.82	3.29	61.33	15.82	3.30	61.33	30.70	37.80	45.00	690.00
15.5725	15.82	3.29	61.33	15.91	3.34	61.67	28.70	37.80	43.00	690.00
15.6281	15.82	3.29	61.33	15.82	3.34	61.33	30.70	37.80	43.00	690.00
15.6836	15.74	3.29	61.00	15.82	3.30	61.33	30.70	39.80	47.00	680.00
15.7392	15.74	3.29	61.00	15.82	3.30	61.33	30.70	39.80	45.00	690.00
15.7947	15.74	3.29	61.00	15.82	3.30	61.33	30.70	39.80	45.00	680.00
15.8506	15.82	3.29	61.33	15.82	3.30	61.33	30.70	37.80	45.00	670.00
15.9061	15.82	3.29	61.33	15.82	3.30	61.33	30.70	37.80	45.00	670.00
15.9617	15.82	3.29	61.33	15.82	3.30	61.33	30.70	37.80	45.00	670.00
16.0172	15.74	3.26	60.27	15.82	3.30	60.60	30.70	37.80	47.00	660.00
16.0728	15.74	3.29	61.00	15.82	3.30	61.33	30.70	37.80	45.00	660.00
16.1283	15.74	3.29	61.00	15.74	3.30	61.00	30.70	39.80	47.00	650.00
16.1839	15.74	3.29	61.00	15.74	3.26	61.00	30.70	39.80	47.00	650.00
16.2394	15.74	3.26	60.27	15.74	3.30	60.27	30.70	37.80	45.00	640.00
16.2950	15.65	3.26	59.94	15.74	3.26	60.27	32.70	39.80	47.00	640.00
16.3506	15.65	3.26	59.94	15.65	3.26	59.94	32.70	37.80	45.00	630.00
16.4061	15.74	3.29	61.00	15.74	3.30	61.00	30.70	37.80	45.00	630.00
16.4617	15.65	3.26	59.94	15.65	3.26	59.94	30.70	37.80	47.00	620.00
16.5175	15.74	3.26	60.27	15.65	3.26	59.94	30.70	37.80	45.00	610.00
16.5731	15.65	3.26	59.94	15.48	3.22	59.28	32.70	39.80	47.00	610.00
16.6286	15.65	3.26	59.94	15.48	3.22	59.28	32.70	39.80	47.00	600.00
16.6842	15.65	3.26	59.94	15.48	3.26	59.28	32.70	37.80	47.00	590.00
16.7397	15.65	3.26	59.94	15.48	3.22	59.28	32.70	37.80	45.00	590.00
16.7953	15.82	3.29	61.33	15.48	3.26	60.00	30.70	35.80	45.00	580.00
16.8508	15.82	3.29	61.33	15.48	3.22	60.00	30.70	35.80	45.00	570.00
16.9064	15.82	3.29	61.33	15.39	3.22	59.67	32.70	37.80	45.00	560.00
16.9619	15.82	3.29	61.33	15.39	3.22	59.67	30.70	35.80	45.00	560.00
17.0175	15.82	3.29	61.33	15.39	3.22	59.67	32.70	37.80	45.00	550.00
17.0731	15.82	3.29	61.33	15.31	3.18	59.33	32.70	37.80	45.00	550.00
17.1286	15.74	3.29	61.00	15.31	3.18	59.33	32.70	37.80	47.00	540.00
17.1844	15.65	3.26	59.94	15.14	3.18	57.97	32.70	37.80	47.00	530.00
17.2400	15.74	3.26	60.27	15.14	3.18	57.97	32.70	37.80	47.00	520.00
17.2956	15.74	3.29	61.00	15.14	3.15	58.67	30.70	35.80	45.00	520.00
17.3511	15.74	3.29	61.00	15.05	3.15	58.33	32.70	35.80	45.00	510.00
17.4067	15.74	3.26	60.27	14.96	3.11	57.31	32.70	37.80	47.00	510.00
17.4622	15.65	3.26	59.94	14.79	3.11	56.65	32.70	37.80	49.00	500.00
17.5178	15.65	3.26	59.94	14.79	3.07	56.65	32.70	35.80	47.00	490.00
17.5733	15.39	3.26	58.95	14.79	3.07	56.65	32.70	35.80	47.00	490.00
17.6289	15.74	3.29	61.00	14.71	3.03	57.00	30.70	33.80	45.00	480.00
17.6844	15.39	3.26	58.95	14.45	2.99	55.33	32.70	35.80	47.00	470.00
17.7400	15.65	3.26	59.94	14.45	2.99	55.33	32.70	35.80	47.00	460.00
17.7956	15.74	3.26	60.27	14.28	2.95	54.67	32.70	33.80	45.00	450.00
17.8514	15.74	3.29	61.00	14.10	2.91	54.67	30.70	33.80	43.00	450.00
17.9069	15.65	3.26	59.94	13.93	2.87	53.36	32.70	33.80	45.00	430.00
17.9625	15.65	3.26	59.94	13.67	2.84	52.37	32.70	33.80	45.00	430.00
18.0181	15.39	3.26	58.95	13.24	2.72	50.72	32.70	33.80	49.00	420.00
18.0736	15.39	3.26	58.95	12.90	2.68	49.40	32.70	33.80	47.00	410.00
18.1292	15.65	3.26	59.94	12.47	2.56	47.76	32.70	33.80	47.00	410.00
18.1847	15.74	3.29	61.00	12.04	2.49	46.67	30.70	33.80	43.00	400.00
18.2403	15.74	3.29	61.00	11.70	2.37	45.33	30.70	33.80	45.00	390.00
18.2958	15.74	3.29	61.00	11.09	2.25	43.00	30.70	31.80	43.00	370.00
18.3514	15.74	3.26	60.27	10.75	2.18	41.17	30.70	31.80	45.00	380.00
18.4069	15.74	3.26	60.27	10.49	2.14	40.18	30.70	31.80	43.00	370.00
18.4625	15.74	3.26	60.27	10.06	2.02	38.53	30.70	31.80	43.00	360.00
18.5183	15.74	3.26	60.27	9.46	1.90	36.23	30.70	31.80	43.00	350.00
18.5739	15.74	3.26	60.27	9.20	1.83	35.24	30.70	31.80	43.00	350.00
18.6294	15.65	3.26	59.94	8.77	1.75	33.59	30.70	29.80	43.00	350.00
18.6850	15.39	3.26	58.95	8.26	1.59	31.62	30.70	31.80	45.00	330.00
18.7406	15.39	3.22	58.24	7.83	1.55	29.61	30.70	29.80	43.00	330.00
18.7961	15.39	3.22	58.24	7.48	1.44	28.31	30.70	29.80	43.00	320.00
18.8517	15.39	3.22	58.24	6.97	1.36	26.36	30.70	29.80	43.00	310.00
18.9072	15.39	3.22	58.24	6.71	1.28	25.38	30.70	29.80	43.00	300.00
18.9628	14.02	2.90	47.86	6.28	1.17	21.44	30.70	29.80	43.00	300.00
19.0183	11.09	2.27	29.69	5.85	1.09	15.65	28.70	29.80	41.00	300.00
19.0739	8.51	1.69	16.89	5.33	1.01	10.58	28.70	29.80	41.00	300.00
19.1294	6.97	1.37	11.25	4.99	0.93	8.06	28.70	27.80	41.00	300.00
19.1853	5.68	1.10	7.33	4.56	0.85	5.89	28.70	27.80	41.00	290.00
19.2408	5.33	1.02	6.40	4.30	0.82	5.16	28.70	27.80	41.00	290.00
19.2964	5.16	0.94	5.71	3.96	0.74	4.38	28.70	27.80	41.00	280.00
19.3519	5.07	0.94	5.62	3.61	0.70	4.00	28.70	27.80	41.00	270.00
19.4075	5.25	0.98	6.05	3.44	0.62	3.97	28.70	27.80	41.00	260.00
19.4631	5.68	1.10	7.33	3.27	0.58	4.22	28.70	27.80	41.00	250.00
19.5186	5.76	1.10	7.44	3.01	0.54	3.89	26.70	27.80	41.00	240.00
19.5742	3.78	0.71	3.14	2.75	0.47	2.29	28.70	27.80	41.00	160.00
19.6297	2.84	0.43	1.44	2.58	0.47	1.31	26.70	25.80	37.00	60.00
19.6853	2.67	0.43	1.35	2.49	0.43	1.27	26.70	25.80	35.00	30.00
19.7408	2.84	0.47	1.57	2.49	0.43	1.38	26.70	25.80	31.00	30.00
19.7964	2.75	0.43	1.40	2.49	0.43	1.27	26.70	25.80	29.00	30.00
19.8522	2.75	0.43	1.40	2.41	0.43	1.22	26.70	25.80	29.00	30.00
19.9078	2.75	0.43	1.40	2.41	0.39	1.22	26.70	25.80	29.00	30.00
19.9633	2.67	0.43	1.35	2.41	0.39	1.22	26.70	25.80	29.00	30.00
20.0189	2.58	0.39	1.19	2.32	0.39	1.07	24.70	25.80	29.00	30.00
20.0744	2.58	0.39	1.19	2.32	0.39	1.07	26.70	25.80	29.00	30.00
20.1300	2.58	0.39	1.19	2.32	0.39	1.07	24.70	25.80	29.00	30.00
20.1856	2.49	0.39	1.15	2.24	0.39	1.03	24.70	25.80	29.00	20.00
20.2411	2.49	0.39	1.15	2.24	0.39	1.03	24.70	25.80	29.00	30.00
20.2967	2.49	0.39	1.15	2.15	0.35	0.99	24.70	25.80	29.00	30.00
20.3522	2.41	0.39	1.11	2.15	0.35	0.99	24.70	25.80	29.00	30.00
20.4078	2.41	0.35	1.00	2.06	0.35	0.86	24.70	25.80	29.00	20.00
20.4633	2.32	0.35	0.96	2.06	0.35	0.86	24.70	25.80	27.00	30.00
20.5192	2.24	0.35	0.93	1.98	0.31	0.82	24.70	25.80	29.00	20.00
20.5747	2.24	0.31	0.83	1.98	0.31	0.73	24.70	25.80	27.00	20.00
20.6303	2.24	0.31	0.83	1.89	0.31	0.70	24.70	25.80	27.00	20.00
20.6858	2.06	0.27	0.67	1.81	0.27	0.58	24.70	23.80	27.00	20.00
20.7414	2.06	0.27	0.67	1.81	0.27	0.58	24.70	23.80	27.00	20.00
20.7969	1.98	0.27	0.64	1.72	0.27	0.56	24.70	23.80	27.00	20.00
20.8525	1.89	0.27	0.61	1.72	0.27	0.56	24.70	23.80	27.00	20.00
20.9081	1.89	0.24	0.52	1.63	0.27	0.45	24.70	23.80	27.00	20.00
20.9636	1.72	0.24	0.48	1.55	0.23	0.43	24.70	23.80	27.00	20.00
21.0192	1.72	0.24	0.48	1.55	0.23	0.43	24.70	23.80	27.00	10.00
21.0747	1.63	0.24	0.45	1.46	0.23	0.40	24.70	23.80	27.00	10.00
21.1303	1.63	0.20	0.38	1.46	0.23	0.34	24.70	23.80	27.00	10.00
21.1861	1.55	0.20	0.36	1.38	0.19	0.32	24.70	23.80	27.00	10.00
21.2417	1.63	0.20	0.38	1.38	0.19	0.32	22.70	23.80	27.00	10.00
21.2972	1.55	0.20	0.36	1.20	0.19	0.28	24.70	23.80	25.00	10.00
21.3528	1.38	0.16	0.25	1.20	0.16	0.22	24.70	23.80	25.00	10.00
21.4083	1.38	0.16	0.25	1.20	0.16	0.22	22.70	21.80	25.00	10.00
21.4639	1.38	0.16	0.25	1.12	0.16	0.21	22.70	23.80	27.00	10.00
21.5194	1.29	0.16	0.24	1.03	0.16	0.19	22.70	23.80	25.00	10.00
